# OFFOEL
# duration (msec): 1000
# repetition number: 1
9100
13300
17000
21100
28100
33200
41600
50000
56700
62200
69300
78000
84200
90300
95800
107700
121500
132800
140200
148100
152800
161100
186900
202700
209100
218500
223200
230300
244900
262900
271900
281300
288100
302000
307200
338000
347500
354800
364800
371600
376500
389600
400200
406100
420700
430900
459000
465000
470100
478400
483900
491800
500900
508500
524200
532600
540300
551600
559000
568500
586400
594300
613700
618200
628500
634800
657400
672500
678700
686400
693500
708200
719200
743400
756700
772500
792700
798000
804400
815700
824700
839300
852000
860700
867300
884000
897000
903500
908600
926100
934500
940800
961100
971700
981500
1005500
1303400
1705000
# OFFOEL
# duration (msec): 1000
# repetition number: 2
9900
14600
21300
26600
30900
36000
41800
50100
62200
70800
76600
83400
89000
95500
106600
122100
137700
148300
158800
175800
187900
202000
213400
218000
222600
248300
261100
267200
278600
287700
301200
308400
318200
335900
346900
353200
364200
372000
387800
399300
405700
415200
421600
427700
432800
443900
454600
463200
470600
477200
483500
491200
499700
506500
523100
532400
552200
558200
563000
587300
595400
613200
618200
629800
636000
662100
675000
680400
687200
708000
719500
727000
733200
744200
757000
794000
803300
815600
824800
836900
851800
860000
868000
880300
896700
908300
920500
932400
939700
960900
968900
974800
982700
1005200
1658800
1678900
1772300
2085900
2145200
# OFFOEL
# duration (msec): 1000
# repetition number: 3
9400
13500
17400
26300
32400
41600
46500
51400
57100
63200
69300
84000
88600
95400
130800
137500
148200
156800
162900
187600
200900
210300
214900
219100
223300
229100
242300
248100
263100
272300
288700
303500
308200
315000
339600
347600
355100
364700
372100
377600
387100
399900
406100
415200
422400
430600
458800
465000
470500
482500
489400
499200
507100
516000
531700
540700
549400
555300
560200
566400
573100
586700
593000
599200
612900
618200
630700
636000
662700
672800
678100
684900
693400
709400
718500
726900
743400
757900
762900
780500
794400
804400
816100
824600
832400
838500
848000
859500
867400
877400
896300
906900
930700
938200
942700
962100
969600
981600
995000
1005900
1448300
# OFFOEL
# duration (msec): 1000
# repetition number: 4
7700
12400
17500
24000
29000
33700
39500
47900
52600
63300
70800
79900
85900
90200
94500
107700
112600
130800
139600
148400
156800
161900
175600
185600
204200
213200
219700
225600
231700
247100
258100
264700
273100
279300
289400
302400
308700
314100
337300
345100
355100
364800
371900
377500
389100
400200
405700
414600
421700
429000
434000
442900
463800
483300
499700
506300
524400
532700
546900
553300
559000
565600
586000
592100
608500
616400
624100
630900
639000
654200
665300
678300
685000
694300
708900
720000
731900
743600
753200
773600
794000
803400
816100
837600
851400
860800
868900
888000
897200
906500
927300
939300
944500
960900
970000
982700
992000
1005300
1129300
1147400
1307000
1479800
1535600
# OFFOEL
# duration (msec): 1000
# repetition number: 5
9200
14700
19600
26800
30900
40400
45500
52300
63100
70000
77200
83000
90500
96700
108200
120000
132100
138500
148800
158800
186700
191700
201900
213800
220500
226300
232600
246300
262600
272600
289400
302300
307900
314600
336900
345500
355300
365200
372000
376500
385400
392400
400400
406300
415600
422200
430700
439100
459600
465600
477600
483800
491900
499300
507500
519500
540800
550900
557100
561800
567400
587500
592500
599500
608600
615000
619700
630400
635300
640700
675700
683000
692100
699000
707900
717000
723500
733600
743600
761800
772400
779500
793900
802500
816100
836800
851500
861100
866700
872000
886300
897100
907400
923900
931700
941200
961400
968800
973800
982600
1004800
1239500
1279600
1349400
1791000
# OFFOEL
# duration (msec): 1000
# repetition number: 6
10100
16800
22600
27200
31800
39500
48600
54100
61500
69400
81000
85700
90000
95300
108400
120600
131700
138000
148400
160500
182600
188600
201600
213200
219600
229600
236100
241900
247300
265300
272700
289000
302900
309500
335400
341000
347000
355800
365100
372200
378200
390300
399700
405400
414500
421000
430300
443100
452500
463600
470600
482200
487400
498800
503400
517400
528600
550800
558200
562500
567700
588000
593500
603200
615200
619900
629300
634100
641800
657200
665000
674500
680600
686100
692800
708800
719200
726200
732400
743600
748300
763400
774800
793100
804300
816900
830900
840000
852000
860300
868000
873800
896500
906200
916300
931300
940700
961800
969000
975600
982200
1006000
1515200
# OFFOEL
# duration (msec): 1000
# repetition number: 7
9600
15600
20100
28000
33000
40100
49000
53900
64500
70800
78100
84200
92300
97700
106900
130900
139100
148300
156000
160900
176000
185000
190100
197500
206000
214000
220600
229400
234600
241900
258500
265100
271700
285400
303800
308900
314500
325500
339300
345900
352000
357100
364100
371200
375800
389400
399400
404400
416800
423200
430700
437600
445100
455400
461100
465900
472000
477500
483600
491500
501600
507500
530000
549400
555300
560600
567000
587200
594500
614900
620000
625700
631000
637500
655600
663700
674500
679000
685500
694200
706800
716300
721800
733900
744300
757800
763300
772600
793700
799400
804100
809300
816500
829700
839900
852200
860400
867400
875800
887000
897600
906800
922200
932100
939900
961300
967300
976800
982700
1006400
1671100
1840200
1926400
# OFFOEL
# duration (msec): 1000
# repetition number: 8
9500
13600
19500
27500
32300
42000
49800
55700
62900
69600
77400
83700
89300
96000
107400
121200
138600
145100
149800
160100
176200
185600
200900
205300
214200
220500
228600
239200
262200
272500
282600
289600
302300
308800
315600
333300
344900
350500
356100
363900
371800
377300
389200
400300
406400
415100
421900
430600
443200
460500
465900
471700
477900
484100
490400
506800
532500
542600
551600
557800
562600
567400
587100
592700
603000
615500
620500
630600
637400
662200
674700
685700
692700
707600
719300
725900
732600
743500
752400
762200
774800
793600
799500
805700
815600
826400
840400
852300
861200
869400
879300
897400
908000
923000
932700
941000
950100
959300
970300
977800
983100
1004800
1166300
1929400
1955000
# OFFOEL
# duration (msec): 1000
# repetition number: 9
9000
13100
17200
21000
27200
32100
41600
50800
56200
63500
71200
83500
88200
95700
109000
120700
131600
138800
148400
158900
175000
184400
190000
202500
211300
219800
224300
229700
237200
247500
257400
272400
288300
302100
308300
314400
330900
338000
348100
356700
365000
371900
376700
388900
400800
406200
421100
431100
443300
461500
466200
471500
478300
484300
491200
500000
507500
517300
533300
546700
552900
558700
563400
567900
582700
588500
593400
609700
615100
629800
635700
662700
672900
677800
685800
693600
708600
720100
727600
735500
744100
748600
763300
780900
793700
802700
809200
831200
839600
848600
859600
867700
877100
887200
896700
907200
916400
928000
933700
941200
947800
963000
970600
977900
984300
1001700
1007800
1437500
1559600
# OFFOEL
# duration (msec): 1000
# repetition number: 10
9100
14700
18700
23100
29100
40900
49900
55100
63600
70500
78100
86100
97400
108200
131300
147600
152000
159800
177500
187600
193400
203800
212600
218400
229900
253300
262800
273700
284200
290000
302100
307300
311900
346900
356900
365500
372400
379400
390600
400300
406100
421100
430600
451300
464100
471200
479600
484500
492100
499900
506300
517300
534000
551700
558000
563300
587300
592800
598600
614200
623500
630200
637400
655600
662700
673900
679000
686900
693200
698300
709500
718800
723800
743600
748900
757100
793400
797900
805700
812700
825500
847000
853500
860100
868600
897500
905100
909600
915800
933000
940800
945200
961500
969600
983000
1004800
1262900
1680400
1707900
# OFFOEL
# duration (msec): 1000
# repetition number: 11
9200
13300
19200
26600
33700
40100
45400
50500
55300
61400
65900
70800
82600
87900
96000
108900
132200
138500
148800
156000
174500
185700
190300
202900
208600
213700
219200
223700
228300
235000
246900
258500
264800
273200
280600
288200
302800
307600
313000
330900
338700
346300
355300
363500
371800
376300
388600
400100
405400
414600
422000
429700
438500
453900
459900
465200
479000
484400
492200
500000
506600
519300
534600
551100
559100
564200
587600
597400
612600
617800
629900
635800
662500
674900
681500
686200
693600
701300
710100
719000
725200
731700
742300
748900
758700
772700
781800
794000
800400
805000
816100
825900
837700
853700
861200
869000
877400
896500
907500
931700
938600
949900
963200
974700
981900
995000
1005500
1312900
1333200
1888900
# OFFOEL
# duration (msec): 1000
# repetition number: 12
9300
13800
19900
26800
32500
42400
49700
56500
62300
81000
88600
95800
108700
130900
138800
149300
155000
160300
177100
185700
190300
204300
210300
216400
221300
228100
239400
250600
258200
268900
273600
284800
304000
309600
315200
339300
346400
352100
358000
365600
371900
377600
388900
399700
406200
421000
430900
447500
460100
465100
470700
477700
483300
491100
501200
506300
522700
540300
551800
558400
564500
569400
586700
593800
613300
619900
632400
637300
663900
676500
681700
693400
708300
719500
727800
736900
744300
752900
761300
772800
793500
804000
815600
841500
852500
861000
868200
889800
896500
907200
920200
932300
941600
962300
970600
982400
994100
1005400
1056300
1569700
1793100
# OFFOEL
# duration (msec): 1000
# repetition number: 13
8800
13000
17500
22700
27400
31500
41000
49100
57500
63900
71000
82000
87400
93900
108500
132300
139500
148200
160400
175000
184100
189800
196100
202700
213300
219300
230800
246200
252900
263500
271400
287900
302100
308800
319400
339100
346100
350700
364800
371700
376300
389000
400700
407800
415500
421100
430000
460600
465200
471500
477400
483300
491500
500400
507000
520400
541100
551400
558800
566400
583500
593700
609200
616200
621000
629800
635300
662100
673100
678700
684900
693000
708400
719200
732100
742900
748000
755800
774500
792900
797400
805600
824000
839100
848500
860100
867700
873200
897100
906900
927300
940900
960800
965600
970300
976700
983000
1004900
1673900
1690900
1724900
1752400
1777600
1798000
1854600
# OFFOEL
# duration (msec): 1000
# repetition number: 14
9500
13800
17800
22500
30000
34500
41900
50900
55400
62500
70700
77300
83000
89000
95900
111600
121300
131200
148500
153000
159600
167900
184900
201000
213300
219200
239800
253400
263100
272500
288500
303800
309500
314900
330200
338500
346100
353000
364500
371700
377100
388600
399700
404700
408900
421400
431900
453400
463900
470200
476700
482800
490200
498100
506300
534900
547200
552600
558500
567000
582900
589300
600100
618100
630000
635700
656800
663700
677600
683000
692200
701000
711300
720000
735200
743800
749200
773500
793400
803400
816400
830700
840800
852600
862400
867900
896000
904700
909500
925300
940300
961600
968800
975500
983100
1006500
1472200
1517900
1664700
# OFFOEL
# duration (msec): 1000
# repetition number: 15
9600
13700
17900
27600
33800
40200
45700
51000
57200
63000
70100
77300
84800
90200
96000
108500
131700
140400
148200
153200
161300
173900
185900
192200
198800
210600
216500
221200
228500
240500
248000
264200
286100
291300
302800
308700
320700
340400
348400
364500
371900
376900
389300
400900
406000
417500
422500
430700
439300
452200
461200
466300
476400
482900
490900
500000
506300
523100
540000
554200
559200
566400
572700
588100
598500
609500
615500
629900
636200
664000
674500
678900
685100
693300
702300
719000
725200
730500
743900
748800
775500
793900
803400
816800
838200
851900
860200
867200
877800
906200
922900
933100
941200
961400
970300
976900
982600
992400
1005900
1456600
1499500
1525800
1583000
# OFFOEL
# duration (msec): 1000
# repetition number: 16
9400
16500
21800
28400
42100
48100
53100
58400
67700
78900
84600
89500
96000
106900
133000
139800
148700
156800
173800
187300
194700
202000
214200
220700
228900
245600
258000
272700
287500
302200
307800
317000
339300
355200
365200
372600
388800
395700
401500
406900
415500
421600
430800
444200
464100
471400
479200
484200
491800
507700
548100
553700
558800
566700
582500
588300
593800
598800
607900
614300
627900
634800
640800
662600
675800
680600
693400
707400
720400
731400
743200
747800
752700
763200
794700
804700
817400
831700
838600
846000
853500
860000
868300
896000
906600
930400
941600
962900
971500
982400
1005700
1566900
1585000
1596000
1626300
1646100
1846300
1976900
# OFFOEL
# duration (msec): 1000
# repetition number: 17
10000
14600
19200
27600
33400
41000
48200
53500
62400
70700
77300
83300
90400
95600
108100
115800
132400
141000
149300
155400
161000
177200
186500
192000
197500
204200
210800
218500
223400
231500
246400
259900
271200
288600
300900
306100
313200
318300
338500
347500
356700
364700
372100
377000
386400
391500
400500
407200
422100
430000
435400
441000
459100
464900
471700
478100
484300
491500
500100
507000
512400
532600
551200
557900
567500
586300
598500
609900
617000
629300
635300
648600
662200
676900
682600
691200
706600
720100
728800
744700
762500
775000
795100
803900
816600
841300
853300
860400
868700
894400
908300
929100
939300
945000
963000
970400
977600
984300
1007200
1263200
1496700
1508500
1684800
1713100
1725500
1921500
1985800
2215200
# OFFOEL
# duration (msec): 1000
# repetition number: 18
9700
16000
26900
32000
40000
45300
50800
56100
63600
70000
77000
84000
90200
95500
100800
106800
131400
139300
148900
157900
185800
191400
200900
207400
213500
218300
222600
232300
246900
252600
258700
264100
272800
287400
302600
308100
314000
331400
338100
346300
352300
357000
364400
372400
378300
388500
400200
404900
415000
422000
432500
442700
459700
465500
479100
484400
490600
499600
506300
531600
540200
551500
557300
561700
567000
584200
596200
613700
619300
631700
638400
656400
663600
672700
678900
686800
693400
715200
720900
729200
736400
744700
772700
794300
799000
805300
817300
824500
833400
839000
846800
853200
861000
868300
885900
895900
901700
908000
921800
932300
941900
961200
969900
976800
982600
1005900
1621700
1631600
# OFFOEL
# duration (msec): 1000
# repetition number: 19
9100
13500
18400
27400
32000
40000
48700
55700
62700
75300
85000
90000
95600
106500
131200
139200
148700
153500
183800
190100
198000
204000
211800
216800
221200
228800
240500
247800
258700
263500
272200
285100
290500
303600
308400
317200
339500
348300
356300
364200
372500
378300
390100
400200
406200
414500
421500
430500
438000
452900
464400
473200
483200
490000
499500
551400
558400
566300
587500
594100
599600
614300
619400
628800
635700
642200
655400
663100
675900
684800
694300
707400
719700
732100
743200
748500
757400
773300
789900
795200
802600
808700
816500
831100
839000
854200
862900
868800
885400
896700
906900
931900
940100
961500
971800
982100
1006000
1180000
1234500
1261100
1781500
1801500
# OFFOEL
# duration (msec): 1000
# repetition number: 20
9600
11800
13800
17600
21900
28400
33200
40700
46000
51600
56600
63400
71300
77400
83600
89000
96000
108300
122200
132100
141500
148700
153700
158200
186400
196000
202700
212700
221300
229500
237600
252500
259400
264100
272200
280100
288800
302400
308400
315400
320600
339700
346300
355300
364400
372000
376600
388500
398100
403400
414600
421700
430500
439900
459700
465200
477000
483200
490600
499400
523600
532500
552800
559100
565000
569800
586200
593800
599300
614100
618800
626000
632900
663400
676500
682100
687800
695400
708400
719500
726000
743000
747600
761000
774900
781000
794100
803600
816200
845600
852500
860800
868300
878100
884300
896600
906300
924700
933100
940700
946100
961900
969300
982300
1006200
1216500
1525900
1649300
1662400
1729500
# OFFOEL
# duration (msec): 1000
# repetition number: 21
9200
13700
17900
23100
28700
34000
40100
46200
51300
62900
71800
80400
86100
91500
96600
109500
122100
131700
149400
159700
174800
184100
201400
214200
219900
225500
246700
258000
263000
273600
289200
303400
314300
331800
340700
346300
355900
364500
371700
377000
386200
391500
400600
410500
417500
430800
440700
459800
465100
470900
476500
483700
490700
500600
506000
532400
541600
552100
558500
565600
586700
593400
599200
608500
615700
629500
636500
663300
673700
680800
686000
693300
701600
719000
726600
743400
747800
756800
767900
794700
807600
815700
830900
838600
852700
861000
867600
872800
896600
907200
915400
929200
939800
960500
965600
973800
984700
1007000
# OFFOEL
# duration (msec): 1000
# repetition number: 22
9500
14700
18800
23400
29000
40100
44700
49800
54800
60500
70200
79100
85100
90500
96200
109600
121900
132700
140100
148200
157800
174800
184900
191800
201500
206800
214400
220200
229100
236700
262000
270700
278500
288900
302400
307500
314500
338100
346000
351600
358300
364900
372900
389400
398100
402800
407500
415600
421600
431100
443600
458700
464300
470100
477100
483400
491400
505800
522100
531900
551500
559200
566900
582900
589100
598400
616000
629100
636500
648000
662700
670300
677300
684400
692600
708100
720100
726500
732600
743400
750400
763100
770200
794200
801300
806600
816100
827200
839300
856000
862200
869500
878400
896600
907600
921900
931600
940200
961200
971300
981800
994300
1005900
1022600
1078500
1347400
1736300
# OFFOEL
# duration (msec): 1000
# repetition number: 23
9400
14400
20000
28000
41000
49300
55100
63300
70100
78400
84200
91500
97700
108100
120300
134700
140700
148700
155500
161600
174100
185200
191600
202700
213200
218200
223000
230900
249100
260500
272400
289900
302200
307900
314500
334500
345200
355400
364600
372100
390000
400800
407900
420500
430700
440100
455300
464400
472300
478400
483800
492300
500400
517800
551500
558400
562900
568200
588000
593900
604200
615900
622600
632000
638200
662500
674500
680300
686600
694100
708200
719700
728000
734100
744100
751900
762000
794000
804100
809900
816800
831300
838400
852700
861200
868900
886000
896700
905700
914700
932500
941400
961700
970200
981300
999300
1006100
# OFFOEL
# duration (msec): 1000
# repetition number: 24
9800
15600
27400
32900
39700
44700
51200
57700
63800
70400
77800
83700
89700
95300
99700
131800
148800
157200
161800
181100
191400
201500
212800
218000
223400
246200
252500
266500
282900
289500
301100
306900
311500
316900
341100
348400
356200
364900
369900
375600
387900
393900
400300
410300
421900
431500
440500
459000
465200
472100
477600
483600
499000
505900
517100
532800
551700
558900
566300
572100
584200
589700
598000
610600
616200
622300
630400
636800
661900
671600
678200
685800
692700
709400
719100
726800
744100
756700
773700
789700
795700
805000
809500
816100
825500
839300
852100
860900
867900
874500
897800
905600
916200
933800
941700
962300
971300
982200
993400
1005900
1118800
1160900
1215400
1316600
2151700
2168800
2353300
2440400
# OFFOEL
# duration (msec): 1000
# repetition number: 25
9300
13800
18500
23800
28700
39600
49600
54800
66800
82600
88600
96300
107500
132400
148300
152700
163300
184400
202100
211800
216800
221900
232000
239800
258000
264400
272300
280300
288100
301100
308000
316200
340900
347200
355900
364900
371700
376800
389700
400300
407300
415400
422500
431300
439700
459300
466200
476800
484000
491200
499800
507000
517500
549200
557400
562300
567300
573300
583700
592600
598500
604600
616500
629600
635700
644900
662100
676200
685200
692600
707600
718600
727100
733400
744000
750500
759200
768900
794500
804100
826600
841200
854400
861500
868100
879100
893400
907200
924500
932300
941600
954900
962200
970200
976600
983200
1005700
1309100
1338500
1411600
1535900
1556500
1815200
# OFFOEL
# duration (msec): 1000
# repetition number: 26
9800
15100
19300
24700
30300
40400
47600
54200
63000
71300
82500
89200
96000
107200
113000
139400
148400
153100
159900
176200
187600
202900
212700
218600
224100
239600
247000
263600
273100
288300
302200
306800
311000
336500
341400
347900
355200
365400
371400
376700
388800
400400
406800
416900
423700
431600
438600
453100
459600
465800
476500
483300
487800
492900
500200
507400
538900
552100
558400
566900
586500
592400
603300
612400
618800
628300
636200
656700
663800
674300
679800
685500
694800
708700
718400
726600
744400
751600
761900
774200
794300
803400
815600
832400
839800
853300
867300
896600
906900
916400
932700
941600
961800
969700
977100
983000
1005900
1154700
1600500
1749500
1769400
# OFFOEL
# duration (msec): 1000
# repetition number: 27
9500
13700
18200
23400
28500
34100
41800
46700
51900
57500
63700
77200
83900
89500
97100
107900
131800
138300
149600
160400
176300
185300
191500
201200
210100
215500
221500
230200
238000
261700
276100
288100
302900
308700
315000
339400
347600
355100
366900
373400
378500
389400
400500
405100
414600
422900
431000
456200
463500
468900
477500
483200
491600
505500
524400
541200
552400
558200
567500
587700
600400
611400
617000
623400
632100
636900
662800
673600
680000
686300
691800
698000
719600
725600
743600
748200
761300
792200
798700
806300
815600
833100
840500
852900
860800
867800
887700
896900
904800
915400
922100
927600
932700
941000
949800
961300
970500
1005100
1266500
# OFFOEL
# duration (msec): 1000
# repetition number: 28
10000
14200
18100
26500
31900
37900
43000
47700
52500
62700
70300
84100
89000
95700
107100
112700
139400
148200
154100
160100
185900
191400
199700
205700
211400
217800
222800
230000
236100
247800
258600
266600
272100
288000
304200
309500
339600
346800
356700
365000
371700
377000
386000
400300
406800
416300
422600
430900
444600
461200
466300
472000
478000
484500
491200
501000
506300
516800
534200
551200
557900
562300
568700
583300
589900
595200
612800
619000
629400
634300
639100
662900
673800
679000
685800
692800
707600
714200
720200
726200
744200
750800
793900
798500
805500
816300
833100
838500
851600
861300
868400
882600
896700
906000
922200
928100
933500
940500
961600
969500
976100
983900
995300
1006200
# OFFOEL
# duration (msec): 1000
# repetition number: 29
9100
16000
22000
28600
33100
44500
49800
54600
59700
64400
74800
79900
86700
91400
97300
107700
120400
132900
140400
148800
160400
185100
202700
212400
217500
222200
229400
235300
247200
258100
265700
278100
289300
302300
308900
315200
331100
339500
346200
355600
365000
370900
376300
389400
398600
403300
414600
421900
431200
439000
447100
459800
465500
473100
480300
485000
491300
499100
517200
532600
546700
553500
559100
567000
586700
596800
603800
615700
626200
631000
637200
663100
676100
683000
694400
708800
719300
727300
743400
751800
761900
773200
794200
804700
811200
818200
826600
837900
852400
867800
874800
886300
897200
907400
928900
939800
960900
966100
973600
981600
993200
1006300
# OFFOEL
# duration (msec): 1000
# repetition number: 30
9400
13600
18100
27100
32000
40100
44700
51100
56300
63700
71700
84000
90800
96500
107800
131600
138700
147300
151900
161100
179300
187300
202400
214200
221300
232500
241600
247800
272300
279000
288100
304000
308700
314400
340600
347300
355100
369500
374400
388200
394200
400800
406200
421300
431100
452900
460200
465600
470100
477100
483800
491500
499600
505900
532800
551900
559200
566400
581900
588100
593700
598600
614800
621400
631200
635900
662000
667000
674800
680000
686400
693300
718900
726500
732300
743800
763000
773400
793800
803000
809700
817700
826900
838200
846600
853500
860900
868100
873000
897200
907700
932700
939200
944200
961600
970700
978400
1006200
1236200
1288700
1541700
1574900
1741500
1804600
# OFFOEL
# duration (msec): 1000
# repetition number: 31
9900
14800
20800
26700
32000
43600
52700
58100
63800
70700
84000
89100
96100
125100
132200
146900
151500
160600
174800
186700
202200
214300
220700
230100
248600
257800
264300
271400
283600
293300
304300
309800
340400
348600
357900
365100
371700
377300
388900
400600
407200
421900
432100
438300
452000
460300
466800
472700
482500
491200
500900
507200
532100
557500
562100
567700
574700
586200
594000
615200
621400
629600
635700
662300
675600
680300
686400
694600
707800
720100
732900
744100
751900
762500
773700
793200
803700
817300
837400
852500
860400
868300
886300
896900
906400
922800
932400
941800
949800
962500
969900
976700
991600
1006600
# OFFOEL
# duration (msec): 1000
# repetition number: 32
9700
13900
18000
22800
28900
33600
40200
45400
50500
62100
70200
82000
86600
91700
98200
108000
121500
132500
138600
147800
159200
185000
194200
201700
208100
214600
222700
233000
247000
257600
269800
287300
302400
308300
317000
330500
339000
346000
354900
365500
372400
385600
400300
406100
414200
422300
432400
444300
459900
465600
471100
483900
490300
500000
509000
541200
548700
557800
566300
582100
588300
597500
608700
615900
623100
631000
636600
657400
666400
675900
680700
686600
694100
708200
719000
726700
744000
751600
761200
774700
794100
799100
806400
816400
832000
840500
852000
857400
862900
869900
876500
886200
896100
907900
918100
927400
940100
962300
970700
978700
984400
1006100
# OFFOEL
# duration (msec): 1000
# repetition number: 33
9400
13700
17900
28300
39300
45500
52700
62900
72400
82900
88500
95900
109000
131200
140600
149200
153900
161600
184500
192700
202000
211400
219900
227200
249900
259000
274200
289100
302300
307900
315000
341900
347300
355300
365100
372400
383900
390300
400600
409600
415700
421700
427000
432100
439100
453800
462200
467700
482500
487400
493200
501000
509000
533200
548200
553900
559100
566800
588000
594500
614200
620100
629200
637200
657600
666000
673600
680600
692200
708600
715600
720900
731100
743700
751600
761600
773400
794200
798800
805500
817700
838800
852500
861600
869900
887700
899600
907900
916300
932800
940700
962200
975000
989100
1005600
1151000
1409000
1410000
1513000
1514100
1515200
1516300
1556500
# OFFOEL
# duration (msec): 1000
# repetition number: 34
8800
13800
20400
28900
33900
40300
48500
54900
62900
82900
88600
96200
112100
122700
133600
142000
148800
153600
159400
168900
176100
186100
194800
206300
213000
221000
228500
237100
247900
264600
273100
288200
303900
309300
316400
336100
346600
355700
364900
372800
400500
406800
420600
430400
438900
453300
460300
465600
476600
484100
492100
499800
506100
516100
532000
558000
563500
569200
586900
593700
613300
618300
629900
636900
656500
663400
675700
684800
696000
707500
720300
731200
743300
748800
757500
774000
793700
805400
818300
831400
839300
853300
861700
869500
883400
897000
922200
933100
940900
951000
963900
970600
977400
982700
1229500
1583900
# OFFOEL
# duration (msec): 1000
# repetition number: 35
9400
14000
20500
28300
32900
42400
51600
58800
63900
71000
83400
89400
95200
105900
112800
132700
142900
149100
155300
161500
176900
186300
194900
202300
208400
214300
219800
224300
229800
237200
248500
262400
269800
281700
289400
302200
308200
316000
339400
348300
355800
364900
370300
376200
389100
395100
401000
407500
415000
422700
431300
440000
451200
459500
465200
477900
483700
491400
500900
507200
539100
552100
559400
566400
583400
588700
594200
599600
613600
619100
628000
635900
655800
664500
675300
685700
696200
708000
725700
743400
748700
764100
775400
794300
800400
807000
817000
832900
841300
853400
861800
869500
885100
897000
907500
932300
939500
945000
961900
969300
976400
984100
995300
1005200
1117500
1273600
1472600
# OFFOEL
# duration (msec): 1000
# repetition number: 36
9600
14800
18900
24600
29100
33800
41900
51200
56400
64100
71500
82000
86900
91800
108100
131800
148600
159700
176700
186300
192100
202900
211800
217800
223500
231800
244200
257700
284100
303000
308200
315800
331300
340700
347000
356400
365700
372800
381900
389900
400500
406700
420600
431200
443000
450700
464200
471700
482900
493000
500200
506500
518500
531500
553600
559100
567000
582000
588200
617000
630500
637500
665000
677700
685000
692800
707200
719900
732900
743800
752200
762600
774300
786800
794800
802000
816100
841000
853600
862500
871100
887100
897500
931400
938400
944300
961600
971100
981100
1007000
1180200
1213900
1255100
1301600
# OFFOEL
# duration (msec): 1000
# repetition number: 37
300
9900
14200
18300
28300
33600
41200
50100
55600
63000
77900
84000
89500
93900
99200
129700
138700
149600
156600
175200
185600
203900
211400
216500
221100
230900
252700
260500
270900
280900
290300
302400
308200
337700
346300
357500
365200
371900
378000
389500
400800
406600
417100
422900
431900
439600
453300
465000
471700
477700
483900
491800
500100
509900
533700
540900
551300
558900
566500
584200
593300
598400
614700
619900
630400
635000
639800
656500
663600
672300
678900
686400
693800
708200
718700
729000
744200
749000
757500
775100
781800
794600
804100
816700
826300
833800
839500
853100
859900
870000
898400
906400
915800
933900
941000
960800
970300
976800
991800
1005500
1231200
1909200
# OFFOEL
# duration (msec): 1000
# repetition number: 38
9000
13200
17700
22400
28700
33900
40900
49000
53800
63900
72100
82200
88800
96600
106500
122300
131400
140600
149100
157500
174100
186200
193400
201400
209500
216300
222600
231300
240500
250500
263600
273100
285400
301200
307500
317600
338100
345500
350500
356500
364900
371700
377200
388900
396300
401600
407200
420600
429900
438600
453400
461700
466500
477700
483800
491900
499700
506500
517100
551300
558400
563000
572800
587100
593700
615100
620100
628600
635400
656400
665000
675100
681600
686400
693100
698500
709500
719800
726500
743400
748000
757200
775300
793500
798600
805700
816500
825100
833500
840800
853300
861600
867800
878600
888800
898700
906700
931000
941800
961300
972200
982000
1005600
1060800
1247700
1371900
1529900
1860600
1882900
# OFFOEL
# duration (msec): 1000
# repetition number: 39
9600
13800
18000
23000
29200
35700
40900
50700
57900
64400
78000
84100
89800
96400
107200
124300
133100
138500
148800
157300
162300
184900
198100
203700
210400
216500
221600
226900
243300
258400
267500
277600
289300
302200
307900
314200
335500
341400
349700
355500
364600
373200
378200
390400
400400
406700
415000
422000
430300
442200
460800
465700
472000
481700
489500
496300
501400
531400
540600
552100
558500
566800
574000
588700
597800
609700
616300
621500
630500
636800
657900
673600
680600
693300
708300
719000
726200
733600
744600
751000
758700
774300
779600
794000
805300
817200
826900
853100
861500
868800
878100
897200
907500
932600
941000
962500
971400
981100
1004400
1329500
1661000
1793100
1887100
# OFFOEL
# duration (msec): 1000
# repetition number: 40
9800
14200
18300
23800
28800
33200
42900
49300
56600
65100
70700
77000
84100
89400
96600
108300
133200
141600
149000
156200
161100
176300
184800
192100
204200
211900
217800
222200
230100
235600
258900
264900
272100
285600
293600
302300
307800
315900
323600
333300
340500
346800
352800
364200
371800
377300
389700
400700
406900
416100
422400
430500
453900
461100
467700
477500
483400
488700
494100
500600
511700
532700
550700
558300
563600
568500
586500
598300
611100
616800
630500
638100
653800
664800
675000
680200
687400
694200
708300
719100
726100
731900
744700
751200
759100
773200
793600
798800
805900
816500
833000
839700
846900
861700
868900
878600
896700
906400
932500
940600
962500
970700
981900
1005900
1373200
1519800
1569600
# OFFOEL
# duration (msec): 1000
# repetition number: 41
9900
14500
18600
27600
33500
41000
49000
55100
63500
72600
82200
88100
94400
109600
121600
132800
139500
148800
160500
174400
187700
202200
208600
216900
222100
227400
234600
248000
262600
272200
288900
303300
310000
341400
347800
355500
365200
372000
377500
390400
400000
406200
416000
430900
438600
445500
453500
463700
471000
483300
491900
499400
507800
533900
541100
551700
558800
566300
583500
588900
616900
625000
631200
636300
663800
672400
679300
685700
692900
708600
720100
730700
743800
764800
794300
800900
807000
818600
826400
832200
839000
852600
860600
868200
875900
886900
897000
904500
909200
927600
934200
939800
944500
961800
970600
981900
1001200
1009100
1405300
1444200
# OFFOEL
# duration (msec): 1000
# repetition number: 42
9600
14300
19400
27600
32700
39000
44700
54400
61700
66700
72000
80500
85200
90200
96200
106300
111000
131600
139800
149000
154400
160000
173500
185700
191600
198300
203900
210800
218500
223100
230900
257400
263900
271100
288500
301400
308600
315100
330900
341000
347500
355900
364900
372900
377900
388100
400100
405300
415200
422200
430900
459300
464800
476600
482600
487600
493100
501000
506700
533300
551100
558600
566600
575100
586200
593400
614100
618700
630200
635800
662500
673800
679000
685900
695600
708700
719400
729000
744000
750900
764000
773400
794800
804400
815900
826600
839800
853500
860800
868200
872900
878700
897500
907000
933400
941100
962400
971200
982000
990800
1005400
1619900
1675600
# OFFOEL
# duration (msec): 1000
# repetition number: 43
9800
17200
22300
28400
33200
40700
49300
62600
69400
77800
84500
95000
106700
111600
132200
142800
149000
153800
161200
184800
191000
203100
211900
218700
224000
230800
245600
259500
264700
272300
289600
302500
308400
316600
326200
338000
346800
357400
364900
372200
376900
385700
399800
404400
409300
421400
430500
439900
453700
460100
465200
473200
483000
492300
500300
506200
518400
532900
552200
558200
566600
588000
594300
609100
614600
619100
629500
636300
642700
662900
670200
677300
685700
693300
708700
715000
721600
727900
744000
750700
761700
780500
794400
804000
817600
831000
839600
853100
861700
867900
896000
906500
917900
927400
933300
940500
962000
967400
975700
983300
1006300
1114600
1625700
1702200
# OFFOEL
# duration (msec): 1000
# repetition number: 44
10000
14400
18500
25500
31900
40600
50400
62400
70700
83300
91200
109300
131500
139300
148300
153400
175000
186000
192500
201800
207700
214300
220200
231600
242800
263000
271900
279200
288200
302500
307600
314800
340600
347100
354600
364900
373300
379000
391100
401500
407100
415800
422200
430000
434800
459300
465500
473100
478400
483600
491100
498800
506800
533300
540600
545600
552000
559300
565500
586900
593600
602300
612000
617200
630000
636100
659500
665600
674900
679900
685600
693400
708300
719300
726400
733500
743600
748700
762500
772700
793600
803600
808700
817300
825700
833600
839500
851100
861000
867800
887400
897700
906700
932700
942100
962000
970000
977000
988500
1005900
1206800
1636500
1779300
2111200
# OFFOEL
# duration (msec): 1000
# repetition number: 45
9500
16900
28000
32800
40400
46200
52400
57400
62500
69500
78000
85400
90600
96500
108800
133200
139500
148600
156200
176200
188900
200900
207000
212900
218900
225000
234700
250400
271200
279300
288800
302400
308400
338900
348100
356400
365800
374000
389600
400300
407000
421400
431500
443500
459900
465000
477700
483800
490700
497200
502600
507600
518900
532200
541100
551700
558600
564000
568900
586400
592700
599600
613100
620100
630000
635300
662000
674800
685300
694100
706900
719700
725600
732900
743600
749500
773100
780000
794100
803100
813400
819200
838300
852700
860500
869000
878700
886800
898400
903600
908600
915100
933400
942200
961100
969400
976500
984600
1006600
1217900
1238000
1306600
1341900
1565400
1617700
1883500
1915200
1986400
# OFFOEL
# duration (msec): 1000
# repetition number: 46
6400
10800
15200
19800
27100
40000
49000
56600
63000
69400
75900
80900
87900
94600
105300
121300
132500
140600
149200
153900
161400
175700
188500
202100
213000
218500
222700
237100
244200
257800
278100
288400
302500
308200
330900
345600
354900
364700
371600
376600
388000
400600
405900
415200
420800
430100
442900
459200
464900
471000
477100
483100
491000
500200
506100
517700
540100
549200
557300
562500
569600
585900
592700
605100
616000
621400
635300
640500
656900
665700
676700
682800
693400
708400
719800
726200
743800
751400
773900
793400
798500
804100
816400
833200
852700
860400
867900
885100
896400
907500
931400
941100
961400
974400
982100
1004400
1073600
1103700
1357400
1626700
1984800
2048000
# OFFOEL
# duration (msec): 1000
# repetition number: 47
9600
13900
18400
27700
35300
41900
49400
54400
63600
70700
78500
84400
90200
97100
106900
121100
131800
139400
149100
156800
162300
174800
186800
203300
210400
215500
221500
229500
242900
261500
272600
288100
302500
308100
317000
329400
340500
346900
355800
364100
372500
388800
401300
407100
420700
430900
443500
459600
465000
471400
478600
484100
492100
501800
507400
534100
550300
557600
562400
568800
587800
594500
610100
616600
621500
630300
636900
655600
663800
674200
679300
685600
694000
700200
708800
717800
727900
744100
751400
761700
793700
798900
804800
817300
830200
841700
852700
860800
868900
896100
907800
932600
942100
961400
969300
981900
1006100
# OFFOEL
# duration (msec): 1000
# repetition number: 48
9000
15100
21200
28600
34200
41300
45700
50900
55500
60500
71900
84400
89800
96700
107000
112000
132000
138600
147900
155200
161500
175900
184500
192200
206300
212500
217200
221700
230600
240800
247400
258700
271600
289200
302100
307600
316200
336500
342500
349700
356300
365100
372900
377600
389200
399900
406000
419300
430400
442400
460300
465600
471900
478700
483600
490400
500700
507400
518200
532300
545200
557500
562000
567600
587000
594100
600300
614500
619400
631000
637000
663300
675000
680400
686500
693600
708700
719700
726700
744300
757100
773500
793900
805400
817100
837400
850000
861300
866300
871300
896000
907700
929200
940100
945300
961600
966900
976200
984000
1005600
1209200
1471000
# OFFOEL
# duration (msec): 1000
# repetition number: 49
9400
16200
27100
31700
35600
40300
51500
58900
64600
70700
79200
84300
89300
95100
108700
120900
132100
140100
147800
152400
157700
164500
176700
185200
190500
197900
204300
217000
221900
232900
247500
257200
271100
287400
302400
307700
312800
339000
345800
351500
358100
366000
372000
377100
399600
404700
414700
421400
431000
438600
459100
465000
471500
482600
492300
499000
522500
534100
545600
554800
560100
565900
586600
596300
609200
618600
623600
629900
635100
640000
663000
673700
679300
686100
694500
708300
721000
729000
734500
743600
762100
793900
798900
804900
816100
831000
839000
852300
861000
868900
877900
895900
904600
909600
931900
941400
962000
972900
982500
999700
1005600
1548800
# OFFOEL
# duration (msec): 1000
# repetition number: 50
9800
14500
18800
26700
31200
41500
49600
57900
63700
72800
79800
85300
90700
95700
120600
131800
138000
148700
157500
174300
187400
193800
204600
213700
221100
231600
246800
271800
288600
300500
307500
315900
330400
339700
346900
355700
365000
373000
378100
388900
400000
405400
421200
431400
443400
459000
464800
470100
478400
484300
491900
499700
509000
533000
553200
558900
565300
573300
586900
598000
610300
616700
630500
661500
670700
676300
681000
686300
693100
708200
718600
728000
743800
761600
769600
779900
794800
804400
816600
830000
839300
852500
861500
869200
896100
907000
915100
922200
930300
938700
951300
962500
969600
977700
983200
993900
1005700
1562200
1814000
# OFFOEL
# duration (msec): 1000
# repetition number: 51
9400
13600
18600
23800
29000
39500
44900
51500
55900
62600
70400
78800
83300
87600
92300
108700
122200
131900
140100
148400
153400
160700
184200
188900
200000
210900
217900
222600
231900
245700
261800
273000
284200
290200
303400
308400
319900
330800
341000
347500
356100
366000
372200
376800
388500
399600
404300
421000
430800
439400
453900
463600
469800
477400
483700
491800
499900
506800
524200
536300
550900
558400
566400
587500
597600
614200
619500
629400
636000
654900
662600
675700
685600
692700
707800
718800
723700
733600
743700
751000
762900
769800
780200
794000
799000
806300
818200
825200
839700
849500
860600
869800
885100
899100
907900
928300
936000
943000
961000
965600
971600
981500
1005800
1474800
1536800
1738400
# OFFOEL
# duration (msec): 1000
# repetition number: 52
9600
13900
18000
27600
34200
40900
50300
56700
62800
71100
79300
85100
90800
97300
108100
132600
140900
148700
154800
161000
175700
184400
189900
199900
206100
213900
219500
224000
230300
238400
264500
272400
288400
302800
309200
344200
349800
357400
365400
372600
377600
389600
400200
407800
416400
422400
431800
442300
460400
465700
478800
484600
491100
499600
507300
539400
552200
559000
565900
571100
586600
594000
609100
617100
629400
635200
664600
673000
678600
686300
692400
697100
707700
715600
720700
726200
734900
744500
756600
773900
794200
804200
816300
837800
853700
862300
869600
896500
906600
916300
928100
934000
941000
962000
970700
980300
993900
1005300
1010900
1024000
1366400
1755400
1816700
# OFFOEL
# duration (msec): 1000
# repetition number: 53
9100
13200
18200
22700
28200
39700
44900
50600
55200
64700
72700
79300
84800
95600
106600
122200
138200
148200
157400
173400
187700
204400
211500
216700
223300
232100
260600
274400
288400
302200
307200
312400
336400
343800
351100
357000
364500
371800
376400
390500
400100
405800
410200
421300
430100
443700
459500
466000
472300
477700
483500
490400
501800
508200
532300
541200
547900
553000
559200
564100
568500
586900
594700
609700
617000
629700
637700
663100
674600
679700
686200
693600
706900
719300
730800
743200
760400
779200
794000
799700
805600
825300
838300
852900
861100
867800
873000
896700
906100
921900
933400
942200
961700
971600
978400
1005300
# OFFOEL
# duration (msec): 1000
# repetition number: 54
9700
14200
21800
28200
33500
45600
50500
56100
63600
70300
81400
87300
93500
98400
108500
133600
140100
150600
155900
184100
191900
201400
207200
211700
219300
224300
231200
242800
257900
264400
273900
288400
301900
308200
314400
346500
355100
364500
372400
377700
385500
400000
407500
415000
421600
430900
439000
459400
465300
472500
483200
488300
499400
517000
532600
552600
558800
567000
584800
600300
609500
615100
620100
630000
636000
662500
674400
679700
686100
692800
701200
709800
720200
727100
736100
743900
751300
772800
794200
799700
805600
816300
825800
838400
849800
854700
860700
869000
886400
897300
908000
933400
940600
962100
969400
994400
1006500
1332200
1364100
1865900
2065300
2108800
# OFFOEL
# duration (msec): 1000
# repetition number: 55
9700
14300
19100
27000
31300
43700
50200
55600
63900
72200
84200
90300
102500
121200
133600
139300
149200
154200
160800
176700
188000
201300
207700
212800
217300
221500
229600
241100
252600
272600
282600
290100
301300
307400
315000
322500
339400
348400
356600
365400
372000
389400
394600
400900
406500
416000
421700
431800
443300
455400
465100
476500
483900
491400
500900
531800
553900
559500
567000
587100
593600
604500
615600
628900
636100
663500
675900
686300
695100
707900
720500
728700
742900
751200
760500
773100
781100
794800
804000
816900
832400
852800
861000
869100
875800
885500
897400
903900
933100
939000
944100
963600
970900
977600
984700
995500
1006100
# OFFOEL
# duration (msec): 1000
# repetition number: 56
9400
14000
19200
24100
29900
40600
49300
53900
59000
64800
70500
77900
85200
90700
96600
101800
131100
141400
149200
157600
174300
185100
190500
202900
212700
218600
223200
232400
247500
259000
278000
288300
301600
307300
314600
325900
337300
345700
356400
365200
372300
379300
388600
400300
405900
421400
431300
442600
459600
465800
471800
483700
490900
501300
526400
531900
540800
551800
558900
565900
587000
593100
602900
615300
630600
635500
658400
675800
680900
686800
693700
708000
720500
727800
735600
744000
752100
762300
772700
782600
794700
799900
805800
813800
827400
838200
852600
860400
870500
886100
897000
907600
916300
933700
941500
962200
970400
977700
983200
997700
1007600
1722500
# OFFOEL
# duration (msec): 1000
# repetition number: 57
9900
14800
19100
26900
33000
41000
50100
55100
63900
71100
83100
87900
92600
97900
108100
132400
142400
149100
158600
175100
187700
192800
198500
205200
214100
219000
223400
230900
248200
258900
272600
280200
301700
309000
315600
331300
340900
348200
355900
365000
372400
385600
395100
401200
407300
415100
421900
431500
444300
459000
464800
472800
482900
492500
497700
506800
534200
552300
558800
566600
582800
589800
599800
614600
619300
625600
634600
663400
674900
681200
686500
693700
703800
715900
721300
726200
732500
744000
753200
762800
773800
790700
796200
804600
818600
838700
854900
861600
868900
880300
897300
904200
932200
942300
962900
974300
982500
1006900
1168600
1353800
1421100
1481100
# OFFOEL
# duration (msec): 1000
# repetition number: 58
9500
14100
27800
33200
39400
50400
55700
63900
71200
78600
84500
89900
96700
107700
130800
138400
148600
155600
173200
185600
193600
199700
206600
212800
218200
223500
231400
241400
251600
262800
273900
285300
301900
307100
315800
339400
347700
357300
365200
371500
376300
388200
400600
405700
413200
421400
431000
438300
459200
464500
470800
478800
484500
491900
499300
506200
529800
541800
553800
559300
566500
583400
590400
598600
613100
620500
630500
637200
645200
664400
675100
680500
686200
693300
708400
719400
726400
731900
744000
751500
761500
773300
781100
790400
795600
804200
816400
845400
853400
861900
869700
877100
888100
897200
906900
927600
933500
941700
962300
971700
982400
1006000
1970200
# OFFOEL
# duration (msec): 1000
# repetition number: 59
9700
14100
18300
23400
28500
33200
41000
45700
51900
63100
70300
83200
89500
96200
107400
131300
139900
149100
156300
176000
188800
202500
212100
216800
222300
229600
260700
268100
273900
288900
302100
307200
316100
339600
346700
356400
364400
372000
388600
400800
406900
415800
422100
431300
439100
451900
460600
465900
472700
482900
491200
501200
509200
518800
534000
552300
558600
566800
583700
589500
614000
619000
625900
631100
637200
664500
674900
679900
685900
693200
699800
708700
719200
724900
733100
743700
748400
761700
773100
795100
803400
809000
831600
840800
852100
860300
868000
873800
896600
907000
916900
932200
939800
944900
962800
976000
982900
993200
1006200
1617800
# OFFOEL
# duration (msec): 1000
# repetition number: 60
9700
15700
22000
28400
34200
41700
48300
57700
64500
70100
77500
85700
92900
109900
132100
138900
149200
159800
175900
190200
203000
212200
217900
223100
230100
240300
247800
259700
271800
289500
302400
308100
315000
326100
339600
346600
356500
365100
372100
389600
400400
405600
415300
423300
430200
443000
460700
466200
483100
488100
492700
499600
506100
530500
539700
551900
558300
563300
568300
583700
588400
593800
611400
617600
629800
637000
662500
677300
684000
702400
708700
719200
726000
744300
751700
757800
772700
793300
798600
804800
820800
831000
840600
854200
860900
868500
885200
901400
909100
929000
933500
940100
962700
974200
982600
1005100
2125300
# OFFOEL
# duration (msec): 1000
# repetition number: 61
9200
13600
17600
27200
31500
39600
45000
51000
55700
62500
70800
81800
86500
91300
96800
108800
116300
131100
148700
158300
174800
184500
202800
211800
217100
222200
230000
240400
252700
262700
289100
302900
308100
314600
335000
345800
350800
357500
366000
372100
386000
392500
400100
405300
411600
421500
430800
438600
459500
464800
470300
483000
491200
500600
506500
533800
551600
559000
566800
588400
598300
608700
614500
619700
629800
637200
642200
662200
675500
680500
686600
693200
708400
719500
725800
744000
750400
762000
772800
793600
798100
805700
816100
830600
839500
847500
853800
861000
869800
896700
907200
923600
933600
939500
944500
960800
968600
975300
982000
1005800
1677100
1804900
# OFFOEL
# duration (msec): 1000
# repetition number: 62
9500
14200
18800
27300
33200
40600
49600
55600
61900
83200
90800
96300
107600
132000
139600
148900
158000
185900
191400
201300
212700
218600
223300
229300
251400
256100
264200
272000
284400
290000
301500
308700
322300
340600
346200
356000
365700
372300
377400
388300
401300
407000
415200
421800
433400
439500
448300
459200
465700
470700
479200
484600
492400
500100
507500
528300
552100
558800
567000
587200
595100
606200
615000
621200
630600
656900
663800
672900
678300
685500
693900
708000
720300
726400
734400
744000
750600
762600
779400
794200
804700
817000
826100
832500
840000
853000
861200
869000
876300
897200
907600
916800
931500
941100
960700
970900
982800
993600
1005000
1193100
1643400
1739900
# OFFOEL
# duration (msec): 1000
# repetition number: 63
9900
17000
22300
27900
33000
41800
49000
53800
62500
72900
78000
84800
91800
96800
108400
132800
147900
153000
160800
174700
185900
192600
204800
211700
216800
221800
229600
235600
247000
254400
262700
280700
290700
303400
309100
315500
326100
339600
344700
349400
358000
365500
372400
385500
393500
400000
406600
420900
430500
438700
460000
465400
477400
483700
491300
505700
534400
551700
558500
563800
569000
587200
595100
610000
616500
621200
629300
635600
661700
674900
679800
687500
694200
707400
715000
722000
732600
744400
750000
757100
779200
795500
804000
809500
816400
832200
840900
854500
861700
868400
890300
898600
907600
916600
928400
939300
944800
961900
970900
982000
989800
1005700
1313700
1741400
1762500
# OFFOEL
# duration (msec): 1000
# repetition number: 64
9200
14100
18300
23000
27900
33700
39800
44800
50200
54500
62400
70000
78700
85500
90400
95700
106100
124200
132100
138700
148900
153600
160500
175900
185000
202200
211000
216000
221000
226000
233300
242000
249300
258600
278600
288900
303200
308600
315100
339700
346900
356300
365300
372800
379700
388900
400200
407000
415900
422700
431100
438800
445000
460000
465800
471100
478100
484200
488700
500000
507500
532200
540600
551900
559100
566600
588300
594000
599400
604100
610900
616200
628800
635700
656400
674800
681400
686800
693300
708700
720000
726800
736900
744500
752100
761800
773300
794100
799500
816100
827200
840400
852700
861500
868600
884100
897100
907600
927900
934300
940900
945400
960600
970600
982000
1006100
1030800
1043400
# OFFOEL
# duration (msec): 1000
# repetition number: 65
9600
13900
18100
27900
41800
52200
63200
71300
77900
84300
89900
103700
108800
140500
147900
152700
158300
186200
201900
212200
219700
226000
231500
240700
247800
258500
264100
273700
289200
301800
308900
316000
340400
347000
356300
364700
371400
376900
387900
393100
400800
405800
410600
418700
423700
430400
438000
460900
466200
471500
480900
485800
495300
501600
508000
531800
552100
558500
565000
570400
586600
593100
599600
610100
618200
629900
635200
647500
662800
675100
680200
687700
693800
698900
708000
719500
726500
732900
744600
762000
777400
794300
803800
810900
818400
827500
838300
853100
861400
869900
886600
896800
906300
915800
932100
939300
945000
962400
969500
980700
1004800
1186600
1197400
1238800
1299000
1561200
# OFFOEL
# duration (msec): 1000
# repetition number: 66
9600
13800
18700
23200
28200
32400
41300
50100
55900
63900
77600
85900
92000
96800
107300
132800
140400
148900
156700
175300
188700
201400
213100
218200
222500
227000
234400
247000
265700
272400
279700
289500
302100
307700
313500
337300
343100
348600
355800
365400
372600
384800
391500
400800
406600
416000
423200
432200
439700
445900
459900
465400
472200
478700
484700
492100
500200
507700
524600
543100
550800
558200
562800
567800
588100
596100
604100
615100
621000
627100
634000
655300
665100
675100
679700
685600
691500
700800
708900
719000
726200
736400
744100
758300
773200
794600
799500
806100
817400
827100
837700
846200
853300
860800
866600
896600
906700
922600
932700
941800
961100
969700
978000
983800
1007100
1227200
1311400
1531500
2161100
# OFFOEL
# duration (msec): 1000
# repetition number: 67
9400
14500
18800
25200
29800
43100
49700
56700
63900
70400
77000
83500
90300
98200
110100
130900
139400
149000
159400
170300
184700
202500
209300
216000
222400
234100
242000
262700
272600
288200
302500
307700
314700
339100
346500
356000
364400
369500
374700
389500
395100
400600
406500
421500
428400
435400
441400
454300
460400
465800
471000
478400
485200
493500
500300
532800
557900
562300
567700
587200
594000
616400
621000
629700
636200
640800
658500
671800
679100
687300
694900
707700
719700
732000
744500
753300
773100
794300
804300
816400
825400
831400
838800
847100
860500
868800
897900
906300
916100
928700
940500
962600
973700
982200
1006600
1087300
1830700
1927000
# OFFOEL
# duration (msec): 1000
# repetition number: 68
9600
13800
18100
24000
31500
40500
51000
58500
64300
72200
83600
95600
109400
119800
132300
148200
152900
158200
174100
202000
215800
222600
246400
257600
263000
272600
279900
289800
303400
309400
339400
348000
355700
364800
372100
377800
393500
400500
406600
415500
422700
431300
442400
459600
466900
477500
483600
491800
500000
509900
533400
556700
561400
568000
587700
594900
609600
617000
630600
636500
659700
671700
678700
685600
697300
708400
719400
727000
732900
743800
749100
762600
780600
794400
805200
816800
824700
852300
859200
867500
884800
906700
919600
932900
940900
961400
970600
983600
1006200
1323800
1473800
1794800
# OFFOEL
# duration (msec): 1000
# repetition number: 69
9500
13900
18100
27500
34100
49200
54900
63900
76600
83600
88700
95900
107400
121600
137800
149000
155400
162400
187200
198100
204900
210600
216900
221900
234100
246200
258300
268600
278300
288700
303900
310200
316300
336200
341900
348500
355500
364400
372400
377400
386800
392400
400700
407100
415800
421900
431500
440600
459800
465600
471500
483900
491700
500200
507100
518700
533700
544400
555100
560400
567400
573100
587000
593900
614300
619000
632700
658200
676500
681300
686700
693500
709200
720200
726500
744200
750100
768900
793900
799400
804900
817500
830400
837900
844500
852700
860000
868500
875300
897100
907700
922800
931900
942000
962000
971000
976500
983200
993000
1007500
1506700
1720000
1845500
2185100
2214200
# OFFOEL
# duration (msec): 1000
# repetition number: 70
10000
14500
18900
25900
30800
41200
46900
52100
62300
68000
79000
85400
91400
96500
106000
114600
138000
148800
159700
175300
189000
195000
203700
211000
216600
221700
236600
248500
258300
266800
273900
283300
289800
303600
308400
314500
340500
346900
356900
366100
372800
378500
390600
400700
406300
415900
421700
430900
439500
459100
465600
474600
483500
488300
494200
500100
506600
517200
532800
547300
556300
560700
567400
587300
593800
598700
604200
614200
619000
630800
637400
656400
664000
677400
684700
691900
714900
719700
725200
744600
751600
762300
773800
793600
798100
805400
817100
825700
837900
852000
860600
868000
879300
898900
907900
918200
932200
939800
962300
969900
977100
982900
991700
1005000
1199100
1212400
1519800
# OFFOEL
# duration (msec): 1000
# repetition number: 71
9700
14200
18200
22700
27900
32600
42200
47600
53200
58300
63000
82700
89400
98000
108000
122000
132000
140400
149200
156700
176100
184500
192000
202400
212800
220600
225500
232500
247700
258800
271600
284500
289500
301400
308000
316000
330900
338800
346400
356200
365700
372200
376900
385200
391900
400700
405800
415400
421900
428200
444500
459800
465400
471000
476600
482800
491100
499400
506400
531600
547000
552400
559500
567000
588000
593800
615200
621700
629200
636600
646400
663500
672200
678400
686100
692900
709800
717200
723100
733900
744300
764900
773900
794300
804000
816100
825500
838700
845400
853100
861400
867700
872200
877500
896900
903100
908300
915700
932000
939200
944800
961800
970900
984200
1006700
1684000
# OFFOEL
# duration (msec): 1000
# repetition number: 72
10100
16900
22900
28000
32700
38500
43600
51700
56300
65500
71300
78000
85100
90700
96700
107700
121900
132200
149400
154100
160600
171500
184200
189300
200800
210900
216800
222400
229900
246300
258700
272900
287800
303000
309000
339300
346900
352300
364700
373300
385100
399800
404300
410200
421500
430200
443600
459400
465300
471300
477800
484800
491500
500100
507000
517200
535600
542600
552000
559400
567000
585300
592700
614500
619600
629800
636800
663000
673700
679300
685300
693900
703500
719600
727300
743500
748600
761900
774500
793800
798500
805400
811000
816700
826400
836700
852800
861500
869500
897400
905500
911600
930400
941200
961400
969000
977700
983600
1004800
1237400
# OFFOEL
# duration (msec): 1000
# repetition number: 73
9300
16300
24000
29800
34500
40500
49600
54700
62900
69800
83600
88400
95900
107300
131800
139600
148900
154300
161200
174400
184300
197200
213000
220900
231000
241600
250600
259100
265700
273700
289500
303600
308800
315200
330400
338100
347200
355700
365200
372000
377400
389700
400800
407100
422300
431700
440700
453800
460800
465500
470900
478400
484000
490700
500100
506900
532500
551500
557800
563100
568000
586400
593700
599100
610000
615600
621100
631100
636500
662100
674400
679500
685600
693800
708300
719300
726400
732900
743500
762400
773000
794400
799100
804300
815800
825200
832200
839100
853400
861600
867700
884700
897300
905700
924900
939300
961400
972400
982200
994300
1008900
1080400
1209800
1538300
1997300
2046700
2099100
2278100
# OFFOEL
# duration (msec): 1000
# repetition number: 74
9500
14200
18500
27600
32400
40500
48900
54800
63000
68000
72600
80200
86300
91000
96900
108700
120900
132500
139500
149400
188400
203200
213700
219400
226200
247000
258300
264100
274100
289300
302000
308600
316500
330800
339400
348300
356100
365800
372700
377700
388000
401000
406900
421300
431300
444800
460400
465900
479200
484300
492600
499500
506700
534200
540800
550900
557700
562200
567500
573300
587700
596100
604600
615500
622100
630100
636000
650300
657100
664700
674100
680000
685900
692800
710100
719300
727700
733900
743700
751100
763700
794200
801300
807700
819200
826600
838500
848900
855100
861900
868700
875000
886300
907800
932800
942700
961800
983100
1005400
1021600
1480400
1489700
1531600
1601000
1731400
1741000
2076900
2101000
2413700
2439200
# OFFOEL
# duration (msec): 1000
# repetition number: 75
9400
13600
17500
22100
28900
33500
40500
50300
55700
62200
70300
79900
85400
90800
96700
108100
132200
139300
148300
159200
173500
186300
192400
203100
211000
217400
222500
230800
240800
246900
264200
272800
289300
302500
308100
314300
331500
340200
347400
356000
366100
372200
377400
395600
401800
407700
415200
421700
431500
441800
452600
459900
465200
478800
484200
492800
499000
507000
538800
550600
558200
566100
587100
596600
602900
612500
618900
630100
635400
673100
678200
685600
693000
708000
719300
726600
733800
744300
751700
761900
773100
780200
793900
798700
805400
811200
830500
839200
852800
861000
869400
888200
897400
906700
918200
931500
940200
950600
962300
972500
982700
1006000
1725700
# OFFOEL
# duration (msec): 1000
# repetition number: 76
9700
14000
18100
27300
32900
39600
50600
56100
63400
71400
80000
84800
90800
97700
106700
122500
140400
149800
157700
162600
184900
191700
202000
216700
222300
229800
244800
272800
285500
290100
301600
308200
314800
331100
340200
347100
353200
358600
365200
371900
378700
400800
406800
415700
421700
427600
433500
453000
460600
465600
471700
478900
484500
491800
500200
507400
532600
552700
559000
563500
567700
587000
597300
613500
619100
630500
636700
642000
657300
663700
676100
681100
686700
694600
708900
718700
724700
729400
735300
744300
751900
774800
794800
801500
808200
816300
832200
849900
854900
861700
869200
885500
895900
906500
932200
942200
961900
973800
982100
1006500
1420400
1524200
# OFFOEL
# duration (msec): 1000
# repetition number: 77
9400
13900
18200
28000
40200
49000
55400
64400
76600
84300
91000
96900
108900
123100
132100
139000
144200
149600
159500
173800
186100
199000
205400
213800
220700
233800
248800
258800
273200
279900
289700
301900
308300
332800
340200
348400
356400
365500
373000
391100
401400
406400
421200
431000
442000
458500
465100
470300
477300
483400
490900
500700
532200
553300
559200
568200
587000
598500
608600
615400
621500
628400
634200
660000
665200
673000
678900
686400
709400
719500
730700
744500
750100
774700
790800
795500
804700
810300
818100
831600
838900
847200
853900
860500
868400
878400
897000
904800
910400
927600
938800
943900
962200
971700
982000
1006100
1094400
# OFFOEL
# duration (msec): 1000
# repetition number: 78
9600
13700
17600
27500
31800
40600
46400
54700
63000
70900
81800
86500
94500
107400
131500
138700
149000
156300
162200
182800
187900
198400
214800
220900
229900
241500
254300
262800
273400
283600
289200
303000
309300
340000
347300
356500
365500
371400
375900
392600
400800
406100
422600
432100
443700
455700
464600
471100
481900
486700
496700
506000
531100
551900
557400
562000
567100
587400
592000
598800
614200
619600
629100
635400
654000
663500
672600
679200
686200
694700
718700
731300
744500
762100
774900
793700
799800
806000
816200
829300
840200
853100
861300
866300
871900
897200
907500
931200
938500
943900
961500
970700
978000
1005500
1485000
2041800
# OFFOEL
# duration (msec): 1000
# repetition number: 79
10200
15200
19700
23900
28900
33300
41000
46000
50600
55500
63400
70900
83400
88500
96400
107800
131700
138500
148800
156100
174900
190300
202500
213200
221200
231900
242200
248900
263000
288800
303200
308300
314300
330100
347600
356500
365800
372100
377100
388100
392900
400000
407000
416200
422200
431000
438800
459800
465100
471000
482900
490700
500200
507400
524200
540100
550700
557600
562600
568100
587800
595800
604700
618300
629700
637300
657100
665000
675000
680400
686700
692700
708000
721600
727900
744200
756600
762800
773600
795900
800800
807100
816000
826100
834000
839700
852600
861200
868700
886500
896700
906400
924200
933600
942000
963900
970100
975800
982000
990400
1007300
1116000
1329600
1408700
1661700
# OFFOEL
# duration (msec): 1000
# repetition number: 80
9400
13700
17900
27400
31800
40700
49200
55400
64200
71300
78000
84400
90500
95700
110600
132100
148600
158400
173000
189800
201000
213600
220600
229800
239700
249300
258500
264100
271800
283400
290200
301800
308800
316800
339500
348600
357900
365400
372800
377600
390300
399700
407000
416000
422800
431400
440800
453600
459600
465400
471400
477500
483700
489400
500700
508400
532300
547300
552900
559400
566800
588600
595900
600900
614200
620400
630900
636000
663200
672800
677800
685900
693100
698500
718200
722900
730800
744800
757300
794600
805000
818000
826500
833600
845200
852500
860900
870100
895700
906200
923700
932100
938600
943900
962900
969600
976400
982400
1006200
1669000
# OFFOEL
# duration (msec): 1000
# repetition number: 81
9600
14200
18800
27400
32400
41100
46600
54700
63200
82600
87700
95500
108100
131000
135900
140100
149400
159200
184900
195100
203800
216300
223200
229900
235200
243000
250300
259200
272700
288400
303900
310100
339800
347200
355600
365100
372100
377800
389000
399900
406200
417500
423200
431300
439200
464100
469900
479300
485100
490700
500500
507100
522600
533000
540500
551800
557900
562900
568100
578100
588700
604000
615600
627400
635000
659700
675500
680400
685700
694900
708100
719800
726700
732500
743700
748600
756200
763000
774300
780600
794200
804500
810900
826500
838700
853200
863300
869600
896700
907200
922800
932400
938600
946400
962800
973100
981500
989600
1006500
1216100
1311100
1336500
1434900
1467700
# OFFOEL
# duration (msec): 1000
# repetition number: 82
700
10000
17200
23600
28200
32600
41700
50300
55200
59700
70500
80800
87300
92800
98400
121500
133500
139900
148800
153500
160600
185600
192500
204200
212200
218100
222800
229700
242100
256600
272800
289600
303400
308200
315000
333800
340000
348200
357200
365400
371600
377400
388300
400600
408800
421200
431600
454600
461200
465800
476200
482900
489200
499000
507100
517500
532100
541700
547600
554400
560300
567500
587600
598000
614600
619600
630500
637400
657900
665200
674500
679600
685800
692900
709100
718900
732200
743900
750800
757800
763100
774000
794500
803800
816000
825000
831600
838900
852200
859900
869100
887000
897500
906200
927800
933300
942100
960900
973900
981200
990000
1005300
# OFFOEL
# duration (msec): 1000
# repetition number: 83
9600
14700
23200
29400
34300
40400
49200
55800
62300
71100
76000
82800
89100
96600
108200
132500
139200
148600
155100
161000
176700
185800
193100
201300
212800
219700
224700
233100
248500
263000
288700
302900
313700
332300
339700
349800
356500
365000
369900
374400
387100
393100
399900
405400
417100
423400
431000
453400
461600
467500
477700
483400
491300
499900
508400
532500
547700
552900
559300
564600
572200
582600
588100
598200
607700
614700
619400
626300
635100
662300
673200
681300
686800
692800
707600
715000
720800
728200
743500
748400
758700
793700
800000
805500
825500
838800
855000
861700
870500
888400
897100
906300
921400
932500
942100
961900
971100
976400
983100
1005800
1566700
2137400
2450000
2466600
# OFFOEL
# duration (msec): 1000
# repetition number: 84
9600
15400
21400
28000
39600
50800
59200
65300
72600
79700
84700
93500
107100
132400
140400
148600
153300
160500
174100
184700
192300
205000
212300
217800
222900
229900
236900
247100
258100
264700
273400
288500
302800
308200
316300
330500
340900
349200
356600
366300
373200
388800
399900
408000
421200
431400
452300
460500
465600
472200
483100
488100
493000
500500
533500
552000
559300
566900
588600
599000
613400
618300
631700
636800
658900
674600
680000
686000
693200
707200
720000
726500
733800
743400
758700
773700
794300
800200
806300
816700
839300
853000
861100
868200
897200
908400
933100
940700
962300
973600
990700
1005900
1639400
1736100
1767000
1816000
1855800
1861400
# OFFOEL
# duration (msec): 1000
# repetition number: 85
9300
15500
20200
28700
43800
50000
55700
62700
69200
82800
88800
98500
107200
132400
139800
148900
153400
162400
177600
186400
199600
214700
219800
224400
233100
247500
261700
271300
285100
290600
302800
309100
314900
321700
331500
342800
349200
356300
364700
371400
376700
391300
400300
406500
415500
422500
431000
443500
459000
464500
470000
476400
483500
492800
500900
507400
523700
540200
550600
559700
567100
587400
593400
600200
616100
620500
629300
637700
662800
674000
679800
686400
693700
710000
719400
726500
733100
743700
751200
762300
772800
794900
804400
831500
846800
860300
868900
884200
902900
908900
931500
940700
945800
962900
972900
978900
994700
1007500
1265800
1324800
1351100
1590300
# OFFOEL
# duration (msec): 1000
# repetition number: 86
9200
13500
17800
27900
33100
40600
46800
52300
59000
64900
71500
83700
89800
95400
108600
131200
141000
148300
153300
161500
172600
206500
211800
216000
221200
230000
237300
247500
258500
273300
288900
296200
304800
309800
331500
347800
356800
365300
374100
389200
399800
406400
415400
422000
430600
459200
464700
471600
477900
484300
493100
500300
507900
533600
551800
558000
563200
568200
586500
598900
613700
619100
630500
637000
657000
673700
680300
686900
694100
708600
719700
726700
732400
743900
751300
761600
778600
794600
803900
816000
837500
853500
861100
868600
897300
907200
916700
927900
938800
943900
961000
973900
980700
989000
1003700
# OFFOEL
# duration (msec): 1000
# repetition number: 87
9400
13900
18000
24500
29000
40400
49900
54500
62600
71100
83100
92300
97000
107400
138500
148300
153000
161400
183900
191300
202800
208100
213500
219000
230700
240600
247900
253900
263400
273100
288900
302100
308700
315300
339100
348000
357000
365600
372500
377400
390100
401000
406100
415800
423000
430800
452700
459900
465000
471700
478800
484000
491100
500600
534800
547300
557600
562100
568000
587900
601600
615600
620100
630800
636400
664300
677300
682600
687700
694700
710400
721000
732600
744800
774500
794000
799200
807700
818700
839700
853800
860900
868600
878600
896400
907300
922700
932800
941700
962300
970100
976200
995100
1006200
1179300
# OFFOEL
# duration (msec): 1000
# repetition number: 88
9400
13900
18400
24100
28700
35300
45600
50400
54700
63300
70500
83700
88700
95900
110400
135200
148100
153400
160900
174200
185600
195600
206600
212800
218700
224100
234500
246500
262300
282400
293900
303200
309300
315300
339200
347000
355400
364500
372900
388400
401300
407000
415400
422000
431200
442500
464000
471700
482600
491400
500300
506700
518400
532500
548100
552900
558800
564100
568500
588600
593600
601300
610000
615600
620400
630100
637200
661700
673600
679900
685900
692900
707600
719800
726900
733100
745100
752800
759500
794500
803900
818100
826800
839900
855600
862200
869600
878400
907700
933100
941100
950800
964900
972300
981600
1006100
1266300
1349100
1428500
1708400
1774900
# OFFOEL
# duration (msec): 1000
# repetition number: 89
10000
14300
18400
23700
29100
33900
42300
49300
54400
64600
71800
83700
89400
96300
109500
120500
132300
138900
149500
157100
183900
201500
212900
219400
224900
238700
246900
259000
266500
273500
288300
301200
307700
314500
332600
340100
346900
355000
365200
372900
377300
390400
400000
406500
421200
431000
459700
465400
466400
477600
483200
491600
500200
517500
540800
550700
558100
566100
583300
589100
596200
609900
615200
619700
632100
638800
656400
665600
675700
685600
693900
701700
709800
720300
730800
737900
745200
758100
764200
794200
805600
818600
839100
852400
861300
868800
899700
904700
909500
926900
938000
944700
962600
968200
982000
1001900
1007900
1355600
1489800
1691800
# OFFOEL
# duration (msec): 1000
# repetition number: 90
9600
14200
18300
22500
28900
34600
41300
46500
52100
63700
70700
83000
88900
95500
109100
132800
138900
149200
156200
187000
201800
212300
218800
224000
235400
242700
251700
260500
266200
273100
289900
303100
308500
314800
327200
338400
346300
356600
364900
372700
385800
392100
401200
406900
416400
422100
442300
460100
465100
476500
483100
491100
500300
506500
530900
551100
557800
563500
569600
588200
596500
614900
620700
626900
636600
663900
675000
680500
686000
695800
707400
720100
728100
743200
749300
758000
794200
804800
816800
827500
839200
853100
860500
868900
888600
896900
907300
922700
933100
939600
961600
966900
971500
981600
1006900
1109500
# OFFOEL
# duration (msec): 1000
# repetition number: 91
9600
13900
18000
25100
30100
35500
41100
46200
52700
63200
74600
85000
90300
96400
109800
123200
132300
141600
149200
158100
187300
204400
214700
220900
229900
241200
252100
259300
266500
272700
289400
302300
308000
314800
337700
346600
354700
366200
374300
390300
400000
404500
416100
423000
432200
452500
463400
471700
479100
484000
491200
499600
510100
532300
547100
554000
559100
566700
587300
592700
599100
610400
617900
632300
639000
663900
673000
678700
686100
695900
708900
720000
727700
735200
743600
748400
757100
764400
779300
794300
805700
816500
831200
844600
853300
864400
870700
879800
897700
908000
932000
939200
961700
971100
976600
994700
1006500
1112300
1596700
1631500
1642400
1713900
# OFFOEL
# duration (msec): 1000
# repetition number: 92
9800
13900
18300
23100
28900
35600
41300
49700
55300
63200
71200
79100
85900
90900
96800
108900
124700
138200
148800
156100
177500
187500
192600
203400
215600
221700
234300
258200
263600
272600
282800
289300
302900
308900
316000
340300
346400
355800
365500
373000
385100
391900
400400
408600
421400
431700
438300
454900
460700
465900
476600
483200
491700
499900
507000
532000
541200
552000
558700
564600
570100
583900
590100
609800
616900
630100
637100
662500
673300
678000
684600
694300
720500
727600
733700
744000
751600
761900
785100
794700
803100
810500
818200
826800
838400
853900
861300
868800
877900
896800
907500
923200
931800
941200
961800
973000
983100
1006100
1509400
1720000
# OFFOEL
# duration (msec): 1000
# repetition number: 93
9600
15100
19600
25100
30500
41200
50300
54900
62100
68500
81400
85700
91100
97800
108300
131800
141300
148800
157100
177800
188100
200400
210200
216300
221400
232900
250100
263100
271800
282900
290500
303600
314000
332000
340500
347400
356800
364900
373000
378600
388300
400400
405900
416200
422200
431100
453100
459500
465000
477600
484000
490800
499000
506200
519100
532400
542000
553000
559200
567000
586100
592500
610800
617300
622500
632100
637600
654400
663200
673900
679000
686100
692800
702600
719200
726700
732400
744000
752200
762800
777600
794800
804600
816200
839500
853000
861900
870400
886100
896700
907300
917000
931800
941800
960800
971700
982100
990600
1007300
1540000
1852900
1959900
2035600
# OFFOEL
# duration (msec): 1000
# repetition number: 94
9600
15700
21900
28900
34700
40000
48900
55600
64100
71800
77900
83600
89000
94900
108700
138700
148900
157200
162300
187300
193400
202600
212600
218100
223300
231000
242800
258700
267000
273100
288700
302900
309300
315200
336800
346300
355900
365500
372900
386200
391800
401000
408700
416900
423100
430900
442500
454500
463200
467800
472700
483500
491600
500200
512500
540100
554300
560700
568000
581300
588000
593400
610200
616000
629700
636900
663000
678800
686200
693400
708300
719300
727600
735200
744300
751900
759300
773800
794400
803900
815800
826100
838100
846800
853100
860900
868900
897200
906300
929300
942000
961700
970900
982400
991700
1005500
1200400
1493700
1711900
1825800
1938100
2104200
# OFFOEL
# duration (msec): 1000
# repetition number: 95
9700
15200
22600
28100
33300
44400
50100
63100
70400
78700
85000
90400
98300
107000
132900
140500
149000
161000
185500
202300
211700
218100
222700
232500
246900
263300
279100
288800
302500
313200
337700
346800
357000
366500
372400
377400
389800
400300
405500
415400
422500
431400
444000
459900
465300
471600
482700
492500
500100
507800
517700
547400
553900
559600
566900
583400
589000
600000
614700
619700
630800
637000
664800
674100
680800
686400
693300
708700
720700
727300
733300
743600
762100
769800
791000
795800
805800
816500
831500
839000
853000
860900
868100
873600
895900
906700
921300
933200
941500
960300
965000
974700
985800
995800
1008700
1357300
1391400
1559200
2005200
# OFFOEL
# duration (msec): 1000
# repetition number: 96
10000
16700
27800
33400
43500
50800
56300
62700
70200
80800
88400
96500
107300
131900
138800
146800
151700
161700
185900
203600
211100
216700
221800
230600
237500
248700
257800
264300
285500
291100
303600
308900
339400
349900
356100
365300
371400
376500
390800
400100
409200
421900
431000
448600
461200
466500
478400
484000
492000
500500
507900
535000
541500
551300
558900
567000
582500
590400
596200
609200
617600
624200
630700
636900
643700
664400
676600
684700
694700
702500
708800
717200
724500
732200
744900
751300
762600
794300
802900
809300
817500
825500
838400
852100
860700
870200
888200
897600
904800
928700
936800
942600
961000
970400
981100
1001800
1273500
1494300
# OFFOEL
# duration (msec): 1000
# repetition number: 97
9900
14400
19600
28100
33900
42800
48700
53800
58900
64300
70300
77500
85200
90900
98300
108600
131900
139800
149100
156800
174300
187300
194600
204200
212100
217100
222200
231300
236700
246800
259500
272500
279900
289400
302200
308200
341400
349000
356400
364800
373400
384200
391900
400900
406100
420500
430200
439200
447000
460800
465800
471300
482700
489700
495100
501100
507200
540100
547100
558000
562700
567700
587000
593200
599600
614600
620500
630800
636800
653200
662300
675800
681500
686600
695000
700900
709100
720200
729300
744400
751700
763300
772700
794800
805400
816600
831300
838900
852800
861200
869400
877900
889600
907300
931700
938600
944300
962500
970500
1005500
1269800
1382000
1683100
1735000
# OFFOEL
# duration (msec): 1000
# repetition number: 98
9900
14700
19600
27900
33100
41900
49600
56100
63400
68400
82500
87300
92000
97600
108300
126800
132900
141200
149300
155900
163100
178100
185800
191800
197000
202700
209600
217200
223000
231100
242000
250300
259100
272300
279700
289000
301300
306500
314600
330500
340200
346400
353500
359100
365600
371900
397100
402400
414100
421600
428200
437800
454900
464100
472300
483100
492000
500700
519100
533500
553000
559200
567600
588300
598300
614200
619800
630600
636300
672400
679400
685300
693900
707100
719700
732000
743700
751900
762900
774100
794400
799000
805300
813300
830600
837500
845800
853100
862100
868700
878200
897400
906100
929500
940200
962800
975600
983700
1000100
1006300
1095500
1384200
# OFFOEL
# duration (msec): 1000
# repetition number: 99
9900
14400
19600
26100
32000
40200
47300
54900
64400
70600
78000
84200
91100
96600
110200
124100
139100
149400
156400
175600
203300
211700
217500
223200
233700
242200
248800
259500
272500
288800
303400
308800
321900
330800
346100
355500
365500
373400
386500
400400
406900
412600
421400
432200
439300
453500
460600
465300
473100
483300
491200
506900
523300
553200
558500
563400
568000
585400
592900
601100
613900
619400
629300
635200
642300
663200
673500
679200
686500
692600
714200
720900
727500
743700
761700
779900
795200
804900
816400
832000
853200
862400
868800
878500
898600
908100
929900
939100
961100
965900
973400
985000
1006500
1195400
1220200
1281200
1602500
# OFFOEL
# duration (msec): 1000
# repetition number: 100
0
9600
15600
27900
33900
43200
49600
55000
63400
78500
84200
90400
108300
132700
141800
149000
153900
160700
174600
186600
200600
208500
213600
220300
226000
233100
258700
272400
289700
301700
308200
317100
338500
347100
356900
366100
371400
377800
390000
400800
407000
416100
421900
432000
443900
459700
465600
471500
476700
483500
491300
500200
506200
525200
540600
551300
558100
563800
582900
590400
599500
609100
615100
620200
630700
636000
663700
676900
685100
693000
705900
720300
728400
743900
751200
759400
772900
794500
801400
816700
833100
839400
847400
860000
868200
878600
897200
907600
933000
942100
962500
970300
977500
984700
1005500
1349100
1749100
2011600
# OFFOEL
# duration (msec): 1000
# repetition number: 101
9900
14800
19000
23400
28000
33300
42500
50600
55700
63700
71700
84000
89300
95500
120200
131700
140100
150200
156600
175200
187200
202300
208600
217000
222400
236000
247800
266400
288000
302300
308200
315300
331900
340700
348800
358200
365000
372800
389800
401000
407400
416200
423200
431700
443100
459600
465300
471900
479000
484400
491400
501200
507700
533400
542400
552900
559000
565900
588200
594300
613500
618900
628600
636200
659200
664400
675300
680100
686800
694200
708500
720300
728500
734400
744500
761700
793400
798100
806500
818200
831800
852900
861900
868400
886100
902100
907800
932600
942000
951600
961600
972000
977800
990300
1006600
1523600
# OFFOEL
# duration (msec): 1000
# repetition number: 102
9500
15400
20600
28000
32800
39600
50000
54700
63300
70600
83700
90400
97000
107700
122300
132100
140200
148800
153300
160100
186200
192700
202500
207300
215300
220600
231700
247300
262800
277800
288500
301100
307900
313900
332800
342200
348800
357200
365600
373100
388200
394600
400800
407000
416300
422700
431600
437700
443500
456500
462500
467800
478000
485100
491900
501000
508700
524600
533600
549200
558700
567100
587900
599200
608700
617600
630900
636700
662900
674800
681000
686100
692900
707700
719700
727600
735400
744400
757200
794500
803800
817100
838400
852500
861400
870400
877300
889300
897300
904800
937700
943500
960900
970700
975900
983400
1005000
1046800
1304100
1405300
1495700
1521900
1559700
2045200
# OFFOEL
# duration (msec): 1000
# repetition number: 103
9600
13800
17700
23200
29700
34400
43300
50700
57300
65200
71900
79800
85700
91000
97800
107400
131800
138400
148200
156600
185700
192400
203300
207700
217100
223400
235300
247600
258800
269000
278800
289300
303900
309100
318000
331200
340600
348200
356500
364800
371500
377000
388900
401100
406500
420700
431500
439300
464500
477200
483900
492000
500200
506900
533600
552800
559500
566900
587800
597200
614700
620200
631600
636500
643900
655900
664200
675800
685300
695300
707700
714800
721000
727700
734500
744100
751600
794800
804600
816500
838700
852200
861400
867900
877100
887200
896500
903800
909500
920100
934700
942400
962000
971700
992300
1006000
# OFFOEL
# duration (msec): 1000
# repetition number: 104
9600
15400
27000
31500
40400
50800
62700
69700
78200
84600
89700
96900
110500
121000
127400
133300
149400
157100
165600
184500
190800
203300
209600
217700
222800
234400
245000
261200
271600
289400
303400
308700
315200
340600
348600
356200
365200
371900
376800
388500
399300
405500
415700
422200
431700
438900
460000
466300
477400
484200
492300
499900
507900
523700
540800
557600
562800
568200
588100
594900
615100
621400
630400
637700
661700
677100
685900
693200
707700
719300
727900
744000
761400
779500
794900
803900
813400
825500
839500
852100
861300
868800
884900
896500
907500
923000
934200
941000
960700
970800
977900
984000
999000
1006800
# OFFOEL
# duration (msec): 1000
# repetition number: 105
10300
16900
22400
28800
42900
50800
55700
64500
76800
82800
89800
96500
107900
121300
132000
140800
149000
156400
161900
186500
191900
204800
212400
220400
230400
237600
247100
258500
263700
273400
284100
302100
307800
315200
332200
348000
356200
364500
372800
389500
400100
405300
417300
422900
431300
459600
465200
472400
483100
491900
499400
507200
540600
552200
559200
567200
582700
588500
593400
614400
631000
637100
657000
673900
679900
685900
695300
719000
726200
733800
743700
749500
763100
794300
805100
816900
838100
853700
861500
870000
886300
902700
907900
932400
941000
961700
976700
983100
1005700
# OFFOEL
# duration (msec): 1000
# repetition number: 106
9800
13800
18200
27200
32500
41900
51100
61900
67000
72100
83300
91300
97200
108400
122300
133000
148600
153100
177200
188000
197000
206400
213300
218800
224000
232500
247100
258700
268900
279900
302300
308200
315400
330700
340400
348100
355600
364600
373500
389200
400700
407300
421500
429800
464400
477400
483800
491000
500400
506100
519500
532700
551200
558300
563400
588400
594300
616200
629600
636700
657900
664600
675700
681300
687300
694000
715700
720400
727300
733900
745000
762800
794000
803300
808300
827500
832800
841200
852200
860900
868500
896800
907300
921800
932500
938200
943100
963200
975600
982800
1006100
# OFFOEL
# duration (msec): 1000
# repetition number: 107
10300
18300
27800
32900
42000
49800
55500
64300
84100
89300
96400
109400
132500
149200
157700
162400
187100
202600
213100
220200
230100
262900
272600
279200
289200
302400
308900
315500
339000
347600
356100
365100
372000
390800
400400
406400
414900
421500
431800
443800
459300
464600
470100
480600
485500
491800
501000
542200
552100
559600
568000
587600
615100
620200
630300
638800
662800
671700
681700
694800
709900
719800
727900
744200
750700
763400
795400
806300
817300
839100
856000
862200
868900
898600
908100
933100
942000
962000
972900
983600
1006300
1267400
1363600
1888500
2012200
# OFFOEL
# duration (msec): 1000
# repetition number: 108
9900
14400
21800
28300
33100
41700
51100
56800
66800
77300
83400
89000
95500
107800
132900
145700
150400
156700
161800
175700
185500
191200
203400
209000
215600
220100
237700
247400
259400
272900
288500
303200
308600
315300
331700
347100
357700
365400
372400
377900
387500
400200
406400
415100
423200
431600
438800
444300
460900
466300
477300
484400
492300
502300
508200
532400
542400
550900
556900
561300
568000
586700
592900
598000
615700
621200
631600
637100
663000
675200
680900
686400
694100
708400
720600
728000
735800
744700
750800
762800
794100
803700
816900
829100
839900
852800
861100
868200
897500
908200
918200
932900
941700
950700
962200
970600
982000
1005300
1246200
1491000
1612400
1796400
# OFFOEL
# duration (msec): 1000
# repetition number: 109
9700
15700
20100
27800
33100
41600
49000
55700
62600
73900
81800
86100
91300
97300
109300
132100
148500
153800
161900
178900
188400
205000
213900
219500
224300
231100
242200
258200
265000
273700
283300
293700
302800
308000
314400
338000
345200
355100
364700
371700
388900
400900
406300
415600
422000
431100
458700
463900
477000
484200
491300
500800
508300
533000
542100
551900
559300
565900
573900
588100
599800
613200
618000
631500
636500
663300
677200
685400
692400
707800
719900
727300
733900
744100
751500
760100
775200
795000
804100
817300
840100
852900
868300
887800
904600
909200
932000
941200
962200
967200
975700
987700
996200
1006100
1316400
1317500
1318600
1319700
1355400
1866800
1942900
1957800
