# OFFOEL
# duration (msec): 1000
# repetition number: 1
9500
13500
17200
20800
24400
32300
37700
41800
47500
55000
59300
65200
70500
79500
84600
89100
95900
116400
121000
125800
131600
138000
145200
154700
159300
163900
175000
184500
190700
199600
210000
221900
235800
241400
249800
265200
272300
279700
284100
288500
293600
307500
318600
326500
334700
346000
352800
358200
363900
368900
373400
383300
406600
414700
423200
429200
434800
448200
463000
472000
479800
484100
491300
496400
501900
506900
517300
524500
532500
549600
556200
564300
572800
584400
588900
594500
599300
605300
611200
621100
633200
643400
649600
655200
661000
665700
680500
687300
692000
696500
700800
714000
719200
727800
734500
741400
747200
753200
759500
784400
795200
800400
807600
816400
821300
825900
838500
850800
855600
874200
879400
886000
892200
900400
908600
913700
933000
938300
950100
958600
966300
972000
988000
996800
1001400
1005700
1020700
1027000
1035400
1046400
1053300
1066800
1073600
1081100
1091100
1099000
1109500
1121200
1129300
1142300
1150500
1167800
1176600
1180900
1197900
1207400
1212000
1220800
1227800
1233000
1239500
1269700
1277300
1290500
1298100
1303100
1311700
1327600
1335100
1346000
1352700
1360500
1366300
1373200
1381700
1387000
1392700
1398200
1408100
1415100
1423500
1439100
1454400
1459500
1466500
1478200
1482700
1494000
1502900
1508700
1513800
1524200
1529800
1535400
1550300
1564800
1570700
1576100
1584800
1591000
1604300
1609000
1615200
1620000
1630600
1636800
1643000
1651300
1657000
1667500
1691600
1698200
1704500
1716500
1722500
1733100
1741300
1746300
1752300
1758200
1775800
1785400
1791400
1797200
1803800
1814400
1823300
1830300
1838300
1846500
1856200
1863100
1873500
1888900
1902700
1908500
1918300
1933200
1941900
1953000
1960200
1965300
1986800
1992400
1997900
2002500
2013500
2026200
2033100
2040200
2045500
2050300
2056400
2086800
2092100
2097900
2113300
2128800
2136500
2150000
2158400
2163500
2168300
2178200
2190300
2195500
2200100
2208900
2215700
2225300
2231700
2237800
2246300
2274600
2284200
2292000
2298300
2307500
2314200
2320600
2331300
2339600
2359500
2374400
2381600
2407500
2422700
2431100
2441100
2449000
2458300
2465400
2473100
2481400
2500000
2507700
2513300
2523300
2534000
2542000
2559900
2564700
2570000
2578500
2586200
2616400
2638300
2645500
2657400
2665000
2673300
2678700
2685200
2694500
2708200
2714300
2724900
2729800
2744500
2752300
2766200
2778700
2789500
2796200
2802600
2811800
2825800
2837300
2844000
2860300
2874600
2879300
2883800
2891900
2902900
2909300
2919200
2936600
2941700
2949100
2968900
2973900
2983700
2990600
2995700
3010900
3017200
3027200
3043700
3052200
3059600
3065200
3071500
3085000
3094300
3101100
3124600
3134000
3149500
3155600
3161800
3166800
3175700
3182300
3187200
3193400
3199900
3213900
3224700
3232000
3237200
3253800
3270700
3283400
3291100
3296100
3301100
3305900
3311600
3319000
3330800
3338900
3346000
3359500
3364400
3371600
3377600
3383300
3393500
3399300
3415200
3420900
3427800
3442400
3450300
3459200
3467000
3477200
3482800
3489100
3512700
3520700
3526900
3541100
3551400
3560100
3565800
3573800
3579000
3583800
3588400
3595500
3607800
3614600
3622100
3634700
3648100
3654100
3662600
3673100
3680200
3689400
3696800
3709000
3722800
3729800
3738100
3743200
3755000
3760700
3765800
3793800
3804200
3810400
3816800
3833400
3847200
3857000
3877600
3885000
3890100
3904000
3912100
3929100
3937200
3944800
3959200
3969400
3977200
3989700
3996500
4007900
4028800
4043500
4052400
4063200
4071200
4078200
4087500
4100700
4108700
4116100
4134900
4144700
4151900
4162700
4168700
4177000
4183600
4190400
4208600
4223300
4229300
4237000
4247500
4252600
4257300
4270500
4276000
4282800
4289300
4297700
4304700
4311100
4327000
4332600
4344000
4349500
4354400
4359700
4368300
4382700
4397700
4408500
4415400
4430000
4436100
4446300
4452200
4458500
4473100
4485300
4511400
4518700
4528300
4534900
4544600
4552400
4566700
4576000
4586800
4591700
4600800
4609000
4629400
4635100
4641000
4646100
4660200
4666100
4676600
4683200
4688300
4709200
4718400
4724500
4734500
4752200
4772400
4780600
4789800
4796700
4807900
4814200
4826200
4839900
4847500
4855900
4867700
4879300
4890800
4900000
4905300
4910100
4917800
4927600
4946100
4954700
4961300
4974900
4984000
4989200
4995800
5030200
5040900
5052400
5058600
5074300
5086200
5102100
5107300
5112400
5126800
5133300
5154100
5159100
5183900
5190800
5197000
5208700
5224700
5230700
5236800
5252900
5259000
5279900
5289700
5301800
5326100
5331800
5347500
5357400
5363600
5369500
5390900
5399200
5410600
5418900
5429800
5445900
5452100
5461700
5474300
5479700
5486400
5491600
5496800
5502800
5509000
5521600
5526900
5538200
5557400
5567900
5574800
5580500
5598200
5620800
5627500
5635100
5644400
5656900
5662700
5668100
5680500
5686400
5694100
5702900
5712300
5727600
5733700
5757700
5772200
5780900
5788000
5814100
5819200
5823900
5830300
5836300
5853500
5868700
5878100
5888400
5904000
5909500
5920500
5925800
5931600
5944800
5950200
5969300
5974900
5994300
6004700
6020800
6034000
6044500
6050600
6055700
6067200
6078600
6095400
6103700
6109100
6121900
6130000
6135900
6144200
6152700
6158500
6173600
6181800
6188800
6194000
6198400
6211700
6217400
6228100
6243100
6256500
6262700
6284700
6295200
6322200
6334500
6342000
6349400
6361000
6370100
6375600
6389900
6411100
6417600
6426400
6431600
6439400
6446000
6454900
6460100
6467700
6473700
6481400
6486600
6509300
6515700
6538900
6544500
6552300
6560100
6567900
6577100
6582700
6590600
6598400
6607200
6617900
6628400
6634000
6639700
6648800
6660400
6667700
6683100
6689100
6697800
6715800
6727300
6734500
6744800
6757400
6765000
6771000
6782300
6796200
6803000
6814100
6819800
6827100
6833800
6845400
6861300
6871800
6887200
6897700
6906900
6924500
6930500
6945800
6955000
6972500
6977800
6984700
7002300
7008400
7013600
7018800
7037000
7044700
7064400
7072000
7081500
7088000
7093400
7109300
7121600
7133600
7139500
7148900
7173600
7190100
7198800
7210200
7218600
7225100
7233800
7248000
7254800
7261000
7279100
7288100
7295600
7306000
7323300
7332800
7349500
7354500
7375600
7389100
7411100
7418300
7423500
7432100
7441100
7446200
7471100
7476800
7496200
7503100
7509300
7515700
7536900
7542800
7552900
7559600
7568200
7582300
7587700
7594900
7607000
7616400
7625800
7637800
7646100
7653200
7661400
7673200
7687700
7704100
7712500
7721700
7731800
7741400
7749200
7755100
7770000
7776100
7784000
7791200
7796500
7802400
7808100
7815500
7825600
7832100
7857200
7878800
7883900
7895800
7904700
7910100
7915500
7927700
7937400
7946700
7978200
7983800
7992600
8000900
8009200
8016600
8029800
8035500
8047800
8056800
8071900
8087000
8094600
8117700
8130400
8141800
8155200
8161600
8178000
8184500
8192400
8208800
8222300
8238400
8258400
8266100
8274900
8282100
8287100
8297800
8312800
8320200
8326400
8340200
8358000
8372800
8386800
8394400
8408100
8428700
8444100
8453800
8460500
8468200
8475100
8484400
8495200
8508200
8513300
8524900
8535600
8544000
8555600
8560900
8577300
8587800
8598700
8607200
8612100
8619800
8625300
8647700
8670100
8678500
8684900
8699600
8716000
8722700
8737200
8758200
8764000
8770600
8786500
8798100
8816300
8823700
8832600
8846100
8862200
8868900
8876700
8882500
8896100
8920500
8929900
8945400
8950100
8954600
8961100
8968100
8975200
8981000
8988700
8995500
9020800
9032100
9039400
9047900
9055300
9061400
9067200
9078900
9097000
9136000
9146100
9151100
9161200
9169300
9198300
9205000
9210400
9217100
9233800
9240600
9250700
9259200
9265900
9272700
9291800
9298100
9327800
9340200
9349500
9363200
9369400
9378000
9383500
9404600
9409600
9418000
9425100
9440000
9446600
9459100
9465400
9473200
9487500
9495200
9505000
9518600
9528400
9534600
9540700
9548100
9553700
9562100
9571700
9590700
9600400
9619300
9626300
9641100
9653200
9664200
9671800
9678500
9684400
9690200
9710400
9717400
9734000
9739700
9745300
9764300
9771800
9786200
9808200
9816500
9827000
9836700
9843500
9853300
9860700
9871600
9878300
9888200
9896000
9911300
9928600
9934700
9944100
9962400
9968800
9979300
9985200
9992800
9999300
10751200
10770900
11136200
