# OFFOEL
# duration (msec): 1000
# repetition number: 1
9100
13300
17100
31900
38500
44900
57300
61600
70700
75300
80700
88600
96000
113500
118300
122800
127100
131100
135000
139300
150300
156100
160700
170600
175200
183100
190200
197300
202000
207700
212600
222400
236000
242000
257600
270000
277900
282700
287400
293300
307200
318300
325200
330500
336300
345400
358200
363900
369400
375000
383300
401800
407000
414800
421200
425700
430200
436500
448700
463300
473800
480500
487300
492800
497400
505700
513300
518700
532500
544500
550300
555200
564200
574000
584300
589200
595100
599800
610400
620500
625800
634500
643500
650200
655800
661300
666400
679200
685900
690800
696400
702400
717400
723400
730000
736600
747600
753300
760300
784900
794300
800100
808900
817500
822700
827600
843700
852300
859500
874600
880400
886500
892600
900300
909000
921400
933200
938100
949800
955200
966200
971400
990400
998600
1003800
1383600
1634800
1649300
1744300
# OFFOEL
# duration (msec): 1000
# repetition number: 2
9300
13400
17300
24400
32900
38100
53700
58700
64600
71700
79400
84100
89900
97900
117300
121400
125900
132700
138300
145800
152200
157400
161600
174100
179500
185100
190200
197900
210900
221300
236500
242100
249800
258300
269600
279200
285500
290400
297500
307500
317800
325800
345300
357600
363700
368900
373700
383300
406700
423000
429100
435000
448100
479700
484200
491200
495800
501500
506900
517700
532100
549700
554300
563700
568600
584100
588700
594200
599200
605100
611400
620500
626000
633500
650600
656300
661900
666500
675500
686300
691100
695900
700300
717200
729400
736400
742200
748000
753500
760100
784500
794400
799700
806800
816100
820600
824800
829000
840900
852300
857300
874900
880000
886200
893600
901200
910500
932900
937700
949800
959400
969400
974100
982000
989700
996400
1001800
1103100
1185800
1193000
# OFFOEL
# duration (msec): 1000
# repetition number: 3
9300
13800
17800
26000
32700
38400
42700
56400
61500
66500
71800
77200
81800
87700
95800
109400
116900
121400
126200
132100
138300
144600
151900
157100
161200
174500
181600
190400
198600
210100
222100
236600
242300
256900
264000
270100
279400
284300
288500
292900
307300
316500
324700
334300
346300
351900
358800
363800
369900
374800
383600
413800
423300
429400
435200
448000
472600
480400
485300
491300
495700
501400
507100
516700
531800
550100
554600
561800
567600
576300
585000
590200
595600
601100
609800
617600
622700
631900
644400
651100
656000
661400
666900
681000
690100
696000
700500
717600
727800
735600
742100
747700
754000
760200
784700
794300
800500
816200
821000
825800
844600
852200
874100
879200
886000
892800
900300
909200
932900
938000
950100
959200
969800
982500
988400
996000
1001200
1006000
1561000
1847300
2020500
2134400
2187500
2244400
# OFFOEL
# duration (msec): 1000
# repetition number: 4
8800
12900
17000
26000
32500
38400
43000
56800
61800
70300
79400
84000
90200
95500
109800
118400
123600
127800
133600
138600
145600
154800
159300
163300
171000
176300
186200
191400
199300
208300
221200
236500
242100
250700
258200
269400
279500
285300
290400
295000
308000
317400
326700
335000
347100
356700
363900
368700
373500
383300
409100
416700
423100
429300
435600
447300
464200
480300
489900
495100
505700
512100
518800
525600
533500
549400
554000
565100
573300
584200
588700
593800
598300
606300
620800
633300
644100
651700
659300
664400
674700
686600
692400
697800
702700
711800
717900
727900
744300
749800
759600
784300
794300
800000
811300
817800
822400
826900
844900
852900
857700
874700
879900
885500
892400
900200
909100
914200
932800
937500
949300
959100
967700
972800
981900
995400
1000400
1004700
1126100
1312400
1328100
1727500
# OFFOEL
# duration (msec): 1000
# repetition number: 5
9600
13700
17700
24600
33100
38700
57200
61500
66800
71600
80000
85000
89500
97800
116800
121600
126200
132200
138500
146100
156900
161300
166000
175200
189400
197200
201900
210700
223800
236300
242500
257800
269400
274500
280300
286400
293600
307600
317100
326800
334900
351100
358800
364600
369300
373600
383300
407200
415900
423600
430500
435500
448200
463200
480000
484400
492100
497100
502300
507500
517300
525300
533300
545100
550100
554900
563900
569900
582600
587500
592000
597700
612100
620900
627100
634400
645900
651100
656500
661700
666300
686400
691400
696600
700900
717700
728000
734900
742200
747800
753600
759600
784900
794100
799700
807900
816700
821400
825900
843700
851900
856800
874700
880600
886500
893200
900600
914100
932900
937500
950900
959100
966400
971200
981900
995700
1001100
1005800
1555400
1725800
2113600
2176200
2419500
2436400
2487300
# OFFOEL
# duration (msec): 1000
# repetition number: 6
9500
13900
17800
23300
32100
37900
42700
57300
62600
69800
76800
81300
87900
96700
110300
118200
124400
128800
133300
139200
151000
157100
161500
167200
175700
189400
202800
210800
221600
233400
238400
243400
250700
257400
270800
278300
284000
288300
293500
299000
307600
317400
325300
334900
345600
358300
363900
368900
373700
383600
406600
414800
423600
429200
434900
447800
479600
484100
490600
495400
501200
507000
515000
532100
549900
563900
573700
584700
589100
594800
599300
611600
621600
632200
646900
653800
658400
662800
667700
675000
680600
689600
695300
700200
712800
718200
728300
734900
742300
748300
753600
760500
784700
790500
795800
800700
808500
817500
822300
826800
831500
844200
852500
857400
870500
876300
880700
885900
891200
900700
912500
932700
938100
950000
959500
967800
972700
988300
997300
1002500
1008600
1172700
1203900
1522400
1565600
# OFFOEL
# duration (msec): 1000
# repetition number: 7
400
10100
14200
17900
23900
33000
38300
44900
56900
64100
72000
80400
85500
89800
95200
108800
118600
125700
131800
138300
146400
157500
161900
170100
176000
185300
191700
199700
208500
212800
221900
235500
240100
244300
256800
268700
275000
281300
286800
292500
305900
310500
317100
325800
335400
346200
361600
368600
373700
384000
406900
412700
423700
428900
434600
447500
463300
470800
479700
484100
493400
497900
506900
513900
519600
525700
532800
550000
555000
561500
566500
573800
584700
589400
594800
599400
604800
620900
625600
631100
645700
651700
656300
661500
666100
676200
689900
695600
700000
717500
728800
735300
742400
748300
753800
760500
784900
791000
796100
801000
807800
818000
822500
826800
844300
852500
857900
874500
879600
886400
893300
900800
908700
933100
937800
950200
959400
966400
971500
981800
989400
998400
1003600
1580700
# OFFOEL
# duration (msec): 1000
# repetition number: 8
9700
13700
17400
23800
32200
39100
57100
61400
66200
71600
79400
84200
89100
96400
107200
116800
124000
128700
133500
139000
145600
156000
160800
172200
177100
181600
190300
200400
209900
221600
236400
242500
257600
269900
278900
284400
288700
294000
307600
317000
322600
328100
335400
344300
351200
358100
364000
368900
373400
383700
394300
406800
416300
423700
429500
435600
448200
464000
471200
480400
484800
493100
497800
503700
508500
517500
525800
532900
545400
550600
565300
584500
589600
595100
600200
610000
621200
633500
646400
653800
660300
664700
671500
689100
696000
700600
717400
727100
735300
741000
747700
753800
759700
785100
795200
800800
808200
814700
820200
825000
839300
844900
852000
856600
874500
879300
886100
893100
900700
914600
933000
938100
951000
959200
967500
972400
983200
989400
996200
1001300
1006400
1272500
1315000
1763400
1851500
1879700
2096200
# OFFOEL
# duration (msec): 1000
# repetition number: 9
9500
13900
17700
24200
32400
38500
44100
54200
58800
64400
71400
80200
84900
89200
95800
109900
117000
121800
126200
131900
138200
144600
151800
157400
161800
174900
182900
189600
197500
203700
210500
222200
236400
242000
257400
269600
279500
286600
293300
307400
317600
326800
335400
345300
357900
363700
369500
375500
384100
407200
415200
423300
429000
435600
448400
464300
471500
481000
485700
492500
497300
502000
506600
517700
532500
549700
554500
565600
573600
585100
590000
595500
599900
611100
620900
629400
648900
655600
661400
666500
676200
689500
696100
713200
718600
727900
735700
741600
748600
754200
760500
784500
789500
795400
800900
807400
817500
822300
826400
840300
852100
858400
876100
881100
886600
894600
902000
913000
933100
938200
950100
959200
967700
973000
982300
995200
1000400
1005100
1903300
2145800
2149900
2163800
# OFFOEL
# duration (msec): 1000
# repetition number: 10
9400
13500
17300
21000
24800
32700
38400
46900
56700
61000
66700
71200
75700
80800
86500
109200
115600
120200
124900
129100
134500
139500
145500
151700
158000
163300
170600
175700
181900
189800
197200
203100
209700
222400
235800
240200
244500
259200
269500
279500
284400
289400
293900
308200
317700
325500
335600
345200
351400
360000
364900
370000
374500
383900
389200
403000
413700
423600
429000
435900
449000
457500
463600
470100
480700
485200
491100
495900
501200
506700
514400
525500
534100
549100
553600
559100
565200
572700
584500
589100
594600
599700
607900
621200
648500
655200
661200
665800
676400
685700
691500
696900
702500
717100
722300
728700
741000
748000
755300
760800
784400
794500
799300
808200
817600
822200
826900
839000
851000
856600
875100
879800
886400
894000
900700
924000
933800
939400
950500
959100
967000
972100
983500
995900
1001000
1006500
# OFFOEL
# duration (msec): 1000
# repetition number: 11
0
9300
13500
17200
23800
32800
38100
42700
56200
60600
65700
71300
78600
83000
88700
97000
110100
118300
125200
129600
134200
138900
156500
161200
173900
180600
187000
192400
198700
207100
213000
222700
237000
242900
269800
280100
285800
292900
297800
308200
313300
318900
327200
335300
345800
351700
358200
363900
369400
374400
384000
407100
414500
423900
429400
435800
448000
464500
480400
485200
492500
498400
506300
513600
519900
525700
532300
550300
559900
573600
585000
589600
594900
599500
606800
614600
622100
633800
645400
650900
656000
660800
665300
680700
687000
691800
697100
702300
717000
721700
729700
735800
741800
747800
754000
760100
784700
795300
801100
810200
817600
822400
826900
838400
851300
856200
861300
874600
879900
886400
893600
900600
911500
932300
937700
949800
956400
966300
971900
982300
989400
996100
1001500
1007400
1376200
1431200
1500500
1729000
# OFFOEL
# duration (msec): 1000
# repetition number: 12
9400
14400
18300
24200
30200
36200
40900
45800
56200
61000
66900
74700
80700
88900
96900
109800
118300
123500
127900
133000
139000
146100
156300
160600
172000
177600
190400
199200
210300
222400
235700
241800
256800
269300
278200
286400
292700
300700
308000
318000
327200
335300
345500
358600
364000
369100
373600
384100
400600
408000
414300
423400
430200
436200
448400
463700
471300
480700
486100
492000
500600
506200
512600
518400
532700
550300
560300
566900
575500
584200
589000
595300
600000
606600
621400
645200
650800
655900
661700
666500
686200
691100
696100
700500
712100
718600
728400
736000
741900
747300
754200
785000
795100
800300
817200
822000
826800
840500
852300
857400
875000
879700
886700
893600
900500
914200
933300
938500
949700
958400
967000
971800
988600
995700
1000600
1007400
1601700
1766000
# OFFOEL
# duration (msec): 1000
# repetition number: 13
9600
13600
17400
23200
32800
38700
47600
57000
61700
66600
71400
76200
81300
89200
95700
117300
121500
126100
132800
138700
145200
156700
160900
170900
176700
182000
190200
200400
210000
221500
236300
242000
248500
269900
279400
285300
292300
298500
308200
318300
326600
331400
346000
357800
364000
369300
374100
384000
408500
419100
424800
430000
434500
448000
464300
480500
485000
492600
497100
505600
531600
548300
552900
559600
565200
573500
584800
590400
595300
599400
605700
612200
621300
629200
644700
649900
655000
660600
665200
679400
689000
695900
701000
708700
717400
729000
736000
742400
747800
754100
759800
785400
795700
801400
817300
822000
826300
837800
852400
874600
879200
886300
892500
900300
913700
933200
937800
949900
955900
960900
970300
976600
989700
998500
1003600
1301200
1308500
1829400
2079100
# OFFOEL
# duration (msec): 1000
# repetition number: 14
9700
14200
18000
23800
32400
38100
42800
56100
60900
66300
71700
80600
85700
90100
96200
117400
124900
129300
134200
139400
151500
157600
162000
174800
181000
190000
199400
210800
222100
236700
241300
250800
269100
283900
288300
293700
308000
317600
326900
334800
343400
352400
359000
364100
369300
374300
384000
407300
423600
428900
435500
447900
469800
479700
484200
491500
496700
503200
507800
516400
532500
545600
551600
556500
566000
574500
584700
589300
595400
600300
606200
620700
625600
633900
646500
654300
661800
666800
675700
686500
691300
695800
700000
708700
717200
722000
735500
746500
753700
759800
785200
790800
795800
800400
807800
814800
820100
824600
844700
852600
857900
875100
879800
886700
894000
900700
908300
933800
949600
959700
969400
974100
994800
1000800
1006200
1589600
# OFFOEL
# duration (msec): 1000
# repetition number: 15
9300
13500
17100
20700
32500
38700
42900
57400
62300
67300
73900
80600
87500
93200
117700
124400
128600
132900
139100
150400
156800
161200
169900
175300
183800
190700
198100
203000
209400
214200
222300
233600
238200
243000
249900
269600
280000
285500
289700
294100
300100
307800
316900
325900
335600
353300
358600
364000
369300
374500
383400
388900
407600
416700
424100
429400
448200
463100
471900
480000
485400
491400
495900
501300
506800
518300
531400
544500
550900
556000
565100
574200
583500
588400
594100
598900
605400
621000
632900
644600
650000
655100
661500
666800
675200
689400
696400
700800
717400
728900
735200
746500
753600
760000
784800
794800
800600
808000
818000
822500
826900
845100
852900
874000
878600
885800
894400
901400
908900
932400
937000
950900
959600
966800
971700
982200
989000
995800
1000600
1005000
1512200
1519200
1590400
1685900
# OFFOEL
# duration (msec): 1000
# repetition number: 16
10500
14800
18700
32800
38800
43300
57700
65100
74600
80200
84700
90500
117800
125000
131800
138700
151000
157200
161800
174900
182100
190100
199700
207800
212700
235900
240800
258000
270500
279700
287300
293400
308500
317900
327400
334200
345400
356600
363800
369600
374000
383800
407200
414200
420300
424900
429700
435600
448300
453200
463500
480900
487100
493000
501200
506000
510300
518900
532900
550300
564200
574400
584600
589600
594800
599600
610800
621000
629800
636200
645000
650800
656500
661500
666000
674400
689000
695000
699400
712400
718000
728800
742300
747400
753000
761100
784900
794800
800600
809000
818400
823200
827600
843800
851900
856700
874500
879300
886400
893100
900700
909300
933100
938400
949500
955300
960200
969300
982500
989400
997300
1002800
# OFFOEL
# duration (msec): 1000
# repetition number: 17
9200
13300
17600
23500
32600
38600
45900
57300
62600
71000
80000
84700
89600
96400
117600
125100
129600
133900
139200
152100
157300
161600
171400
176000
180600
190100
198600
203400
211800
222200
236400
243000
257000
270100
279200
283800
289000
294000
308200
317300
323900
328400
335000
345700
352600
358600
364400
369600
374200
383400
407300
414100
423300
429200
448200
463700
471900
480800
485200
492700
497200
502300
506700
511200
518500
526200
533200
548600
553400
564000
569000
574300
584900
589600
595900
600500
605800
611100
621100
633000
644000
650200
655500
661600
666300
680300
689400
695500
701000
717300
729800
740700
746900
753400
759500
784500
789000
794800
799900
814700
820100
824800
829900
839100
845400
853000
874900
879500
886000
893600
900500
913900
933000
938800
950400
959500
966800
971800
982700
990000
995600
1000200
1004700
# OFFOEL
# duration (msec): 1000
# repetition number: 18
9600
14200
18200
23600
31200
35600
39900
45800
55000
59600
64300
70700
76000
81900
88500
96200
109400
117400
121800
125900
131700
138600
145200
150600
157400
161700
170200
175700
181800
188400
197500
203000
210400
222000
236300
241000
248400
269400
277900
283000
288100
293400
298500
308000
318600
327000
345500
352000
363200
368700
373300
383500
407800
414700
424200
429600
434300
448200
463700
473300
480800
490800
495800
501400
507100
517200
533200
549700
554400
565400
574000
584800
589400
595200
599700
605800
621100
634400
645100
651600
656600
661700
666700
679700
689200
695800
700500
718200
728100
735800
747200
754400
759800
784600
795000
800400
808400
816500
821300
825900
838600
851800
856600
875100
880100
886100
892300
900400
913400
933700
938200
950500
959200
966900
971800
982700
990200
996600
1001400
1006500
1150500
2059000
# OFFOEL
# duration (msec): 1000
# repetition number: 19
9700
16000
20100
24400
32800
38800
45700
54500
59100
64500
71300
79700
84800
91200
96900
111900
119000
124900
129500
133900
139700
151600
157800
162100
170600
175600
191200
199300
207800
222900
235900
241200
246800
259900
269100
279800
285500
291100
308600
317800
325000
345400
358300
363800
369300
374000
383500
392600
406700
415500
424000
429200
434400
449100
462900
473200
480800
485700
492300
497100
502800
507500
516000
527200
533500
550200
555300
564500
574300
585400
594500
599100
605000
620800
628900
634400
645100
651300
656300
662100
666700
680900
687300
691800
696600
701200
717200
728200
735600
742900
748100
754100
760500
784900
794800
800400
810200
819000
824300
828700
839100
849100
854100
875400
880700
886400
893400
900600
908300
914700
933300
938300
949800
958500
966600
972000
981300
990100
999400
1005300
1582200
# OFFOEL
# duration (msec): 1000
# repetition number: 20
9300
13800
17800
23300
32900
38700
43400
57600
62000
68100
75100
80800
87200
95700
108600
117200
122000
126500
132700
138900
156300
160700
171400
176900
182400
190000
197500
203400
210400
223000
236400
242000
259000
269600
278200
283100
287900
293400
307600
317200
326900
334200
347700
358500
364600
369800
374200
384100
407100
415900
423600
429100
435000
448600
463600
471800
481300
486700
492200
496900
502800
507500
513900
519000
525900
550300
554900
560000
566600
574900
584800
589300
595900
601500
606900
621200
631100
644200
650700
655700
661000
665500
679000
686800
691700
696700
701500
717300
723000
729200
735600
741900
747700
754600
760700
785700
795000
800900
807900
816900
821700
825900
843800
852500
857900
874700
879700
887800
894800
900800
909200
933200
937900
949900
959600
968200
973200
981600
989000
997200
1002100
1006700
# OFFOEL
# duration (msec): 1000
# repetition number: 21
9800
15000
19300
24500
30800
36100
42600
56900
62300
69100
75200
81000
86900
91600
97300
109900
115600
120100
125300
129900
134200
139400
151900
157800
162300
170800
176400
181200
190000
199100
206200
212100
222500
236800
242400
250500
258400
269200
274800
280500
287300
293900
302400
308600
317700
323600
328600
346100
363200
369100
373700
383600
406900
414100
424200
429600
436800
448600
454900
464200
480700
491000
496000
501300
506600
518000
532600
544000
550700
555700
560900
566600
574800
584800
589700
595400
600200
610300
620900
635100
646500
651900
656700
661500
666300
676000
689400
696200
700800
717600
722700
734900
741100
748500
753700
760400
785000
790200
795200
800500
809900
817400
822300
826700
839300
848000
852900
875000
880100
886800
893100
901800
911700
933100
938200
950500
959000
966600
971800
989900
997000
1002100
1486900
1488000
1887300
# OFFOEL
# duration (msec): 1000
# repetition number: 22
9600
14200
18000
23300
32000
37100
45400
57500
65300
71000
76800
82100
88400
116700
121800
126600
131600
135900
139900
151000
157300
161900
174900
181600
190900
200400
211300
221200
236400
242400
253600
269500
278400
286800
292100
307700
317100
325900
334900
345600
358900
365000
369300
373900
383800
406600
415200
424000
429500
436600
449300
470800
480100
484600
492400
498000
506400
515600
532200
543700
550300
561500
566800
573900
584500
589200
594500
599100
606100
621200
632800
644200
650500
656400
662100
666900
687100
692200
697200
701800
717200
727800
735100
746200
753300
760000
785400
795600
801200
816600
821600
826000
843400
852100
857600
874600
879800
886200
892600
900600
909800
915200
932800
937500
950100
960200
968100
973000
988600
995400
1000600
1005500
1357400
1665500
2021100
2033900
# OFFOEL
# duration (msec): 1000
# repetition number: 23
9500
13900
17800
31800
38400
43300
56600
61300
65800
71100
80200
87900
95900
110100
118200
123600
128900
134500
139100
150400
157600
161900
173600
180800
190700
200200
210500
222400
236000
243200
257600
269200
278900
284000
292600
307800
317600
327300
334400
345100
353400
363000
368500
373200
383800
402900
408900
415000
424600
429600
436600
448700
464000
472800
479900
484500
492800
498200
506200
513900
520100
533300
550900
558900
566000
584500
589100
594800
599200
604200
610100
621000
629400
643400
650300
655800
661300
665900
679200
686800
691900
697200
701800
718000
728500
736000
746300
753000
759700
785200
794700
800800
808100
817000
822000
827100
844200
851900
859100
874800
879500
886500
893400
900500
909200
933300
938100
949400
958800
966700
972300
982500
990700
998100
1003300
1249200
1458800
1682800
1830400
2006600
# OFFOEL
# duration (msec): 1000
# repetition number: 24
9800
13900
17600
23500
33200
39000
44500
57200
61700
65800
70800
79600
88300
96800
107600
118800
124300
128700
133100
138800
151400
157500
161800
174700
181100
189800
198800
210800
236000
240400
250100
257500
269600
280100
284900
291300
296100
308200
317400
326400
334800
346600
357800
364000
369400
374100
383900
406800
415200
423800
429700
436000
448800
463200
473400
481100
491600
496600
505900
516300
523300
532900
550400
560100
565700
573500
585000
590900
596100
600600
605300
610500
621500
626900
632100
645100
651600
656200
662000
666600
685200
691100
696400
701300
714200
719000
728200
741200
747700
754300
760200
784900
795800
800600
807600
817500
822300
826400
839800
851200
856200
875300
880200
886000
893400
900300
913700
932100
937000
951000
960500
967300
972100
982200
990200
998900
1003700
1164500
# OFFOEL
# duration (msec): 1000
# repetition number: 25
10000
15800
20200
32700
38800
42900
56900
64600
70800
80800
87400
95900
116400
121800
126400
131900
138900
145300
153500
158600
162800
175100
180600
186700
191300
199800
210700
221600
236500
243000
269900
274500
280300
286200
290600
297500
308300
317500
326400
333400
347200
354100
363600
368900
373400
384000
406900
414300
423600
429400
447500
463200
480100
484800
491600
496200
501700
506800
512900
518700
533100
544200
550600
555400
560900
567100
574400
584600
589400
595400
601200
621000
633200
645500
650700
655900
661200
666800
680800
687200
692200
697200
701900
714200
719300
727900
735700
746200
753300
759700
785700
794600
800400
808200
818700
823400
827800
843800
852200
857700
874600
880300
887200
893400
900400
932900
937900
950100
959800
968700
973200
981800
989100
995100
1000000
1004900
1524900
1626500
1943600
# OFFOEL
# duration (msec): 1000
# repetition number: 26
9900
14800
18900
24400
32700
38600
57400
64900
70700
79600
84500
89400
97600
108300
118200
122500
126600
131300
138300
151900
157600
161900
170000
176000
182600
190700
197800
203900
211200
222400
235500
240000
244200
254700
269600
279800
285100
289600
294300
307100
317400
325900
345500
351400
359300
364900
370000
374700
384200
407500
414800
424200
429500
435500
448200
464800
479600
484300
491000
495800
505700
517000
532400
549400
554200
564200
572000
585100
590700
596200
601000
607700
620900
634100
644800
654100
660200
665800
674800
689500
695500
700600
714000
719600
727500
735700
742400
748000
753600
761100
785100
794700
800500
813000
819200
824300
844700
852700
859900
874800
879800
886200
892300
901300
913000
933700
940000
950500
959200
968300
973000
982700
989500
999400
1004200
1576900
# OFFOEL
# duration (msec): 1000
# repetition number: 27
9600
13700
17400
23000
32800
38900
48200
56500
64700
70900
80600
85900
90400
97000
111100
118300
125000
130800
138200
155400
159800
164200
170500
176000
183500
190400
200500
210600
223000
236100
242200
250800
269500
276700
281900
287200
293900
301200
308100
317600
325800
337000
351000
358900
363900
369300
374200
384100
406900
414500
423700
429300
435700
448900
471900
480600
485600
494300
501200
507000
517900
532500
550600
555400
565400
584600
589500
595000
599200
610300
620900
629200
634700
644900
650800
655600
661600
666400
686600
691300
696200
700500
716100
720900
731100
737400
744900
749600
754300
760500
785500
794600
801300
809800
815800
820500
825200
838600
852100
856700
875000
880400
887300
894500
901600
909800
920800
932500
937300
950600
959300
967700
972400
982300
996700
1001700
1318000
# OFFOEL
# duration (msec): 1000
# repetition number: 28
9800
14300
18300
32100
37800
42600
56400
60600
66400
72500
80300
87300
97000
117000
121500
126200
130500
138900
157100
161800
174700
181000
190300
200300
210200
222300
236200
242400
268900
278800
285600
292000
296500
307100
317400
324200
329000
336400
347100
357800
369400
374000
383600
407300
414900
424100
429900
435800
448100
462300
471300
480000
484900
491800
496300
501600
506700
513400
519100
525600
533200
550600
556400
565700
574700
584200
589100
595300
599900
606800
621400
629000
645000
651200
656300
661800
666600
676200
688700
694500
699500
715400
720500
728900
735800
744400
749300
754800
760700
784600
790200
797400
815400
821000
825600
843800
852500
875000
880000
886900
893500
902200
910600
932900
937600
950200
960200
967100
971700
982400
991700
998800
1004400
1180900
1669500
1778900
# OFFOEL
# duration (msec): 1000
# repetition number: 29
9400
13600
17500
21800
32500
38800
43100
55900
60400
65200
70800
76800
81800
89100
95400
117800
122400
127000
131200
138700
152000
157500
161700
165500
175300
182700
190600
197700
210500
222600
236400
241300
258400
270200
280300
284800
292000
296900
308300
316800
322600
327500
336500
346300
352700
364000
370000
374900
384100
401600
414600
424300
429700
435500
448900
463200
474600
481700
491600
496300
501000
506200
517800
532500
549800
560400
565700
584700
589200
594400
599300
605000
621200
635500
645400
650900
655800
662000
666800
674000
686000
691300
696800
701500
713000
719100
729200
736200
742100
747600
753300
760400
785400
794900
801500
808000
812800
819500
824100
844800
852800
858600
874100
878800
886000
892900
900800
913700
932800
937900
949700
957500
967300
972500
983500
990700
999200
1004200
# OFFOEL
# duration (msec): 1000
# repetition number: 30
9700
14000
17900
31800
36800
41000
48000
56800
61200
65900
71600
79100
83800
88600
97000
110200
117800
123100
127500
132900
139000
144000
151600
157600
162100
170400
176100
184700
190700
200600
210300
223700
236400
241500
257900
269400
281300
287200
293300
308100
317900
324500
334200
351600
363100
369300
374300
384000
406800
417400
424300
429900
435400
448400
465800
480300
485100
491500
495900
506600
515000
520500
532800
550000
555000
565400
573400
585500
590100
595700
600300
610600
621200
631900
639000
645200
651800
657300
662000
666700
686000
690900
696800
702200
717500
728300
735200
747100
753900
759700
785000
795400
801200
811000
818400
823600
828200
840200
851700
856800
861600
871500
876400
880700
886200
894300
901000
908700
914600
933300
937900
950200
958800
967300
973800
994400
1000400
1005900
1414200
1754800
1839300
1911600
# OFFOEL
# duration (msec): 1000
# repetition number: 31
10000
14400
18200
24300
33200
38700
43300
52700
58800
64800
70900
80900
88800
96100
108300
118300
125100
130000
134200
139300
157000
161700
170400
175600
180600
190400
198600
203300
211600
222200
236500
242700
257900
269900
279300
284900
292400
308500
317800
325800
332600
346700
358100
364300
369200
373500
383600
406900
415500
424300
429700
435800
448900
479900
484300
492900
497800
505900
514700
525000
533000
549100
554000
565200
574300
585100
590100
595500
600100
622100
633800
649400
655500
660900
665300
676700
689600
695900
700400
717100
728100
735100
743300
748400
753700
759900
785100
794700
800400
808700
817600
823000
827600
852600
859600
875100
880000
886400
893300
901600
913300
934000
939300
950000
960200
968600
973400
984300
990700
996400
1001500
1154900
1415600
1555300
1566900
1748600
1823400
# OFFOEL
# duration (msec): 1000
# repetition number: 32
10000
14200
18000
24300
33000
38700
44600
55800
60300
65500
71600
80000
84500
89300
96200
109500
118000
123500
127700
132500
139100
146600
157500
162200
175000
180200
186300
191400
197600
202500
210400
222300
236100
242100
256700
270200
280300
286700
293100
307600
317600
326800
334400
345700
353300
358300
364400
370200
375300
384200
406600
415300
424500
431000
435700
448300
465300
475800
480800
485200
491100
496000
501500
506800
518000
527500
550200
565900
574600
585500
590100
595300
600000
606000
611700
621500
645200
650600
656600
662800
667800
676800
689900
696600
701300
716700
721300
728400
735500
741700
752800
760600
785300
793200
800500
809000
818300
823400
828300
844400
852100
858200
874900
879600
886100
893700
900700
909100
920300
933000
938900
950100
958600
968800
973800
982200
990100
995900
1000500
1005500
1808800
# OFFOEL
# duration (msec): 1000
# repetition number: 33
10000
15700
20200
25000
32100
36500
40600
47500
56400
61400
71200
80300
87400
92600
106500
111600
118300
125100
132000
139400
151600
157500
161800
175000
185300
193800
200200
210700
222900
236700
242700
259800
270800
278700
285400
290100
294200
308300
318600
326800
334400
346700
359000
364900
369700
374300
383700
406900
413600
423400
429600
435300
448400
464100
473600
480500
485200
490800
495800
501300
507400
523900
533700
550700
555400
565500
574400
584500
594300
599400
608700
621200
632600
649500
655700
661100
665800
688500
696000
701000
713000
718400
728100
739100
747200
753900
762400
785100
795500
800600
807600
816100
821600
826200
852600
858500
874500
879800
886400
893300
900800
913200
933200
938300
949800
959600
969900
989100
997100
1002000
1006800
1471000
1502100
1586700
1613200
1867000
# OFFOEL
# duration (msec): 1000
# repetition number: 34
9500
14400
18300
24100
33400
39300
47600
56300
61300
66000
71200
78300
84000
89300
96200
109800
116900
121300
126100
131900
138800
146000
156600
161800
175600
182000
188600
193600
203300
211400
222600
236800
241900
257000
269300
278800
285900
292900
307600
317700
326500
336000
350900
358300
364000
369200
373700
383900
390200
410300
416800
424000
429900
436000
448300
463300
480500
485200
492200
497000
502900
507600
514300
526500
533400
549000
553800
566400
574000
584900
594200
599400
605300
620800
634800
647000
653900
661500
666400
674300
681400
689500
696400
701200
712100
718600
728700
735600
747100
753600
760600
785600
796100
802900
812600
819100
824100
828400
852000
856700
875000
880700
886800
893800
900600
906500
934000
939700
950000
959800
968100
974400
983000
990500
998800
1004300
# OFFOEL
# duration (msec): 1000
# repetition number: 35
10200
14500
18300
24200
32900
38700
46000
56200
60600
65500
70800
79500
85000
90100
96900
116600
121300
126200
132400
139300
147000
156800
161200
175400
181300
189900
198300
210900
222000
235800
242200
268900
280600
285900
293300
308600
317400
326400
334300
351800
360500
366200
371800
383600
394400
408200
414600
424200
429800
435300
449300
462800
472600
480600
485100
491000
496400
502400
507600
514600
520800
533400
550100
558000
565700
573400
585600
591300
596700
604900
621700
629800
644900
650900
656500
662400
668200
681200
687300
692700
697900
702700
717600
728800
736400
747600
754000
760600
785800
795000
800900
812600
820300
825000
830200
845300
852700
860000
874500
879400
886200
892200
900700
909200
915800
933100
938200
950700
958600
969500
982100
989100
995000
1000500
1005300
1501300
# OFFOEL
# duration (msec): 1000
# repetition number: 36
9800
14000
17700
32900
38600
45500
55500
60100
65300
72600
80600
86700
91500
96600
110200
118000
123100
127600
133200
138800
149200
156800
161400
175200
180300
186700
191900
200600
210200
222100
237000
242800
249600
257500
269500
279000
284400
288800
293700
307500
318100
327500
335100
345400
353500
363300
369600
374300
383600
407900
424300
429500
436000
448500
458800
469700
479500
484400
490500
495200
501900
507300
514400
519600
533000
549500
554400
565800
584800
589400
594900
599400
611600
621300
633700
645600
651200
655900
661800
666700
675200
686500
691700
697000
702600
718100
727700
735400
747000
753600
759800
785300
795000
800600
817500
822100
826600
844900
852300
858100
874400
879200
885600
890900
898700
905500
932100
937500
949800
959300
966600
971600
982500
990000
998700
1003800
1393900
1691800
1754700
# OFFOEL
# duration (msec): 1000
# repetition number: 37
9700
13900
17700
24400
33200
39200
44900
57200
64300
71400
81600
88600
95800
110000
116800
122800
127100
132700
138800
145500
151500
157400
163800
175400
181700
189900
197800
203100
210900
221400
236600
242500
264200
269900
278100
282800
287600
293700
307800
318500
326300
335300
345000
352400
359400
365300
370100
375200
384500
407000
423600
429500
434600
448200
453600
465400
480400
484800
490700
495700
501500
507400
517300
527000
533000
549900
554700
564300
573700
585000
589500
595000
599800
605800
621400
630700
646500
651100
655800
661700
666300
674700
680500
689700
697300
701900
714400
719600
728100
736100
741900
747300
755500
761300
785000
794500
800700
807700
818100
822900
827600
843800
852500
857400
874500
879800
886900
893500
901100
909900
933200
938000
949900
959500
968200
973300
989000
995600
1000900
1891000
# OFFOEL
# duration (msec): 1000
# repetition number: 38
9900
14100
18200
24700
31300
35700
40200
46600
56800
61300
65900
71900
79500
88000
93300
98000
109300
118100
125700
130900
139100
150800
157400
162000
170500
175900
184600
190800
197600
202200
210100
236600
242800
257900
268800
277900
284100
288800
293800
307300
312100
317800
323400
327900
336400
345900
358200
364200
369400
373900
384600
401100
414100
423300
429200
435400
448500
464200
480400
485300
492900
502000
507500
513900
519600
533300
550200
560400
566500
574800
585400
590400
595100
599300
621200
633800
645800
652100
657200
662300
666600
687300
692100
697900
703900
713400
719300
728900
736900
746200
753800
760700
784800
795000
801000
811700
818300
823300
827600
852400
874400
879000
887300
894000
901100
912000
932400
937500
950100
959500
969600
976300
989400
997200
1002200
1011300
1313600
1314700
1321900
1581100
1683800
1777300
# OFFOEL
# duration (msec): 1000
# repetition number: 39
6700
11000
14900
18700
24400
32800
38500
46200
56800
61700
66400
72100
80400
85000
89800
95800
110200
118100
125000
130000
134600
139900
150500
157900
162500
171100
176100
182800
190200
195000
201100
211400
222000
234100
238700
243500
256500
269500
278900
285500
289900
294600
308100
317300
326300
345000
352300
358900
364500
370100
374800
383600
403300
413600
423700
429200
434600
448300
471800
479700
484600
491000
495900
500600
506600
517600
524900
532800
543700
550300
555100
559800
566600
575000
584600
589400
594900
599800
612100
621500
631500
644400
650900
656100
662000
666900
678700
689900
696600
701600
717700
728300
734700
742700
748400
754000
760800
785200
795300
800700
807700
819000
823700
827800
838400
852300
858400
875700
880700
886500
892900
900200
909000
933600
939200
947400
952400
960600
967700
972500
981900
990300
999000
1004000
1293200
1462500
1557500
1704800
1737300
2001800
2045100
# OFFOEL
# duration (msec): 1000
# repetition number: 40
9500
14900
20000
32000
38500
42800
55800
60400
70200
80000
84400
90500
96500
109300
118100
123100
127300
132600
138900
146300
155800
160600
166500
175200
185400
191000
198800
203500
212500
236500
242200
262900
270600
279100
285000
289300
294500
308100
317900
324100
329100
347200
358900
364200
369000
373700
383900
402000
413900
423900
429900
436400
448300
463700
480000
484800
490900
495900
501700
507300
514300
519900
526100
533100
550700
560200
565600
574600
584500
589900
595000
599400
610600
621000
630300
649800
655500
661700
667200
675400
689600
696000
701400
714100
719600
728300
737800
747300
753300
759900
785200
794400
800200
816300
821100
825700
840000
852100
874500
879200
886100
893100
901200
932800
937600
950600
960100
969800
982200
990000
996500
1001300
1006700
1319000
# OFFOEL
# duration (msec): 1000
# repetition number: 41
9600
13700
17900
26700
33300
39200
55900
60400
65400
70800
80100
85500
91200
96100
109100
118300
125800
133100
139000
156300
160700
164700
171000
176200
182000
189800
198700
210800
222500
235900
241400
255800
269300
274300
281300
286700
294100
308500
318100
325900
334500
352000
363300
369000
374200
384400
402000
408400
415500
424100
429300
434500
448800
471600
480500
485600
492400
497000
505700
514500
524500
532900
545800
551900
564900
574300
581200
586500
591100
596200
600900
610900
621200
629600
649000
655100
661200
666000
674300
689200
696200
701700
712400
718300
729400
735400
747000
753500
760500
784500
794800
800100
809200
817800
822600
827000
843500
851300
856400
874700
879400
885900
893800
901000
910300
934000
938600
949700
955200
961100
967400
972500
982700
990900
997100
1002200
1576200
1855800
1951200
1956600
2172800
# OFFOEL
# duration (msec): 1000
# repetition number: 42
9800
14500
18600
24300
32500
38700
44500
56600
60900
65800
71900
80200
85100
89500
95900
109600
118400
125400
130800
138700
151400
157900
162200
170700
176400
186100
191100
200200
207900
212700
218800
236600
241900
263800
270500
277400
282700
287900
293800
308600
317600
327600
335300
345900
357600
363500
369500
374800
384000
392000
407100
414200
423800
429100
435200
449000
468200
480000
484900
490800
495900
501600
506800
517100
525600
533000
549800
554400
565400
574100
584900
590300
595200
600000
610900
620700
631700
650800
655800
660500
665400
679600
689600
695900
700600
717000
729500
736700
742700
748100
754200
759400
785500
794800
800500
807600
818800
823900
828500
839500
851700
858900
874900
880000
886600
893300
900900
908900
933200
938100
949900
959600
966300
971700
988400
995600
1000500
1005000
1105900
1278900
1310400
1462900
1651000
1839000
# OFFOEL
# duration (msec): 1000
# repetition number: 43
9800
14100
18100
23800
32300
38300
47500
57400
63900
71900
80000
84800
89500
96600
116700
121400
125900
132200
139700
146100
156100
161000
165900
172900
178000
190000
200200
210500
222500
236300
241500
246800
253400
270200
279100
284000
289200
294200
307400
318500
325400
334300
345900
352400
359300
364600
369900
375200
383600
407700
415100
423400
429300
435200
448400
463900
472000
480300
485300
494500
500900
506900
516300
535400
550500
555600
565900
574300
585200
591400
596200
600700
610400
622200
632800
644600
650800
656000
662100
667500
674700
686200
691000
696700
701700
717200
722400
729000
735400
747000
753600
760900
785400
795200
801000
808000
819900
824600
833800
844400
851800
856900
874400
879400
886200
892600
897700
902700
909400
915100
931300
936000
950100
955400
960500
967200
972000
982600
990200
996900
1001800
1007700
1688100
1779300
1784300
1805400
# OFFOEL
# duration (msec): 1000
# repetition number: 44
9600
13800
17700
22900
32500
38300
43500
57000
61900
66200
72300
80700
88200
96300
117600
125400
131900
138100
146100
156000
160700
172400
176700
181400
189500
198200
206900
212100
222200
236400
243500
269000
279200
285200
289700
294000
308400
317700
326800
335000
345400
353600
360200
365000
369500
374000
384000
405300
413800
423200
428800
434900
447900
465200
480000
484700
493300
501500
506900
514900
532800
545200
551100
559400
567000
576600
584700
589100
594800
599200
604700
621400
631300
644500
651600
659900
664500
674100
686200
691300
697400
702100
717400
727700
734400
740900
747700
754100
760400
784600
794900
800200
808100
816300
821000
825400
843500
851900
857600
875200
880700
886700
894200
902400
912900
933400
938300
950600
958700
969400
980900
990500
996200
1001500
1532400
1730200
# OFFOEL
# duration (msec): 1000
# repetition number: 45
9900
14400
18400
24300
32900
38400
46800
57900
63500
70700
80700
89000
96400
109200
119300
125300
129500
133600
139400
147100
157000
161600
175100
183000
190400
198100
203300
210500
215200
222600
236300
240900
246500
269700
278600
283700
288200
294200
308600
318900
325500
335600
349600
359000
364300
369900
374800
383900
407000
414000
424000
429600
434300
448900
462900
473500
480900
486500
492800
497300
505700
513500
518900
532800
549600
555000
565100
573900
585300
590400
595800
600500
611600
620900
630000
645200
650400
656200
661100
665600
675000
686700
691700
696900
702700
712800
719800
728700
735700
741500
748200
754300
760600
785100
795700
800900
808100
816300
821100
825400
840500
852000
856800
874700
880200
886900
892600
901000
913300
932900
937800
949600
955100
961700
968300
973200
996200
1000800
1005000
1915600
# OFFOEL
# duration (msec): 1000
# repetition number: 46
9900
14300
18200
24300
32800
39000
46200
55400
59900
64400
71200
79400
83900
89200
96100
117600
124400
129300
133700
139200
145600
155700
160500
164700
171000
176000
182200
190800
198600
210100
222600
236600
242400
270000
278600
284300
288900
295000
303200
308700
318800
326500
348100
358600
364200
369200
373600
384200
408000
417800
424300
429900
436700
449200
464000
479800
484300
491900
497100
501900
506700
513300
519500
532400
549500
553900
563900
573800
585000
590500
595500
600000
609900
621800
633100
647700
652600
657500
662800
667400
687500
692900
697400
701700
717200
727600
735400
742000
748700
754300
760900
785100
794000
800100
808700
819000
823800
828100
844000
852900
859300
874700
879800
885900
893000
901200
933000
938000
950000
960700
970000
982400
990200
999200
1004500
1401000
1505800
1523500
1632000
1904300
2027100
2252200
2291000
# OFFOEL
# duration (msec): 1000
# repetition number: 47
9800
13900
17600
24200
33100
38700
43600
57500
62000
68000
72400
80200
88000
95700
115000
119500
125500
131800
138500
147300
156900
161500
166000
175100
186600
192400
198600
210300
222100
231100
237600
243300
250200
259100
269500
274100
280000
285700
293400
307500
317900
324200
329500
337200
346300
353200
363100
369300
373900
383900
393000
408000
416100
423700
429400
434700
448100
463800
479500
484000
490800
495900
505800
514000
520100
527200
532800
551000
565400
573900
584500
589000
594900
599700
604900
620600
633100
646600
654900
661900
667200
686200
691100
695800
700400
712200
718200
728500
735300
742400
748300
754300
760500
785000
794400
800900
817000
822100
826600
844400
852500
859500
874300
880000
886400
892700
901400
908200
914100
933300
938000
950000
959600
969800
974800
982100
990800
999400
1004600
# OFFOEL
# duration (msec): 1000
# repetition number: 48
9700
13900
17700
23600
33500
38700
46000
56400
60900
65100
71100
80800
88400
95600
109000
118400
124800
130000
135200
140200
152200
157300
161400
175100
185700
191300
201200
211000
221900
236800
242200
258800
269500
281200
286600
291100
295300
307900
318500
326100
334700
345200
352500
362800
368200
372700
383700
403300
409000
418000
424200
430400
436100
449000
465000
470900
480500
485100
493000
499300
506000
513600
532500
549900
554600
565000
574200
584600
589400
594900
599400
605400
620900
632800
644400
650600
655800
661300
665700
675400
687400
692200
697300
702800
712700
718500
727500
735300
742500
748200
753800
760500
785300
795700
800600
807600
816600
821600
826100
843700
852300
856900
875000
879800
886500
894700
901000
908500
933200
938400
951000
959300
967100
972100
989000
997200
1002000
1007600
1529000
1732300
2003100
# OFFOEL
# duration (msec): 1000
# repetition number: 49
9800
14000
17800
24100
33200
38700
43100
55800
60400
65300
71500
80100
86700
91100
109700
118100
122900
127200
131600
139200
150200
157300
162000
175200
180600
190000
197700
202700
211000
222600
236600
241200
246000
258300
270700
280000
285500
289900
294500
307900
318700
327100
334500
346200
354200
362800
369800
374600
384100
406700
414300
423500
429900
435400
448400
463800
474900
481000
485800
491200
495900
506200
519000
525700
533200
549900
554900
561300
567100
575100
584800
589300
596100
600700
611200
621400
631100
644300
650300
656700
662100
666500
676000
686300
691200
696900
702100
717400
722500
735200
743600
748600
753700
760900
784900
790000
796100
802100
816100
821900
826900
839900
851800
875100
880100
886800
893800
901600
914100
933000
937900
951400
960600
967700
972400
989100
996500
1001700
1008300
1139300
# OFFOEL
# duration (msec): 1000
# repetition number: 50
9600
13900
17800
24400
32800
39100
44600
56600
60900
65500
71300
76900
81600
89800
96400
109300
117900
125000
131800
139800
151000
157500
161900
170800
175600
190500
199300
208600
218300
224700
236900
242300
258900
270000
278800
283800
289100
294800
307800
317500
326100
333900
346900
359200
364500
369200
374000
383700
407900
415600
424500
430400
435800
448900
464200
472800
481300
491900
496300
506700
514700
524800
533200
549800
554500
564300
574700
584600
589100
595700
600400
610400
621300
633700
644800
650600
656000
661700
667100
675300
686000
691200
696400
701900
718200
729800
740900
747900
754400
760600
784900
789900
796800
801700
820200
824900
838400
845100
854500
872400
877700
886200
893400
900700
909000
932900
938000
950600
959800
967700
972500
983000
991100
996500
1001700
1593500
1724000
# OFFOEL
# duration (msec): 1000
# repetition number: 51
9700
14100
18200
32100
38800
47000
55600
59900
64700
71100
79800
84900
89800
97600
116900
121900
126500
132500
138900
146300
152800
158100
162500
174700
181200
191100
199800
210100
222700
236300
243100
250000
269300
279500
284600
289300
295800
307800
316200
321100
326700
335000
345700
353100
359400
364400
369000
373500
384500
402300
408000
415200
423800
429400
434500
448600
464100
479800
484800
492100
497400
505500
513400
526100
532800
548900
554300
565300
580600
586300
594800
599500
605700
611500
621100
634300
649500
655300
661400
666100
674500
685600
691100
696200
706900
717700
728500
741000
746500
752700
785700
796100
801100
814000
819300
823700
828300
838300
852000
857400
875000
880200
886500
892800
901700
909000
919500
932500
937500
950900
960200
970100
981800
989800
999300
1004300
1526000
1584900
# OFFOEL
# duration (msec): 1000
# repetition number: 52
9600
13900
18000
23800
32500
38600
44100
56900
61700
66000
71600
80400
87200
96600
110000
117200
122000
126600
130800
138600
156000
160600
165700
175600
181500
187600
197800
210800
217600
225000
236400
242200
259300
270400
279100
283900
288200
293900
308200
318300
327200
335600
345800
352200
358800
365200
370000
374300
384300
408700
423600
430100
435800
448900
463600
474000
481100
491000
496300
501900
506700
513700
520100
533200
550700
558500
566900
575700
585200
590000
595700
600300
605800
611500
621200
644000
650600
656500
662000
666800
680900
690400
696500
701200
717700
727900
736600
742800
748100
753700
760300
784500
795300
800600
808500
817700
822400
826800
841500
852000
856600
874600
879500
886200
893100
901000
908800
933300
938800
949800
959900
970500
982200
995100
1001100
1007900
1264700
1405700
# OFFOEL
# duration (msec): 1000
# repetition number: 53
9400
13600
17300
24000
32500
38600
45400
57300
61900
67500
72100
79500
84300
90000
96800
110100
118200
122400
126800
133100
139000
151600
157400
162100
174800
182900
190300
200100
210400
235900
241300
259000
269300
279200
284000
288900
293600
307600
324600
334400
345300
352200
364100
369300
373700
384300
407100
414700
424000
429500
436500
448500
463200
480200
485100
493400
501100
506700
514200
521000
532300
550000
555100
574200
584500
589100
594400
599200
611300
621000
633900
645600
651100
655900
661600
666200
675700
685000
690800
697300
702400
716800
722200
729400
736500
742700
748800
754000
759600
784300
795500
800900
807500
818300
822900
827100
839300
845500
852600
873100
878400
886100
893500
901100
933000
937600
950100
955700
967300
972400
988600
997800
1002600
1316000
1389000
1428400
1685200
# OFFOEL
# duration (msec): 1000
# repetition number: 54
9400
13600
17500
24000
33100
38500
45400
57000
61300
66200
71800
78100
82600
88700
94300
109400
118200
124000
128300
133700
139800
156800
161400
172100
177000
190300
198100
203000
211000
222700
233300
238600
243400
258600
269300
279700
284600
289300
294600
308300
317300
327900
334800
346500
357700
364200
369400
374200
383600
388400
407600
417200
424300
429400
440800
449000
464900
479900
485000
491700
496800
506300
517500
533200
550400
555500
565400
573600
583700
588700
595000
599600
622100
632400
645600
651000
656700
662000
666500
683700
691000
696200
700900
717900
728200
736300
741600
747300
754000
760000
784900
795900
800700
808100
817800
822500
827200
844400
853300
863000
875700
881500
887200
894000
901300
909100
932700
937700
949900
954500
961000
968700
982600
990100
998600
1003200
1370000
1444900
1712600
# OFFOEL
# duration (msec): 1000
# repetition number: 55
9800
14000
17800
23800
33100
39100
46600
56800
61200
66400
71400
78900
87300
91700
97000
108700
118100
125200
132100
138700
145900
156900
162000
170300
176000
180600
189900
197600
205500
212200
223200
236400
242700
252700
269800
279600
285400
291400
308100
317100
324000
328700
351900
363000
368500
373200
384100
407600
414300
423900
429400
434100
448600
464100
480900
488600
493900
500000
506600
511600
518600
533000
549400
554300
559700
566100
575100
585500
590400
595700
600900
621600
633700
645300
652600
658100
662900
668600
679200
690100
695800
700300
717900
729000
743200
749600
754700
760300
785400
794700
800600
818400
823200
827800
844600
852500
859500
874400
879500
886600
895000
901200
909900
933800
938800
950300
959600
967500
972300
982100
996500
1001500
1006900
1063200
1264900
# OFFOEL
# duration (msec): 1000
# repetition number: 56
9800
14000
18000
23300
31300
35800
39800
55500
59900
65900
71100
76100
80900
85600
91500
102000
109800
117700
123500
128100
133200
139000
150300
157100
162000
170700
176400
181200
186100
191500
200500
209000
222800
237100
243100
250100
259500
269800
279500
285100
289900
294500
307500
318100
325900
335700
345800
354200
360700
365500
370500
377400
383800
409000
415500
423900
429500
436300
447900
465300
480400
485100
493200
497900
502600
507100
514600
524600
533400
547900
553100
565400
573200
584900
589400
594900
601400
621200
634300
645800
654700
662000
666800
682100
689500
696500
701300
717400
722200
728800
735200
742000
748700
754100
759400
785000
794800
800900
809100
816500
821500
826200
852700
875700
880500
887100
894500
901500
913300
933200
937900
949300
955200
966100
971900
989400
999200
1004300
1789600
1906800
# OFFOEL
# duration (msec): 1000
# repetition number: 57
9600
13600
17400
23400
30400
34800
39300
45800
54100
58800
64900
71700
80200
86800
91400
96600
111100
118700
125000
130200
134400
139500
151200
157100
161400
171700
176600
181800
190100
196800
203500
210700
222300
236700
242200
259800
269400
278500
283900
288700
293300
307900
317300
326300
334900
349700
358000
364100
369200
373900
384000
407200
414000
424200
429700
435700
448700
464400
480600
490900
495700
502200
508100
516800
531700
537000
549600
554500
561500
585200
589800
594400
598600
604400
620700
628400
634700
645400
651600
657000
662000
666500
685500
690500
696100
700800
716900
728200
735900
742200
748000
754000
759700
784900
794500
800500
808800
817700
822400
827000
838100
851000
855800
875000
879600
885700
893300
900600
933200
937800
950200
954900
959900
970000
977200
985600
990900
995900
1001300
1006700
1690600
# OFFOEL
# duration (msec): 1000
# repetition number: 58
9800
14100
18000
22100
33100
39000
43800
56700
62100
66500
71200
79900
85800
90300
96900
109300
118600
125700
130000
134500
139400
156100
160500
165200
175000
182300
191000
197300
202900
209800
214200
224200
236700
242400
257300
269800
280500
287100
293400
301600
308500
317100
324600
329600
346100
352000
358800
364700
369500
374400
384400
407600
415200
423500
430300
448800
473700
480400
485000
493500
500500
506700
513700
519000
532600
550400
557200
566000
574500
585000
589900
596100
601200
606400
612900
622500
633900
645200
651700
657000
662900
667700
676500
687000
691700
697200
717500
729800
747200
753100
760500
784900
790300
796000
801000
817300
822100
826400
843600
852300
875100
880700
887200
892900
900500
908700
933300
938200
950300
959700
969800
982600
995400
1001200
1282400
1339000
1409500
1697300
1994400
# OFFOEL
# duration (msec): 1000
# repetition number: 59
9500
13500
17300
23600
32400
37200
41200
56100
60600
65000
71000
79900
84500
90400
96600
111700
118200
122800
127100
132900
138900
146600
156800
161600
175000
188800
197200
202600
210800
222200
236200
240800
245100
264600
270400
278400
284200
289600
295000
307900
313400
318600
326600
344500
349800
357900
363500
369100
373800
384000
406500
414100
423400
429100
435700
449000
468900
480500
485500
492400
497900
506300
513800
532300
550300
554900
564300
574500
584500
589000
594300
600000
606100
612500
621400
629300
645500
651100
656800
662400
667100
675400
680900
690100
697400
708100
717800
723100
729500
736000
747000
754400
760300
785100
795000
800900
818800
823300
827500
844300
852500
859500
875100
879900
886400
894100
900800
908500
914300
933000
938000
950000
958700
966400
971800
982600
990400
997600
1003100
1009300
1398100
1710600
1778700
1814500
1887800
# OFFOEL
# duration (msec): 1000
# repetition number: 60
9600
13800
17600
23100
33000
39300
43700
56900
63200
71000
81100
88600
96400
117000
122200
126800
131800
138800
147100
154900
159300
165200
175600
182200
188900
194200
201000
210300
223600
236500
243200
256900
269600
279400
285700
293000
307900
317300
326500
336300
346000
351900
359500
364500
369600
374400
383900
407300
423100
428900
433700
448100
471400
480200
484800
491400
501300
506900
514300
532300
549100
554900
565300
581200
586200
590600
595600
600300
621000
635300
649300
656900
662000
666300
675700
689600
697200
701800
717100
721900
728700
736500
742500
753800
760900
784800
795300
800700
812000
817800
822900
827300
839700
853000
874600
879300
886100
892800
900900
909700
932200
937200
949900
959200
966800
972100
983000
990400
998600
1003600
1106100
1211800
1258800
# OFFOEL
# duration (msec): 1000
# repetition number: 61
9700
13900
17800
30700
34900
39500
43700
53700
58900
65700
71500
79500
84800
89800
95500
118400
125200
132300
139600
151300
157200
162200
174600
179800
190700
200100
210200
222600
237100
242600
259400
270000
281900
287100
293600
307600
316400
322200
328000
345500
354500
363100
368600
374000
384100
407600
423200
429200
434500
448500
465300
480200
485300
492700
497400
506400
518000
527100
534100
549400
555000
565100
574300
585100
589900
595000
599300
611400
621300
633400
645100
651500
657300
662200
666700
675100
681000
690700
696400
701600
717300
722200
736400
745500
750200
754800
761300
785000
794800
800200
809200
817500
822700
828400
844600
852600
861400
875400
882400
887300
893800
901300
913100
933900
950100
961000
967600
972700
981800
990000
996600
1001500
# OFFOEL
# duration (msec): 1000
# repetition number: 62
9800
14200
18000
25500
33300
38800
44800
57300
64000
70900
75900
81100
89100
97300
109900
117200
121900
126700
132400
139600
150900
156500
161000
174600
181400
187300
192500
201500
210800
222700
236100
240900
245200
251400
267700
272400
279100
283600
288000
293900
307900
318300
324800
329600
346100
352800
359300
364200
369500
374600
384100
408000
416500
424200
429700
435800
448400
463900
480400
490700
495600
502700
507700
518200
533600
550500
560900
566600
574700
584600
589400
595000
600100
605800
621300
630000
638300
650100
656400
662100
667000
674900
686700
691600
696900
701700
717500
728300
741200
747300
753500
762900
777400
785300
794800
800500
807500
816600
821400
825900
843500
851700
856300
875100
880200
886700
894800
901400
908300
915600
933300
938700
950700
960100
969300
974100
982000
989900
996300
1001700
1007100
1444200
# OFFOEL
# duration (msec): 1000
# repetition number: 63
9800
14000
17700
24400
32100
38600
42800
56300
60700
65700
72100
79800
87600
96000
110500
117300
121600
126200
132300
138500
142900
152500
158100
162500
175000
179900
189900
197000
201800
210400
222000
229900
238000
243200
257000
269500
279600
284400
289100
294200
301300
308100
317300
325500
334200
347000
352700
364000
369600
374300
384800
407400
423500
429000
435800
448800
464000
472500
480100
484600
492400
497400
502200
507600
514000
519800
532800
549200
559800
567800
575300
582700
587300
594100
599100
604800
611600
622300
630100
645700
651300
656100
661600
666900
674700
680800
689300
696400
701600
708400
713900
718700
736000
742600
748200
755200
761000
785100
794400
800000
808100
816700
821800
826500
844000
852300
857300
875100
880400
886600
892500
900300
911400
934000
939200
949900
959800
967500
974400
982000
995500
1000900
1005800
1412100
2305900
# OFFOEL
# duration (msec): 1000
# repetition number: 64
9800
14200
17900
21700
28100
34100
39900
54500
59200
64200
70900
77500
82400
88100
93400
109300
116200
121100
126600
132800
138700
147100
157000
161700
171100
176400
181100
186600
193000
199800
210100
222900
236500
241800
257300
269500
279000
284000
289200
294300
308200
317400
325100
329500
345100
358800
364500
369200
373400
384000
408400
417200
423800
430000
438400
448600
462900
473900
481200
486300
493600
500500
506500
512800
518500
532300
550000
555000
565400
574600
584700
594400
599500
610600
621500
628800
634800
644800
651600
657000
662000
666800
675700
689900
696400
700900
717600
723100
729300
736800
742700
747700
754200
759700
785200
795900
800800
808900
817800
822400
826800
844500
852700
857700
875100
880300
886400
894400
901700
909900
933000
938000
950700
959100
969800
982100
992100
998800
1003400
1526700
# OFFOEL
# duration (msec): 1000
# repetition number: 65
9900
14600
18400
24800
32600
38800
52300
58300
64500
72100
78500
84500
91000
96700
118300
125400
132000
139300
150800
158800
164100
174900
181000
190300
198200
210600
222700
237200
242000
249900
257900
269000
279100
286800
294000
303900
308900
317800
327100
337200
351900
363400
368400
373300
384400
407000
414600
422300
428900
435100
447800
456200
465100
471600
481300
485900
492000
498800
507000
514900
520400
533900
550600
559500
566300
575500
584800
589700
596100
603800
621300
632900
644700
651600
657300
662100
666500
687800
692800
697700
702100
717500
728800
741700
747200
753200
761200
785800
795300
800800
807800
817300
822000
826600
849100
854600
874500
879400
885700
894100
900900
908800
914300
933500
938300
950400
959800
967100
972700
984500
998000
1003600
1370200
1938500
1955900
2231100
2248300
# OFFOEL
# duration (msec): 1000
# repetition number: 66
9600
14000
17900
24200
32900
39100
45100
57600
62600
71100
77700
82100
88500
96600
116800
121400
126100
132800
139500
146000
151100
157700
162100
166900
172700
177200
182000
190500
196800
203300
210600
222000
236300
241600
259400
269500
279000
283900
288500
293800
301100
309600
317600
326600
345700
352200
359100
364700
369800
374700
384000
413700
423600
429900
435900
449100
459600
464800
474000
481300
491500
496300
506300
516300
532700
550800
566300
575600
585800
594400
598900
605000
621300
633200
650200
655800
662400
667400
676000
686500
691800
697500
715200
720100
734800
743900
749600
755200
785400
795200
800800
808100
819300
824100
828400
845900
852800
860600
875400
880800
886800
893300
902200
913800
933400
938000
951300
959900
969600
988400
998700
1003700
1096300
1336800
1355900
# OFFOEL
# duration (msec): 1000
# repetition number: 67
10000
15000
19000
24300
33100
39200
46000
57800
62200
66400
72400
77500
82200
88700
96700
109500
117700
125300
132100
139000
145600
157200
161800
174900
181100
186400
191100
199300
208200
213200
223200
236800
242700
259500
270200
280200
285200
292100
307700
319200
326700
335500
354600
364300
370300
374700
384200
407400
418900
424400
429900
434200
449200
464700
480100
484700
492100
497400
505500
517000
532200
550400
555700
564800
574300
585400
590400
597000
611800
621900
631300
649800
655400
661900
666500
675000
687000
691700
696500
701500
713000
718800
729700
736300
742200
747900
754100
760600
785000
790700
796300
801500
809500
817500
822200
826400
844100
852000
857600
875700
881200
887200
893400
901400
913800
933700
939400
950700
959500
967000
972300
989800
999600
1005000
1468000
1613100
# OFFOEL
# duration (msec): 1000
# repetition number: 68
10000
15000
19100
25600
32500
38300
42700
57900
64600
70900
80700
87500
92100
97100
118400
124700
130300
134600
140100
148200
153400
158100
162500
175600
180600
190000
200700
210800
218200
236900
243700
256800
269900
280600
286400
293200
309100
318300
325900
334100
345000
358300
364400
369400
374100
384000
392700
407100
415200
423800
429800
435300
448800
463800
471900
480700
485500
491700
496300
501800
506900
513800
519200
533300
549500
559300
566500
573900
584900
589700
595600
600300
606200
621200
626200
644200
651000
657100
662100
667400
675900
689400
695900
700600
713700
718900
729300
736000
742500
748200
754400
760700
785600
795700
800700
808100
816700
821800
826100
833000
844400
852800
857700
874900
879800
887000
893600
901800
914300
933700
938300
950000
956100
969100
981800
994600
1000000
1005100
1486900
# OFFOEL
# duration (msec): 1000
# repetition number: 69
9700
14000
18000
24100
33300
39300
56200
60800
65900
71200
76700
81800
89100
95900
103100
117900
122500
127000
132700
139100
151900
157900
162300
170400
176200
185600
191300
197600
204600
210900
222800
236400
242000
258600
269400
279500
284300
289200
294400
307200
318000
325900
335400
345700
358100
364300
369500
373900
384100
407000
414300
423900
429900
435500
449300
464200
473900
480800
491600
496500
506300
511000
518100
526100
533300
546500
552000
560100
566300
576600
585000
589900
595600
600000
607300
621300
633900
644400
650800
656100
662200
666900
675100
686900
691700
697200
712700
718300
728600
735200
741300
747100
753500
760700
784600
795800
801500
807800
814900
820300
824800
831300
840400
846600
853400
857900
874600
880000
886200
894300
901000
909900
931600
936600
950200
959600
965200
971200
981900
989300
996300
1001500
1006800
2373000
# OFFOEL
# duration (msec): 1000
# repetition number: 70
9800
14100
18000
24300
32500
38900
45700
54800
60500
65200
70900
81100
88100
96000
109600
119100
125900
130700
135400
139900
149300
157300
162300
175000
181400
190100
197400
210400
221900
236600
242600
269400
278300
283200
288200
293900
301500
308600
319000
325200
329700
336400
350700
359100
364500
369400
373900
384000
402200
413800
423600
429400
435500
448600
463500
479900
484900
493300
497900
502700
507800
516300
527400
550800
565600
573700
583700
588700
594800
599400
605500
621000
628600
634700
645100
651400
656300
662400
667000
677500
686600
691400
697300
701800
713200
718800
727800
737400
747300
753700
760500
785300
794700
800200
808200
818100
822800
827200
833900
840100
852200
857600
876100
880800
886900
893000
901200
909300
931800
937200
949600
955100
960700
967000
971900
983000
989800
997300
1002000
1183800
1606200
# OFFOEL
# duration (msec): 1000
# repetition number: 71
4300
10300
14300
18100
25000
33100
38300
47400
56700
61700
65900
71600
80300
85800
90900
96900
108900
117700
122300
126500
132100
139000
146000
152800
157900
162600
170500
176700
191100
201800
211700
223700
236000
242100
258300
269300
279300
284500
289300
294600
307900
312700
318400
326200
334800
346200
352400
358700
364100
369400
373900
384000
388400
414500
423800
430200
436400
448200
480500
491700
496500
501700
507000
513800
518600
532400
550400
559300
566100
574600
584900
589500
595600
600400
606300
612100
621500
634600
644800
650600
656000
662000
667300
676200
690100
695700
700300
717600
729100
736400
742500
747900
754100
761000
785200
794800
801000
808100
818300
823400
828700
843800
852700
860200
871500
876300
880700
887600
893100
901600
909400
933400
938400
950000
960100
968200
974000
982800
990400
995700
1001600
1006200
1649900
1664200
# OFFOEL
# duration (msec): 1000
# repetition number: 72
9900
14400
18300
23800
32400
38500
57400
62400
70100
77100
82400
88400
95900
110200
118700
125600
132000
138700
153100
157800
162000
166100
175600
185800
191700
200400
210500
222300
236600
241500
250200
257400
265000
270500
279100
284100
288700
293600
307500
318300
325300
334200
346800
354200
363200
369200
374000
384500
413600
424300
429600
435700
448400
463600
480200
484700
493500
498400
506100
512900
520100
532900
551300
560100
567400
574500
585300
591000
596000
600400
605400
612700
621500
630800
649300
655600
661400
666300
675500
682300
689200
695600
700400
713200
719100
734600
742300
747600
754100
760000
784900
795400
800400
815600
820500
825400
844400
853000
861900
875000
880200
886200
891100
901100
913500
933500
939500
950900
959900
970100
982600
989400
998000
1002700
1168400
1776300
1876300
1944300
# OFFOEL
# duration (msec): 1000
# repetition number: 73
9600
13900
17700
24200
32700
38800
46400
57400
61800
65700
71800
78200
83100
89300
96200
118000
125600
129900
134400
139600
146600
156300
161400
174800
183200
191000
200200
206300
211700
222600
235800
242000
251800
258900
269700
279100
284300
292700
299300
308700
317600
327000
335000
353400
359700
364900
370100
375000
384200
407800
423300
428800
434800
448100
464300
479300
483700
492900
498200
505600
513500
519000
532100
549200
554100
566100
573600
585100
590300
595500
599900
605200
611600
621600
630100
635000
645200
652100
656800
661900
666700
675100
686800
691400
696800
701600
717600
722400
734600
746800
753000
785300
794700
800400
808600
817900
823100
827500
840000
852100
857200
872900
878500
885900
891900
900600
906300
915400
932600
937500
950900
959100
970300
983700
995100
1000600
1005500
# OFFOEL
# duration (msec): 1000
# repetition number: 74
9800
14000
17900
25400
31900
36900
41000
58200
64400
70300
74900
80100
84400
88800
112200
118100
122900
127300
132900
138900
152200
158300
162700
175000
181400
186700
191600
201700
211300
222200
236300
242600
251600
269800
275100
279800
284100
288500
293600
308500
317800
326800
333600
345700
359400
364900
369500
373800
383900
389200
402200
414200
423800
429500
435400
448300
457000
481000
491400
496000
506200
514900
525100
532600
549500
553900
564300
585000
589900
595500
600100
606500
611900
622100
632200
644900
651000
656300
661500
666100
674500
689700
696000
701300
717200
735400
746400
753300
759600
785100
796400
801600
818800
823900
828600
839500
851500
856200
875100
880100
887400
894200
901900
910600
933000
937700
950100
960000
967100
971700
982300
990000
998700
1004300
# OFFOEL
# duration (msec): 1000
# repetition number: 75
9600
13900
17700
32300
37100
41000
57200
61500
70000
79000
84000
89100
96500
109800
118900
125600
130200
134800
140100
154300
159200
164100
174600
181900
190400
196400
201700
210500
222900
237100
243000
261500
269600
278800
284100
289500
294900
308300
317700
326200
334700
349400
358300
364100
370600
377600
384400
407000
415500
423800
428900
448600
463900
480300
490500
496100
502600
508600
518100
533300
549500
555600
564600
574400
585100
589700
597100
607500
621100
633000
645000
650400
655700
661500
665800
674800
687200
691800
696800
701200
717700
729400
735900
746700
753400
759800
785300
795400
800600
809600
818600
823100
827400
840200
847100
853000
874600
879600
886600
893800
900900
908700
933400
938400
949600
955000
967300
972100
991400
999100
1004000
1686800
1740400
1816600
# OFFOEL
# duration (msec): 1000
# repetition number: 76
9900
14200
17900
24000
33000
38700
43900
56700
64100
70900
76600
81600
88800
96900
109300
118400
124400
128500
133100
137500
145900
157100
162200
175000
182200
190600
201100
207500
212800
223400
236200
240900
245000
256700
270600
279200
284500
293100
308600
317600
326600
335800
345100
353300
363200
368500
373600
384200
408600
415700
424800
429600
434100
448800
472300
481500
492700
497600
506500
517800
533200
550100
554800
565300
571700
585100
590100
596100
601200
611500
621000
644300
651400
656300
660900
665400
676800
687700
694100
698700
703900
718100
730800
736700
744700
751200
756200
761000
785000
795400
801200
807700
819200
824100
828700
843500
852300
858400
875900
881000
886400
894600
902100
913200
933800
939700
950000
966100
971000
982400
991600
999900
1005400
1269300
# OFFOEL
# duration (msec): 1000
# repetition number: 77
9700
13900
17700
23700
33400
39100
44600
57600
62500
67400
71800
80200
85200
90000
96900
109900
118200
123000
127400
133600
139600
147400
157100
161700
170400
176100
181800
190000
200100
209800
222700
236600
241900
269800
279200
285400
292800
303000
309400
318100
328100
347900
352900
359200
364100
368900
373700
383600
406100
423200
428700
436000
448400
464800
480600
485200
492400
497900
506800
518300
532700
544500
550900
564600
574700
584800
589500
594900
599500
611900
621700
634600
644700
650500
657600
662600
667100
675600
686200
691400
697000
702200
718300
728200
735500
746700
754900
761600
785300
795200
800900
813100
818800
823300
827800
843200
852000
857300
875000
880900
887100
893300
901100
910800
933100
937600
951500
960400
970000
982800
994900
1000700
1007100
1109200
1254000
# OFFOEL
# duration (msec): 1000
# repetition number: 78
10000
14200
17800
23800
32900
38100
57400
64900
71800
80100
85100
89700
96600
109200
117200
121700
126800
132100
138600
148600
157900
162500
171500
176300
181900
190200
197100
202500
211400
224500
236500
244100
264200
270900
279000
283600
288300
293500
309500
317600
326600
334800
345900
352700
359600
365700
370700
375000
384900
407600
414600
423700
429300
433900
449000
464100
473000
481200
490100
494800
502900
507600
514500
532900
550300
560100
565800
574400
584700
590000
595200
600000
610700
621400
629100
635600
645000
651000
656400
661700
666700
675500
689200
695700
700600
716900
728800
735700
742100
747800
754100
761100
785100
795000
800700
812000
819000
823700
828100
838400
846100
853100
874400
879800
886900
893100
901100
909100
916600
933300
939000
951100
959400
967300
972800
984300
995000
1001500
1380800
1413300
# OFFOEL
# duration (msec): 1000
# repetition number: 79
9800
14000
17800
23500
31400
38800
45400
57600
63900
71300
79800
87500
95600
109100
118700
125900
130800
134900
139600
145400
151600
157500
162700
175300
190700
198500
210500
223100
236500
242600
254500
269800
280300
286200
291100
295400
308400
319800
327300
334700
344200
352300
359500
364100
369100
373700
384200
407100
415300
424000
430600
448800
454000
460300
473300
480700
485400
491700
496800
503000
508200
514900
532300
549600
554500
560300
566300
573900
584900
589800
595900
600400
606200
621200
632700
645000
654400
662000
666800
686600
691700
697000
701800
717700
728200
735200
747700
754700
761200
785000
795600
800600
808000
817800
822800
827400
844600
853000
858600
875200
879900
886200
891800
900900
907900
915400
931900
937400
950200
958400
963800
970100
989300
996500
1001700
# OFFOEL
# duration (msec): 1000
# repetition number: 80
10000
14300
18100
23300
32800
38800
46200
57500
64400
70700
76600
81300
87600
98700
118100
126200
131600
139500
150100
156900
161200
165400
174600
189400
197300
203500
210600
223000
236400
242600
249600
263700
269700
279700
285000
289400
294300
308500
318000
325900
334200
345700
358700
364300
370000
383400
388700
407300
423600
428700
434700
448400
464000
480100
484600
492000
496700
502400
507400
518500
533100
544900
551700
559800
566400
574800
585200
589900
595300
599900
605400
611900
620700
634300
644900
650600
655700
661900
667800
679900
688900
694000
699100
714100
719600
728800
736400
747400
754300
785500
795700
800600
807800
818400
823500
828000
845600
853000
859700
875000
880700
886200
894100
900900
909000
914700
932500
937100
950800
959500
968900
982200
995300
1000500
1005100
# OFFOEL
# duration (msec): 1000
# repetition number: 81
9500
14700
18800
24500
32500
38600
55600
59900
65500
71400
79000
88500
96300
110700
118300
124000
128300
133600
139300
156800
161200
170600
176500
188200
196600
202500
210800
223300
236700
242800
256800
270300
278900
284300
288800
294000
308400
317700
326200
334300
345700
352500
359900
364900
370000
374400
383700
407000
416700
424000
430100
436100
448900
455500
463800
477300
481900
490600
495000
500200
506300
514400
533700
549000
554100
564300
569200
575200
584900
589500
595500
602300
611500
621700
631600
649800
655400
660400
665000
670400
678700
686700
691800
697100
701500
712700
718800
723700
728700
735900
742100
748100
754200
760000
785000
795300
800800
808900
816000
821700
826500
845300
854000
874200
879300
886300
892800
900700
912900
933200
939100
949900
959600
967300
972800
988600
996900
1002100
1938800
# OFFOEL
# duration (msec): 1000
# repetition number: 82
9500
14000
18100
24000
33500
39100
46800
56600
61200
67200
71900
80500
85300
90100
96100
109200
117100
121600
126400
132000
138300
146600
157700
163700
175100
179800
190800
200300
205400
211100
222600
237000
243400
257500
269800
278700
283500
288600
294300
307900
318400
326500
345600
352700
363600
369200
374300
383700
408800
416700
424900
430700
436100
449200
463300
480500
485100
492400
496900
502800
507600
515400
526900
549800
554700
560500
566600
584600
589200
595300
600000
605400
620300
633100
644500
651000
656000
661800
667000
674900
689400
696300
701200
713300
718900
727500
736200
748400
754400
785200
795200
801000
808100
817900
822600
827100
839000
844900
852700
858200
875300
879800
886700
892800
901700
910400
934400
939100
950900
960000
967600
974200
983400
997200
1001900
1289900
1651400
1841800
# OFFOEL
# duration (msec): 1000
# repetition number: 83
9700
13900
18000
24800
33500
39100
43200
57400
63000
71300
79000
83700
89000
96400
109400
118000
123500
128300
133700
139200
156600
161600
175000
180400
190800
199700
208500
213100
225700
236300
241700
249900
269800
279800
286300
292700
298700
309000
318200
325300
330100
336100
345800
353400
358800
364100
369900
374300
384100
407400
413400
424200
429400
435400
449300
464400
473100
480600
485200
492000
499300
505200
510100
518800
526200
532600
544000
551100
556500
566200
574000
584500
589200
594900
599500
605700
620800
632400
646300
652600
658500
662800
667200
681000
688800
693600
698100
702400
713000
718400
728100
735300
742500
748600
754300
760200
785200
795200
801500
813100
819400
824900
829700
845700
853200
875400
880100
886800
893300
900800
909100
915500
933400
938000
950500
960800
970500
989300
995900
1001200
1045400
# OFFOEL
# duration (msec): 1000
# repetition number: 84
10000
14100
18000
24700
33000
38500
57400
64800
72000
80500
87800
95100
109800
117900
125300
133100
138900
145000
156400
160900
174700
185800
191400
198100
203300
212400
222100
236700
241200
259500
269900
278700
285100
293200
298800
309100
318200
326000
345700
359100
364000
369600
374700
384200
408000
414300
424600
430200
436300
448700
463700
480100
484600
493000
499200
506000
517700
526000
533900
550300
560800
566200
574100
585000
589500
595600
600800
611400
620800
635100
650400
655700
661200
666100
674500
686300
691300
696800
702400
717400
728800
736300
747000
753700
759900
785400
790600
796600
801900
808200
817100
822200
827100
843400
851700
856300
875600
881100
887200
894500
901900
909600
933100
937900
950800
960200
967300
972300
996100
1001300
1500700
1635200
1701300
1828100
# OFFOEL
# duration (msec): 1000
# repetition number: 85
9500
13800
17600
24200
33100
38700
43500
54100
58700
65300
72800
79700
85600
91100
117900
122400
126800
133000
139700
145300
157100
161700
175100
189600
201200
210400
222300
236500
241500
248500
269700
278700
286400
294400
307900
318300
326700
334400
346400
363100
369100
374200
383800
407600
423600
429600
436500
449200
462400
471100
480600
485200
491200
495800
501300
506800
517900
532500
550400
559400
566600
585200
589700
595700
600600
611200
621400
628800
645000
650900
656200
661900
667600
676900
690000
695800
700100
712200
718300
722900
729400
740800
748400
754400
760700
785700
794800
800800
808100
818100
823600
828300
844300
852500
871600
876700
881500
887100
893400
900800
913200
932900
938100
950400
955400
961300
968900
974000
989100
998800
1003700
1766700
1856800
# OFFOEL
# duration (msec): 1000
# repetition number: 86
9900
15900
21700
33500
39600
46100
57900
64600
70800
78300
85400
90500
97600
110800
118400
123000
127100
132300
139900
151400
157600
162000
168000
176500
190200
199100
203900
211000
222300
237000
242400
255400
270100
278700
284300
290600
296100
307800
317900
324900
329400
335100
346300
358100
364600
369500
373900
384200
408000
415800
424700
429700
435100
448500
465500
477100
482100
486800
493300
505400
512500
519400
527500
533300
544900
551300
559300
566400
573700
585300
589900
594800
599200
621200
633500
644500
651800
658500
663000
667700
680700
689300
696900
701500
715100
720000
729300
736400
746900
753100
760200
785300
796800
802300
816800
822000
826700
840300
851400
856600
861700
875400
880200
886900
894100
900500
914000
933500
938200
950100
966700
971500
982800
990300
997700
1003200
1611200
1690300
# OFFOEL
# duration (msec): 1000
# repetition number: 87
9300
13500
17400
24400
32400
37700
42600
48800
55500
60400
65600
72100
79900
85200
89600
96500
109600
118400
124300
128900
133400
138900
145500
157300
161600
175000
179700
190700
198900
204900
211700
223300
236900
242500
269700
280500
286800
292200
296500
307600
317600
325700
333800
345300
358800
364400
369400
374200
382900
387600
406900
414500
424000
429500
435200
448700
458000
471400
480800
491900
496700
507100
515400
525900
533400
550400
554900
560600
568300
582400
587300
594900
600100
610800
621700
630100
644500
651000
656100
661700
666400
680600
689300
694500
699100
717800
722500
730300
742200
748400
754500
760900
784700
795400
800900
818000
823200
828200
844300
852600
875600
881200
887100
893900
901100
909100
915100
932800
937400
950300
959900
968200
973300
988100
995400
1000400
1005300
1556300
1718800
1822000
1876800
1948400
# OFFOEL
# duration (msec): 1000
# repetition number: 88
9900
15100
19200
24400
33800
39100
44800
56100
61000
65500
69600
74400
81500
89100
110400
118600
125900
132300
139000
146100
157400
162000
172000
176500
182000
190700
197400
203500
211600
223200
236800
241300
258200
270000
281400
287600
293300
309100
317300
323400
328200
346200
358200
364600
371600
384300
393800
407900
417300
424300
429800
436800
448800
471600
481600
493200
498900
506700
516900
526400
533400
549500
554300
566100
575900
582600
587500
594800
599400
610900
620900
634400
649900
655600
661600
666800
686900
692800
697600
712900
718900
727800
735000
742400
748800
754400
759800
785900
794400
801600
811000
818200
823300
827500
845800
852600
860200
874700
880400
887300
892900
901500
909400
933800
938700
951600
959800
967800
972500
982600
989900
998700
1003700
1245800
1565400
1916400
# OFFOEL
# duration (msec): 1000
# repetition number: 89
9600
13900
17600
23900
32600
38700
46700
55800
60800
65300
70700
80800
88200
96000
117800
122200
127000
132400
138900
156700
160900
171300
176500
185600
192100
199600
204200
211100
222100
236200
243000
257600
269200
278100
283800
288600
293700
307600
318400
327000
336200
346300
358400
364800
370300
375000
384200
401900
409600
416300
423800
429700
448100
472300
481400
485800
491500
496100
506300
513800
518800
532800
550400
560100
566700
585100
589700
595200
599600
610500
621200
629100
637000
644600
650600
655500
661700
666700
676800
690100
697100
701800
717800
728400
736300
743300
748500
754200
760100
784800
789900
795900
801200
808500
816400
821600
826000
832900
852000
857500
875300
881200
887000
893800
901600
908800
932100
937300
950200
960000
970200
982900
989700
996300
1001400
1005500
1742900
# OFFOEL
# duration (msec): 1000
# repetition number: 90
9800
14400
18400
23400
31900
38400
54300
59300
65900
71700
80200
89100
96500
110000
118300
123500
128100
133200
139000
145000
152000
158300
162600
175400
182200
190700
201100
210800
221800
236600
242600
256800
263600
269900
280200
286100
293000
307900
317700
323300
327700
336400
346200
359000
364600
370200
375000
384400
394300
406800
413800
423900
429400
435300
449200
463000
480200
484900
492500
497100
505300
513600
519100
532600
549000
553600
565700
573700
584800
589600
595300
600300
606000
611500
620900
625900
633000
644700
651200
656200
661900
667500
676500
686200
691200
696400
700900
717900
727700
736300
743500
748700
754500
760500
785600
790900
796900
802200
810200
818000
823700
829200
839900
845300
853200
859800
874900
879500
886500
892900
900600
909600
932700
937200
945800
953800
961800
968000
972900
982900
990300
997400
1003800
1184700
# OFFOEL
# duration (msec): 1000
# repetition number: 91
10100
14500
18200
24700
33400
38600
46100
57000
61200
66000
71800
80400
88100
96000
111100
118800
125400
130000
135100
139800
151500
158100
162600
175400
180800
190400
199200
210300
222700
236600
242300
250400
268800
278700
285000
290500
296700
307800
317600
326400
337800
347600
358500
364000
369100
374100
384700
413600
419400
424500
430300
436900
449400
465100
480200
484800
492100
497400
506100
518500
526300
533500
545300
551000
558300
567200
585800
590600
596200
600700
611600
621600
629000
635400
645300
651200
656300
662200
667300
675200
686600
691700
697500
712500
719100
727900
735900
742600
748100
753800
759800
784800
794400
800300
809000
817700
822700
827500
845100
852700
857900
875400
880400
886400
893800
901100
913600
933100
937900
950500
955600
967400
972100
982100
998800
1003900
1617300
2045800
2130700
# OFFOEL
# duration (msec): 1000
# repetition number: 92
10000
14200
17900
23900
32800
38400
54800
59600
64200
71200
78100
82500
89300
95200
108900
118200
123100
127300
132800
139100
145800
151700
156800
161100
175200
181400
188600
194400
200800
210700
221600
237000
242400
249000
258500
268700
280100
286700
293100
307800
318300
326500
335000
345200
352600
363500
369000
373600
384200
407800
423600
429600
449000
463800
479600
491400
497100
502400
508500
517300
526000
533700
549800
554400
566200
574300
585200
590300
595300
600000
612000
622000
631900
645100
650600
655800
660700
665500
674800
689800
696300
701400
717500
727700
736200
746900
751700
756100
785800
795400
800800
818000
823000
827400
839500
852200
856900
870800
876700
881700
887400
894500
901200
909500
916900
933300
938000
950000
956700
969500
982000
995200
1000600
1005600
1615200
1653500
1800500
1976700
2122700
# OFFOEL
# duration (msec): 1000
# repetition number: 93
10500
14900
19300
24700
33000
37700
42300
55000
59600
65700
71200
78100
82800
87400
91900
96900
108900
118600
124100
128500
133700
139300
144500
156800
161200
172400
177200
187200
192200
198100
211300
236100
241900
258600
269300
278300
283700
288800
294300
307600
318100
326300
335900
346100
358800
364200
369300
374100
384000
402900
414200
423600
429600
436800
448700
472500
480700
485600
492000
498700
506100
513400
519600
532300
548800
553500
559000
566300
574700
585400
591800
597000
604800
612500
621700
628200
635300
645300
651000
656000
661700
666200
675200
688100
693300
698300
712700
718300
731700
737100
743600
748600
754400
760600
784600
795700
801500
808100
816500
821400
825800
843800
852500
875000
880800
886900
894300
901200
909100
934400
939900
950700
959500
966600
971700
982600
989000
997900
1002700
1502500
2020000
2112500
# OFFOEL
# duration (msec): 1000
# repetition number: 94
10100
14400
18300
24200
31900
38700
42800
56500
60900
65300
71400
80000
85700
90700
96700
117300
124800
129100
133800
140200
156200
160900
165500
175000
180500
189700
200900
210600
223100
236700
242700
257700
270300
280400
287200
293900
307300
317100
327400
335300
346200
352100
358400
364700
370100
374500
383800
406400
414200
424000
430000
436800
449800
465100
477200
482200
491300
496600
506900
513900
519700
533200
550700
559400
566100
574000
585700
590700
595700
600300
620900
631600
649600
655700
662000
666800
679800
690200
696800
707800
718200
728500
736400
742600
748700
754200
760500
785500
795700
801000
807900
818700
823800
828300
843700
852400
857300
861900
874800
881400
886600
893200
901200
914800
933600
939100
952700
960700
969100
975500
983900
997100
1002700
1169900
# OFFOEL
# duration (msec): 1000
# repetition number: 95
10100
14300
18400
24500
33200
38400
43400
57500
65200
70800
76200
81700
88800
96200
118000
122900
127800
133800
140200
146400
157300
162100
170500
177200
187900
197000
202500
210600
221800
233100
237900
243000
257600
269700
278700
284100
292600
301300
308200
317600
326900
335700
345900
358400
364700
370100
375200
384200
408200
416300
424100
429900
436100
449400
479600
484000
491600
496100
501300
506800
517800
532900
550000
554800
559800
566600
575100
585000
595700
600300
605900
612900
620700
644800
651100
656500
661700
666600
686500
691600
697100
702300
717500
728300
735600
747500
753400
760200
785200
795800
801000
808300
818000
823000
827900
844500
853200
859900
871200
876800
886300
892700
901300
914000
933900
938400
951600
960600
969800
975000
982800
990600
997600
1002800
1153700
1278300
1287700
1562900
# OFFOEL
# duration (msec): 1000
# repetition number: 96
9800
14100
18400
24100
33500
38900
43200
56800
61100
66700
71600
79400
84500
89800
96700
110900
119000
125600
130300
135200
140000
146600
156600
161300
175300
190000
199000
203800
211600
222300
235900
242600
259400
270200
278900
285000
293400
298700
308100
318300
327200
336500
345100
355200
364200
370200
374300
383900
406900
417700
424900
429900
436200
447800
465500
479800
484600
492700
497700
506600
515100
533300
549000
553800
564700
574400
585000
590200
595900
601300
621300
630000
644300
650600
655800
661200
666500
680700
687200
691700
698200
707400
718700
729900
736800
746700
753000
759700
785300
795400
801100
807800
817900
822800
827300
843300
852600
857800
875200
881000
886600
892500
902000
911300
932900
938200
950400
959600
968300
973100
982900
990800
998000
1003200
1364600
# OFFOEL
# duration (msec): 1000
# repetition number: 97
10300
15300
20000
26300
32500
38400
43100
58300
64900
73500
80800
87400
94000
117800
125500
131900
139300
151100
158100
162800
175200
185900
192400
199200
203900
211100
222600
236300
242000
270200
280400
287700
293700
308200
317800
326500
331400
346500
358900
365100
370300
374600
383200
402400
412700
423800
429300
436100
448900
457200
470000
480800
485300
493200
501200
507600
513600
519300
532000
545000
550800
566200
575200
584900
590300
596400
601000
611000
621700
635100
650400
656100
661500
666000
689900
696200
701100
713600
720200
729400
739400
746800
754100
760000
784800
796500
801500
808100
818600
824100
829400
852400
874900
881200
887300
895700
901400
913300
934100
938900
950500
960000
967400
972700
982800
988900
997500
1002400
1714300
# OFFOEL
# duration (msec): 1000
# repetition number: 98
9300
13700
17600
30400
34700
39200
56800
61000
65500
72700
78300
83800
89200
96300
110100
117800
123100
127600
133400
138900
151500
158100
162900
170600
179000
189800
197600
203900
211000
222500
236300
242600
257600
269300
279200
284500
293700
298500
307800
318200
327000
334900
345400
352400
359800
364700
369500
374200
384100
407100
413500
424300
429600
435300
449300
464200
473200
481200
491200
496200
505700
518100
531200
548000
552800
558900
566000
575200
585200
589800
595300
599700
611300
619200
628400
634900
644700
650300
656000
661700
667300
675600
689100
696000
700600
717800
729100
741500
746900
753500
759600
784800
795000
801300
811800
817500
822400
826900
842900
851600
874800
880400
886900
895900
902900
914400
933200
938200
950200
960600
967500
972900
988500
999500
1006600
1430400
# OFFOEL
# duration (msec): 1000
# repetition number: 99
10200
16100
24000
32700
38400
43500
58500
65200
71800
81700
87100
92100
98900
109600
117800
122900
127400
132400
138700
152000
157800
162200
175500
190400
197400
202600
211100
236400
242800
250600
270100
279200
283800
288900
293800
308200
318500
327300
335200
351900
363100
370000
375100
383500
406700
415600
424000
429900
449600
463000
474800
480400
490400
495200
502500
507800
517900
533900
550200
555000
564600
573900
584500
589400
596600
610300
621000
631200
645200
650600
656400
662600
667500
681600
687000
692600
698000
713600
718500
728000
736100
742500
748300
754100
760800
784600
798500
817500
821900
826400
845700
852700
858300
875400
881300
887000
895600
901700
914200
932000
937100
945700
952000
960600
970400
989000
997100
1001900
2107400
2135700
2357400
2436600
# OFFOEL
# duration (msec): 1000
# repetition number: 100
10000
14700
18700
24000
32800
39300
44100
57200
61700
66100
71600
81100
86400
91000
96100
117400
122100
126200
131000
136500
142500
151900
157900
162400
170800
176000
186700
191800
200800
210900
222200
236500
243000
259600
269400
279400
284700
289200
294300
307900
318700
326700
334500
345300
354300
363800
370200
375100
383400
388200
408300
414100
424700
430500
435700
448600
463200
480500
485900
493500
498300
506100
518200
532900
549700
565000
575100
585300
590500
595600
600300
607700
618100
623000
633400
649900
656200
662200
667800
680000
688200
693200
699000
717400
735300
747500
753900
760100
785600
794800
800900
812800
818700
823600
828100
839600
851700
875500
880100
886900
894000
901700
909200
933800
939300
951000
959300
970400
999600
1005100
1075700
1527800
1690200
# OFFOEL
# duration (msec): 1000
# repetition number: 101
10100
14400
17900
23800
33000
39500
57500
62300
66600
71700
80600
88800
96000
117500
122400
127700
132900
139400
150700
158300
162900
174700
181900
187600
198200
202800
211700
224000
236000
240800
244900
270300
280500
286900
293400
308200
317900
326400
331100
346800
359000
364600
370000
374500
384300
402900
413800
423900
429900
437500
448400
464200
481200
485600
492200
499600
505800
511700
518300
533500
550400
563000
568200
576200
585100
590600
596500
606400
621700
629800
645400
654300
661400
666200
679700
689200
696200
701900
713200
719200
728200
735200
744300
749500
755600
760800
785800
795700
807500
817600
822600
826900
833900
853000
875800
880800
887900
900700
908400
933200
937700
950500
959900
970000
977800
983200
996400
1002200
# OFFOEL
# duration (msec): 1000
# repetition number: 102
9800
14200
18100
23900
31700
38700
45600
57100
64700
70700
75500
80500
88900
96000
109000
117700
125400
130500
134900
139600
147500
157200
161700
175200
190300
196900
203000
210800
222300
236600
242500
249600
269800
278900
285300
290700
295100
308400
317000
325400
330500
345300
354000
363400
369300
374200
385100
407700
414700
423900
429800
436000
447600
464100
472600
481100
486000
492400
497500
504500
509100
516500
526100
533900
550100
558900
566200
585200
590200
595700
600100
609500
621600
628400
644600
651100
656300
662700
667900
687300
691800
697100
701400
716900
722600
729800
736800
742300
748600
754500
760100
785800
794900
800600
808600
816400
821600
826000
852700
859100
875300
880400
887100
893700
901000
912600
933200
938400
950700
959500
967400
972600
988500
995500
1000500
1005200
# OFFOEL
# duration (msec): 1000
# repetition number: 103
9900
14200
17900
24600
32900
38700
43100
48300
57100
61800
67000
71500
80800
87700
92400
97100
116800
122400
127200
132900
138600
145700
156500
160900
167700
175600
181700
190200
200000
211600
222700
236300
242400
257700
265500
272600
280000
284700
289500
294200
308000
315400
320400
327500
335300
345200
358100
364000
369400
374300
384500
407100
415300
424200
429800
435300
448600
464300
473100
481400
492900
500600
507000
517200
532900
550300
565400
584200
588900
594900
599500
606300
620900
633600
644700
651500
656200
662200
667200
689900
696400
701800
717200
730200
742200
747900
755300
760700
785900
795900
800900
809100
817000
822200
826600
844300
852000
875100
879900
886200
893300
900600
912900
934000
938700
950300
959400
970400
983200
990100
998200
1003900
1457900
1481400
# OFFOEL
# duration (msec): 1000
# repetition number: 104
10000
14200
18000
32500
38900
43200
56800
61800
70800
76400
82000
88500
95600
109500
119000
125700
132200
138900
147000
156700
161900
175600
181200
190000
200700
208200
215000
223500
236700
241800
269500
280200
286000
291500
307900
318000
326200
335000
346400
358400
364300
369500
373800
383800
389000
413600
424400
429800
436000
448900
465800
480500
484900
492300
496900
506500
518200
532000
550200
554900
564900
574800
585200
589700
595100
599500
621200
632200
644100
651400
656400
661600
666400
679600
690000
696400
705100
712600
718300
728600
735300
741500
748200
754100
760500
784600
789800
796300
807400
818400
823000
827300
844200
852800
875000
881000
886800
893600
900600
908300
933200
938000
951000
959900
969500
982900
994900
1000500
1152900
1410800
1634500
1732300
2132800
# OFFOEL
# duration (msec): 1000
# repetition number: 105
10100
14300
18100
33200
39000
57300
61500
66900
72400
80400
88400
96000
109900
118000
125100
132400
139200
156800
161700
176100
183300
191900
200400
211000
223300
236500
243800
257300
270000
279400
284600
290400
294800
308000
318300
327200
335400
346200
358200
363900
368700
373300
384200
407800
415600
423900
429600
435400
448200
471000
481300
491400
495800
501500
506900
518400
534000
550100
555100
569000
585200
590100
595900
600400
611100
621500
645800
651200
657400
663200
675100
689800
696300
701400
717900
728200
742600
748400
754200
760700
784900
795900
819200
824000
828700
839800
854500
875000
880500
886800
894500
901600
909600
933300
938100
950400
959900
968200
975800
988700
999300
1006100
1293100
1394100
1660200
# OFFOEL
# duration (msec): 1000
# repetition number: 106
9900
14100
18000
24600
33500
39100
44500
56900
63400
70700
80200
88800
97000
116100
120500
125600
132300
139100
151000
157300
162200
174800
185300
190700
200200
210300
236500
242600
258800
270100
278300
283200
287800
293800
307000
311500
317900
326100
345400
358100
364200
370100
374500
384100
407800
415100
423600
429600
436100
448500
463400
474400
480500
485100
492200
496800
502000
508200
518000
532600
550800
565100
574500
584800
590400
596100
600800
621500
629400
635800
645800
651400
656100
661800
666600
686100
691500
696900
701500
717900
727400
735500
746700
754900
761000
785000
795500
801100
808100
817600
822600
827400
845500
852600
857500
874800
879600
886900
894200
901700
910800
933800
938600
951300
959500
967000
972000
988900
996600
1001200
1005600
1640100
# OFFOEL
# duration (msec): 1000
# repetition number: 107
10300
14800
18500
24300
32900
39300
57900
64600
71400
81000
88300
97200
117600
125300
130600
138000
145600
157100
161600
174900
180300
186000
190800
197800
202700
211700
224600
236200
240900
252500
264400
270600
279800
285100
293000
308100
318300
327000
335100
346400
362100
367500
372600
383600
407900
423400
429300
436000
448900
474600
481200
486000
493500
499600
505900
515700
527400
550300
555400
565600
574900
584900
589500
595600
600500
605200
621100
633600
645000
650700
656500
662600
667600
689300
695600
701500
717500
731300
740600
747900
753600
759800
785300
794100
800500
808700
817800
823300
827900
843700
852700
857400
874600
879600
887200
893700
900900
909300
915500
932400
936900
950600
960200
967600
972600
982800
998700
1003700
1786500
# OFFOEL
# duration (msec): 1000
# repetition number: 108
9800
13900
17500
24700
32900
38900
45300
55500
59800
64700
70700
78000
83400
89100
96300
110200
118900
125700
132800
139300
156900
161300
174900
179700
190700
199400
210600
222300
237300
243800
257400
270100
280200
287400
293700
307600
318400
327300
335400
346200
357500
363800
368800
373000
384100
407500
423800
429100
435700
448200
463700
480300
485200
491800
496400
502100
507800
515300
532700
550500
559900
566700
574100
585500
589900
595300
600100
606500
613500
622000
632400
644600
651600
657100
662200
666600
675400
687100
691800
696800
701300
717600
722600
731200
736500
746800
754500
761100
785200
795100
800400
808400
819100
824400
828700
843600
853400
874500
879500
886500
893200
900500
913200
933300
938100
950300
959100
966600
972200
982500
989900
997100
1002900
1209500
1611900
1969200
