# repro call number: 0
# mode: 2
# signal: 1
# stimulus file: /extra/setup/oel/stimuli/receptorInfo/gauss_st6_co200.dat
# carrier freq (kHz): 5
# stimulus length (msec): 1000
# pause between stimuli (msec): 700
# length of ramp (usec): 1000
# desired firing rate (Hz): 100
# standard deviation (dB): 6
# cut-off frequency (Hz): 200
# repetition number: 0
# duration (msec): 1000
# intensity (dB): 74.8438
6800
10200
14000
19700
24900
27700
30800
37600
41300
46700
51100
60700
69200
75300
80700
84000
87600
92600
104600
119000
129000
136400
145400
148400
157700
172600
182000
189000
200000
209600
213900
218100
221300
227600
238300
244800
254700
260000
269300
277000
285700
299800
303700
306900
312000
330100
335300
343600
347200
353200
362000
365700
369500
373000
386900
397200
400400
405200
412700
418200
421400
427900
431200
440900
451000
457000
462000
465300
469300
474400
480300
483600
488200
496800
503200
514200
529300
537500
548600
554700
557900
563800
584400
590100
595700
606500
611900
615200
618400
627200
632600
636300
660100
671500
675100
678400
682700
689000
705000
716700
720900
729500
740800
744300
759100
770600
776500
791200
794700
801600
813500
823000
830100
835500
849500
857700
865000
868700
875500
884500
893400
903700
907200
926000
929900
936600
940300
958500
967000
972500
979400
1002700
1009100
1024400
1030500
1048500
1067000
1073500
1080400
1083800
1087900
1091200
1095800
1114400
1131300
1136300
1145400
1152800
1156400
1159600
1177000
1185900
1192100
1198800
1211100
1214400
1234700
1241100
1245200
1248800
1255600
1259100
1267900
1274700
1286300
1291100
1296700
1300300
1304900
1312400
1315900
1319800
1338700
1345500
1366400
1383800
1393300
1397300
1400800
1405600
1412100
1415600
1420100
1430800
1450700
1467700
1478400
1482000
1487800
1491400
1501400
1512100
1532100
1543000
1550100
1555400
1581900
1588700
1593700
1597200
1612100
1617500
1628200
1635800
1639900
1643300
1657000
1662900
1671200
1679200
1692800
1699100
1705800
1709600
1721800
1734200
1738300
1742900
1746700
1757000
1781300
1786900
1814600
1827000
1834100
1855700
1869100
1878200
1890700
1899700
1906500
1914800
1935100
1950300
1960800
1968700
1972400
2001600
2016400
2020000
2030500
2034500
2041100
2052200
2058000
2068400
2074000
2079100
2084200
2088500
2100000
2109800
2115400
2119300
2135200
2138900
2162100
2171600
2176900
2182400
2186400
2192500
2212700
2231900
2236700
2244700
2256800
2260600
2266400
2278200
2282000
2285700
2295000
2303200
2317900
2326500
2333600
2346400
2351700
2357300
2371500
2377600
2383600
2393200
2401800
2405400
2413000
2425400
2434700
2442400
2454300
2460200
2481600
2493200
2498100
2501800
2511200
2523200
2527900
2547400
2563100
2578800
2584900
2589500
2594100
2599900
2603600
2613200
2624500
2628400
2639000
2649900
2662300
2674800
2689100
2698000
2725400
2739800
2743500
2750900
2756500
2768800
2772500
2777200
2792100
2797100
2802400
2809400
2824200
2832700
2837800
2843100
2849300
2860500
2878200
2886700
2896100
2904400
2914800
2931800
2937800
2947900
2957200
2963100
2968900
2983700
2997200
3010600
3015600
3026400
3044500
3055600
3064100
3081900
3090200
3102800
3113400
3134300
3138200
3164100
3167900
3173400
3188100
3192300
3200100
3212800
3230100
3236100
3248100
3261400
3272200
3279700
3285700
3291000
3296500
3307900
3323200
3339600
3352700
3360600
3369800
3379100
3385100
3391700
3398900
3408700
3423500
3431000
3437600
3450700
3456400
3470600
3477300
3483400
3489200
3494500
3507500
3514600
3537800
3545800
3554100
3558200
3572100
3579600
3588400
3596800
3610200
3622400
3640900
3645200
3650800
3663500
3673500
3679700
3687500
3712400
3724600
3746000
3751500
3756500
3762700
3768400
3772900
3778900
3787000
3796900
3803900
3809200
3819800
3823900
3836000
3844700
3861800
3878600
3886700
3892000
3900000
3910500
3921600
3932000
3942100
3956800
3970000
3976100
3986400
3992400
4002700
4007200
4012400
4044400
4051400
4058500
4065100
4072900
4077500
4084700
4089100
4099200
4105700
4124600
4132900
4144300
4173300
4186900
4191700
4217600
4224600
4228700
4240100
4247000
4251800
4265000
4282500
4294900
4299400
4305300
4315400
4326900
4332500
4349400
4374100
4392800
4401300
4407400
4414700
4426300
4432100
4447300
4454200
4464700
4470300
4478000
4485900
4491100
4503200
4508300
4524200
4537500
4546400
4557800
4564800
4589900
4597000
4601200
4611600
4627300
4641300
4651100
4663800
4673100
4686700
4714600
4729400
4740300
4745200
4749400
4755700
4762000
4777500
4791700
4796700
4803100
4809500
4818900
4824000
4835600
4850800
4862000
4872800
4883200
4887500
4896900
4901600
4909200
4925500
4933300
4966800
4981600
4988000
4997400
5002500
5024200
5033000
5045300
5058200
5073900
5087000
5094500
5113000
5138300
5146300
5157400
5167300
5175000
5183400
5206500
5212800
5218700
5224400
5243400
5248500
5258000
5266100
5278300
5285800
5294700
5301900
5326400
5334300
5348800
5355900
5362900
5372400
5386700
5397600
5418000
5422800
5432400
5438100
5449300
5454500
5460300
5470600
5476800
5483900
5497200
5513200
5519800
5530000
5540800
5546500
5561300
5568600
5576100
5635300
5644800
5651100
5655800
5661700
5671100
5679900
5688000
5705100
5713100
5731500
5740100
5755700
5764500
5771200
5786500
5801800
5809700
5829200
5834600
5844300
5850200
5862200
5868800
5873400
5885900
5917100
5922600
5927900
5934200
5939800
5946800
5952500
5961600
5994300
6008300
6030600
6037200
6056500
6064000
6068200
6073900
6089900
6096100
6103700
6109800
6121600
6145200
6151000
6162700
6178500
6190100
6199700
6206700
6220900
6247900
6256900
6267500
6274600
6296700
6306700
6314200
6331700
6336800
6345400
6350200
6388200
6396500
6402700
6407800
6416500
6426300
6437600
6443700
6454500
6466900
6472800
6478700
6505500
6509800
6524700
6534900
6543900
6550900
6556200
6565200
6571300
6578900
6584500
6598000
6614100
6635000
6642300
6655000
6660300
6679800
6688700
6694600
6711700
6720900
6736100
6752900
6765900
6777700
6783600
6789200
6795400
6804800
6811000
6833500
6840100
6852000
6863700
6872500
6879000
6895200
6909700
6915500
6921400
6932100
6938800
6943500
6961900
6976600
6982700
6990100
7002600
7009300
7023300
7030000
7065200
7071500
7077200
7092700
7110000
7120100
7127600
7142000
7153600
7158500
7173300
7193200
7205400
7211400
7219300
7231300
7237300
7244700
7251800
7256900
7261400
7281900
7297000
7308400
7315400
7322900
7328000
7338000
7343300
7348600
7353300
7358900
7364100
7372100
7392400
7405800
7411500
7420300
7429900
7450700
7466600
7479900
7484400
7489000
7500100
7505300
7515700
7520900
7526400
7534900
7542000
7546600
7553400
7559600
7565600
7577800
7589900
7601000
7621700
7629000
7641400
7646600
7661600
7674600
7684800
7689300
7701600
7708400
7714900
7722300
7728000
7747400
7754800
7782500
7787700
7792900
7814800
7820300
7830200
7856600
7861900
7873300
7899400
7914600
7919200
7933900
7940100
7945000
7954200
7960200
7967900
7975000
7981700
7986300
7992800
8014900
8022900
8033400
8048200
8054800
8084100
8090400
8104200
8120400
8131100
8140800
8153700
8161200
8171200
8177200
8197100
8206900
8213800
8229500
8242800
8248000
8263000
8275200
8282400
8294900
8304300
8310100
8325600
8332200
8347800
8353700
8359500
8368700
8386900
8396600
8413600
8419200
8423700
8459600
8479600
8485400
8499100
8506700
8522600
8538300
8555000
8560500
8569900
8577400
8592000
8596400
8614800
8625600
8639200
8659000
8667300
8680700
8693000
8702500
8708800
8714800
8724800
8733300
8744800
8752000
8760800
8766900
8782500
8796900
8818000
8824800
8833300
8841100
8846900
8855500
8861900
8868500
8873500
8894400
8919000
8925500
8930800
8936400
8946400
8964900
8971500
8998000
9005600
9019100
9034000
9049600
9054000
9061500
9067100
9083100
9117400
9134800
9148900
9177900
9182900
9196200
9200600
9207800
9216100
9236400
9250000
9258500
9267000
9276300
9284200
9288700
9294500
9300100
9308200
9339600
9349500
9370100
9387900
9397800
9405000
9409800
9421200
9437100
9451400
9463500
9477300
9493200
9518200
9534400
9558000
9564700
9578800
9588000
9598500
9613200
9619700
9630100
9645400
9665600
9683400
9688800
9693800
9713400
9729700
9741600
9750600
9767900
9779900
9795900
9808400
9822600
9849000
9859700
9875600
9898800
9911200
9915500
9924000
9929500
9935700
9945600
9955900
9964300
9969000
9978200
9999400


