


# OFFOEL HEADER
# repetition: 1
#



6700
8300
10100
14000
16000
18700
25100
32100
34300
36400
46500
61400
63200
81300
84100
87200
93300
118900
122200
135000
141700
143500
145700
158000
170700
172500
190500
194200
205700
214700
230500
245600
251000
257100
271000
290800
307100
312400
316400
318200
327100
333200
342800
348800
351000
357900
362300
370900
378300
384100
393900
397400
405200
430800
449700
456600
460500
471600
473600
493800
502500
511700
526400
534600
537100
541700
548300
564800
580400
582600
588400
600700
608400
612900
619800
632500
642300
652500
668800
679500
687200
691400
693500
712800
727700
729700
748500
756700
764200
772100
774400
783000
789000
794400
805300
815800
838300
848100
870600
873200
882500
884400
906700
914000
927900
944200
948800
955400
960800
970700
980600
992800
1006300
1015900
1026200
1035200
1037400
1042300
1049100
1059400
1061300
1067200
1081000
1092000
1108600
1116600
1118700
1131200
1136600
1152100
1153900
1163500
1165500
1175900
1196600
1209500
1212500
1217900
1242500
1244600
1257600
1272300
1275100
1287800
1293000
1310200
1314600
1320900
1337400
1355800
1357700
1368200
1384100
1397900
1425700
1433700
1435700
1445600
1456400
1458100
1470500
1472700
1482600
1496000
1498200
1515100
1524000
1525900
1541100
1548000
1551100
1562500
1571900
1577300
1589400
1598500
1616000
1624300
1631800
1633900
1639500
1656500
1660700
1672000
1674000
1684800
1694100
1705000
1734500
1746700
1758100
1764300
1767900
1769700
1788500
1800800
1824600
1826500
1837500
1844400
1861000
1863500
1871000
1877100
1887400
1889700
1893600
1903600
1905900
1921100
1938400
1952900
1954800
1967700
1972800
2010500
2013200
2027300
2031800
2034100
2042000
2048900
2053700
2059000
2060900
2072200
2078900
2093900
2109000
2110900
2119500
2137100
2143700
2145800
2153100
2155300
2173800
2177500
2188000
2190900
2195000
2200200
2213200
2224900
2227700
2233300
2247700
2250200
2269400
2279800
2292000
2300900
2302800
2309100
2319600
2321700
2342000
2344800
2355600
2358300
2360700
2364900
2373700
2381200
2388900
2399400
2419800
2434600
2439400
2441800
2450100
2464600
2474500
2491200
2501700
2525700
2527700
2530500
2547500
2552800
2564400
2566300
2571400
2600800
2606500
2621700
2624700
2639100
2644600
2647400
2649200
2651700
2671600
2687100
2695100
2720900
2723400
2736000
2766300
2768300
2772300
2791300
2793000
2808500
2811800
2818500
2827800
2829600
2858300
2864100
2878300
2884900
2895200
2908100
2910300
2921500
2931300
2937800
2956300
2969400
2978100
2980400
2985700
2991100
3010400
3012400
3017300
3032400
3045000
3047000
3066400
3081900
3084600
3099000
3109600
3121300
3123800
3139300
3150700
3167200
3172200
3179700
3190800
3231100
3234200
3236900
3256300
3258200
3276000
3288100
3295800
3298300
3308500
3342300
3351000
3391900
3394500
3401900
3421100
3423000
3429400
3436100
3441900
3463000
3466600
3468500
3485800
3501300
3529300
3534300
3545200
3547600
3561600
3572900
3602300
3608000
3613100
3628800
3635500
3649900
3661500
3673000
3684700
3689300
3693300
3709300
3711200
3726200
3728100
3740800
3748600
3750900
3752700
3762900
3765100
3775600
3781800
3787300
3790000
3792800
3816200
3818900
3822800
3831900
3847000
3853000
3880100
3886200
3888200
3901200
3917500
3934100
3944800
3962200
3965100
3967500
3978800
3982000
3987600
4006900
4013800
4033400
4035700
4042400
4050800
4052800
4060600
4072400
4077200
4097800
4104500
4106500
4112800
4126000
4133000
4149800
4151800
4157800
4163700
4185100
4191500
4217200
4235000
4252000
4253800
4286800
4292400
4313000
4317800
4332800
4338700
4340700
4346600
4385900
4392100
4407100
4409900
4432300
4434100
4440600
4467100
4476400
4487600
4498100
4501000
4512500
4534400
4540900
4546900
4549000
4554000
4578300
4588200
4590100
4592600
4598500
4605700
4610600
4617100
4632300
4638800
4651900
4657600
4672500
4695600
4722600
4733500
4744300
4759800
4779200
4786400
4788200
4803100
4819100
4822300
4824200
4839800
4864400
4871200
4886500
4899800
4909900
4918300
4929100
4931800
4945000
4947200
4951400
4971900
4975700
4982100
4987900
4992600
4997900
5008200
5016100
5032300
5055600
5071700
5075900
5093000
5117700
5124600
5126600
5138000
5140200
5150000
5165300
5167600
5196100
5202400
5207700
5237300
5253000
5264200
5272500
5287600
5289500
5299300
5305300
5316200
5330400
5332500
5343400
5361600
5367500
5374700
5383000
5384900
5400100
5405600
5416100
5425500
5441800
5447500
5461000
5472400
5504900
5512800
5523400
5529900
5533300
5535900
5543900
5554400
5556600
5568200
5586100
5593200
5601600
5607600
5629200
5631200
5641000
5643100
5658700
5664300
5690100
5692000
5712700
5718900
5747800
5758300
5769800
5780100
5782400
5797800
5815600
5824500
5831200
5835900
5851000
5860600
5874000
5880800
5891200
5897500
5936700
5939000
5947200
5952600
5962800
5968400
5990200
6005900
6015300
6026700
6045300
6047400
6060600
6070500
6085100
6096000
6097700
6108600
6112600
6118200
6130800
6156900
6164700
6175700
6191900
6194400
6197300
6208200
6223900
6232800
6243500
6249000
6255400
6281900
6295600
6299700
6306700
6313700
6328900
6336000
6355600
6358500
6367600
6373900
6378600
6390100
6395100
6426100
6440300
6452900
6466800
6472700
6475000
6481000
6500200
6509700
6511900
6544800
6555900
6560900
6575200
6580700
6597100
6607600
6614900
6623000
6635900
6642000
6656400
6671600
6682500
6696300
6718400
6724700
6739200
6746600
6759200
6766700
6777200
6797300
6803600
6809500
6847000
6861800
6869600
6877900
6897600
6905100
6919300
6932200
6953500
6955900
6970800
6976700
6999000
7005700
7011900
7019500
7028600
7034600
7047700
7060200
7069500
7073100
7078500
7104800
7114400
7125800
7143000
7150100
7156500
7167200
7174700
7184600
7201000
7216000
7234300
7243100
7255700
7265900
7278000
7299600
7316500
7320600
7345000
7346900
7358000
7386200
7396600
7403400
7406500
7417900
7422800
7424700
7430200
7437400
7452800
7474000
7497100
7503800
7508200
7514800
7526900
7541100
7561800
7567200
7574500
7597300
7602400
7634500
7643100
7663000
7670600
7686500
7692100
7698100
7702600
7712900
7715100
7721600
7735000
7736800
7764700
7783100
7788700
7799900
7816100
7832500
7842300
7844300
7868800
7876200
7883900
7888200
7898500
7909100
7911000
7938400
7942500
7944700
7948600
7951200
7966100
7972600
7989200
8003700
8005600
8015200
8022200
8033600
8055400
8057500
8077000
8078900
8083600
8093900
8099100
8104100
8106000
8119200
8130800
8139800
8154200
8156300
8170800
8199900
8207100
8218700
8224700
8231100
8233200
8240200
8250300
8252500
8257000
8270500
8277000
8298600
8304000
8305900
8311500
8318000
8323400
8329500
8340200
8351200
8358500
8365400
8371000
8375900
8380100
8393000
8395300
8419000
8430200
8433100
8457100
8468900
8471400
8495200
8507700
8520900
8538200
8543100
8545000
8558800
8565200
8585900
8591500
8593400
8609300
8615200
8625700
8627700
8645300
8655900
8662200
8666600
8677400
8687000
8704600
8706600
8715800
8737300
8748100
8759300
8773900
8784300
8786300
8795400
8816700
8835100
8861700
8875600
8887200
8889500
8897400
8922200
8932100
8960900
8982300
8987800
9010500
9013900
9037700
9050000
9054400
9070300
9084200
9086000
9104500
9106600
9125200
9130800
9143600
9146200
9175100
9181200
9187900
9190300
9208100
9218300
9228700
9231000
9254200
9262400
9274600
9285200
9296600
9309800
9311900
9342400
9360300
9366800
9371900
9394600
9397200
9406900
9408900
9423900
9426100
9443700
9453800
9464000
9489600
9496700
9504500
9506600
9528500
9550600
9558200
9562400
9564500
9584300
9592700
9609300
9611200
9630300
9646700
9650800
9659900
9682000
9701700
9735800
9740500
9766300
9772300
9783700
9795600
9800600
9803400
9817800
9820300
9832900
9852500
9857300
9882500
9897500
9904900
9907000
9922000
9934000
9936500
9966100
9973200
9984300
9986400
9999400
