# repro call number: 0
# mode: 2
# signal: 1
# stimulus file: /extra/setup/oel/stimuli/receptorInfo/gauss_st6_co200.dat
# carrier freq (kHz): 3.53553
# stimulus length (msec): 1000
# pause between stimuli (msec): 700
# length of ramp (usec): 1000
# desired firing rate (Hz): 100
# standard deviation (dB): 6
# cut-off frequency (Hz): 200
# repetition number: 0
# duration (msec): 1000
# intensity (dB): 85.3704
20600
26000
28900
31700
38800
41600
48400
50900
54000
61800
64800
69800
78500
81900
85300
88900
94500
107600
131100
137900
146900
149500
153300
158500
183900
188000
200600
204700
210100
214200
218300
221200
230000
237800
245900
261100
270600
287200
301100
304400
307400
312000
339300
344600
347500
354600
363700
370300
373500
387400
390200
399000
402600
405700
419900
427200
430100
442500
458700
462600
465800
476000
481500
484300
490700
497600
502000
506300
533500
540600
550000
554200
557300
560200
565700
586300
590300
596800
613600
616700
628200
631100
634600
638000
661400
671900
675800
679400
684900
691400
706200
714500
718200
725700
730900
742300
745100
762200
792600
795700
803100
808000
815200
837900
845600
852500
858900
867200
871100
895500
903600
906900
929400
933100
939500
943000
960100
963000
969300
981000
986000
1004300
1007200
1012800
1031700
1070000
1074800
1081700
1089500
1097100
1123000
1129500
1141400
1154600
1157700
1161200
1191100
1201200
1207300
1214200
1223900
1237600
1242200
1246600
1256400
1259400
1269400
1275400
1291500
1294800
1298000
1305300
1314200
1317200
1340300
1345200
1366100
1385600
1394400
1401000
1405500
1414000
1416900
1421100
1432300
1456300
1469200
1479800
1488900
1491900
1502700
1535300
1544400
1547800
1555100
1594600
1597400
1629000
1638700
1641500
1644300
1658700
1662800
1666800
1672700
1680900
1684600
1694100
1699500
1706800
1710600
1739800
1744500
1754400
1759000
1782200
1789100
1816000
1836000
1841700
1858700
1880500
1891800
1901800
1936600
1952200
1959300
1967200
1973000
2005500
2018200
2021300
2034800
2037900
2052600
2058000
2070900
2084900
2088000
2101600
2107000
2111600
2116400
2137200
2140000
2173900
2183300
2195600
2214000
2237800
2245800
2258800
2267400
2281100
2284400
2296700
2304200
2318000
2322900
2328500
2348200
2372900
2378200
2384300
2393600
2402900
2406300
2424900
2435900
2444000
2455700
2461100
2483300
2495500
2499300
2502500
2514900
2528300
2531800
2549600
2565300
2585400
2590300
2595000
2605600
2615100
2627200
2630300
2641100
2652200
2663400
2678700
2691700
2699600
2703100
2728300
2741600
2746200
2754700
2759200
2770900
2779300
2798900
2811400
2819200
2825400
2834500
2839500
2843400
2847700
2851400
2862300
2866300
2880300
2893200
2897700
2918500
2942700
2948900
2959500
2963000
2967700
2972100
2985500
3001100
3017800
3029200
3045200
3064700
3091600
3095500
3135700
3142300
3166000
3169500
3173700
3189700
3201600
3215000
3232000
3237600
3243800
3249600
3272900
3279800
3284200
3291600
3341400
3354000
3359200
3369400
3380100
3387100
3393700
3399900
3403800
3409700
3424600
3433800
3453200
3457700
3471100
3474000
3478700
3484600
3495600
3499700
3508500
3515100
3521800
3539600
3543200
3547800
3555000
3559400
3573300
3582500
3589800
3613500
3622600
3644400
3663700
3678100
3687800
3691000
3715600
3726900
3748000
3751700
3757500
3761900
3769400
3774700
3780100
3788900
3807000
3810000
3813000
3821200
3836600
3846100
3880600
3892700
3901900
3905300
3909000
3922800
3926500
3960100
3975100
4007500
4012700
4046800
4061400
4065900
4068900
4073100
4078200
4086500
4090400
4104900
4119900
4193100
4218700
4226200
4229400
4233700
4238600
4242000
4249300
4252900
4256600
4266600
4295800
4300700
4306200
4316700
4323600
4328200
4351500
4374600
4394400
4398900
4403000
4408600
4416900
4430900
4436500
4444600
4448700
4453100
4456800
4472800
4477800
4492200
4509900
4527700
4537800
4541300
4544900
4548300
4559700
4565900
4592500
4596700
4601400
4610500
4644000
4653600
4658900
4673700
4687800
4712500
4717400
4721100
4731200
4742200
4747000
4751100
4758200
4764500
4782200
4796300
4803800
4810800
4825800
4836300
4853300
4881400
4884700
4890400
4902200
4911200
4927300
4934400
4983900
4987300
4990900
4998200
5004000
5007800
5023200
5034200
5037400
5059800
5063600
5075400
5087700
5090700
5094600
5098600
5115000
5118200
5140800
5159100
5163100
5169600
5176300
5185700
5213900
5220400
5225500
5246500
5258600
5279300
5287800
5295800
5304600
5330000
5336900
5352000
5366300
5373000
5389000
5418600
5423700
5435300
5439400
5442900
5454500
5461100
5464200
5472700
5478000
5483000
5499200
5515400
5531800
5545000
5563400
5570300
5576500
5580500
5588400
5644800
5647900
5652400
5656600
5663900
5672900
5681500
5689300
5692900
5707600
5712600
5733600
5756700
5759600
5766500
5773100
5786500
5803600
5811200
5816300
5829500
5835500
5845000
5851600
5855700
5864700
5870200
5874400
5900700
5919800
5928600
5941500
5963400
5997200
6011800
6038400
6053900
6059000
6070500
6076800
6096500
6099600
6111600
6117800
6124400
6148300
6164300
6175900
6191800
6195200
6200800
6207700
6210800
6222400
6250600
6257500
6271300
6275200
6278400
6298600
6302400
6306100
6315900
6332100
6338700
6350600
6408400
6418100
6427100
6440500
6445800
6454900
6470600
6479300
6484300
6507400
6526000
6542800
6553500
6558900
6562900
6568400
6581300
6586400
6595800
6606700
6619800
6637300
6643600
6648100
6658400
6662100
6692400
6697000
6713300
6723800
6767800
6773600
6789500
6793000
6798200
6804200
6812500
6841300
6845200
6853700
6867800
6874500
6879600
6883200
6897400
6901200
6911400
6934800
6942300
6947200
6985000
6992300
7004200
7009500
7013000
7019200
7025000
7030300
7035700
7067200
7070900
7078700
7115900
7155700
7160200
7174500
7178200
7195600
7207000
7234900
7240400
7246100
7251500
7255100
7258500
7262900
7287900
7326100
7330300
7344600
7352700
7364700
7373900
7377000
7380400
7391500
7407500
7411200
7423500
7468900
7483500
7501600
7506500
7518100
7522100
7527900
7535500
7543600
7548600
7554700
7560800
7566900
7589600
7594600
7598200
7602800
7623700
7631500
7643900
7652900
7662400
7678600
7689900
7704200
7711000
7716400
7721900
7729400
7749900
7790000
7794800
7824600
7831500
7836300
7861900
7865400
7868300
7876200
7904100
7911600
7919000
7922300
7935600
7941200
7946100
7951000
7957200
7976100
7982400
7986500
7991900
8016700
8025500
8028500
8035100
8050700
8056300
8088400
8092100
8104800
8123200
8141300
8145600
8155200
8163100
8178200
8208800
8215700
8249100
8296600
8299500
8307200
8311100
8327500
8335700
8355800
8360800
8370600
8389300
8398000
8419000
8424500
8461600
8481800
8486200
8491700
8500400
8504300
8507500
8525600
8540700
8554000
8560900
8572500
8584100
8594600
8599100
8624800
8628500
8661100
8669500
8682200
8695800
8703100
8708000
8727300
8734600
8746600
8752800
8767000
8784000
8826300
8829400
8834800
8844600
8849400
8869200
8899700
8921300
8926300
8931600
8938000
8949100
8967900
9000400
9008100
9011600
9021200
9051400
9055900
9063200
9069400
9072600
9084500
9119900
9122900
9181800
9185000
9200100
9203400
9210600
9216400
9237800
9241100
9251600
9260200
9267800
9279200
9290600
9295600
9302200
9310300
9313700
9319000
9351000
9355100
9373800
9379700
9400500
9411400
9423000
9426600
9453700
9465300
9479100
9482400
9580900
9590300
9600100
9604400
9615600
9620400
9632200
9636800
9647900
9667800
9687800
9695700
9715300
9723400
9732100
9738900
9743200
9770700
9796300
9802600
9825600
9863200
9876700
9910900
9915200
9919500
9926900
9930700
9937600
9944700
9958100
9964700
9970400
9980100
10002100


