# repro call number: 0
# mode: 2
# signal: 1
# stimulus file: /extra/setup/oel/stimuli/receptorInfo/gauss_st6_co200.dat
# carrier freq (kHz): 3.5
# stimulus length (msec): 1000
# pause between stimuli (msec): 700
# length of ramp (usec): 1000
# desired firing rate (Hz): 100
# standard deviation (dB): 6
# cut-off frequency (Hz): 200
# repetition number: 0
# duration (msec): 1000
# intensity (dB): 85.8537
11400
23200
44200
65500
79400
90200
132700
143200
144800
214800
216800
279000
283400
297600
299300
301000
302500
304800
308900
310700
323500
325500
330500
333300
335100
340000
341800
343700
345600
349900
351500
358700
360300
365700
367500
369500
371400
381400
383700
385700
394400
396100
398100
401600
409000
415000
416900
425100
426900
432700
437400
445200
447700
453900
455600
458900
460800
466000
471900
477200
479000
485500
487300
493900
496200
500500
502500
511700
526400
534500
546100
552800
554500
556400
561200
563000
581700
584200
609100
613500
625300
632000
657900
671600
680700
715000
738200
739900
756400
762600
766900
768800
772800
787600
789300
791000
793000
798400
800100
804700
810500
819900
825500
832100
834100
838800
846500
848300
854300
856100
861700
863600
865400
879800
891100
902300
936700
957500
976500
1000200
1027900
1077500
1079200
1085200
1151200
1196500
1209400
1232800
1242600
1253500
1288000
1293700
1295500
1311500
1390600
1409600
1411600
1428100
1464900
1475800
1485300
1591100
1592800
1625500
1637000
1638800
1655500
1661400
1691200
1703500
1735800
1741200
1754800
1778400
1838300
1854900
1875300
1896500
1906100
1908600
1911700
1913400
1923100
1927900
1931700
1933500
1945900
1947500
1949200
1957400
1959200
1963600
1968000
1969700
1978200
1984400
1992600
1998700
2000600
2013100
2014700
2016600
2021500
2027100
2030500
2032500
2038900
2043500
2049200
2052000
2054100
2064200
2066000
2069800
2075800
2080900
2083000
2085100
2087200
2096700
2099000
2102100
2106900
2112300
2114000
2121700
2132200
2133800
2136000
2153700
2159100
2161600
2168500
2170700
2178800
2180700
2182900
2188400
2193800
2210000
2255200
2263700
2276100
2279200
2281200
2344700
2369000
2375000
2382200
2399800
2410500
2431700
2457500
2478000
2495700
2508900
2524300
2526200
2585900
2597600
2599600
2611100
2625600
2647500
2696000
2737200
2739000
2766900
2795500
2820900
2840200
2845900
2857800
2928700
2935900
2937600
2982900
3011600
3023900
3087700
3089400
3161500
3185400
3187200
3211000
3233500
3282700
3288000
3337100
3381800
3421000
3427700
3453700
3468600
3491700
3493300
3535600
3551400
3553000
3570200
3618800
3641400
3646900
3649700
3652100
3656600
3658600
3669000
3670600
3672600
3675300
3681300
3684100
3685800
3687800
3696300
3702800
3706800
3708900
3710800
3712700
3721300
3723700
3727100
3742300
3744000
3746600
3748700
3752900
3754800
3758400
3764400
3768600
3770500
3772700
3781100
3783600
3785900
3791400
3793600
3800000
3801800
3806000
3807700
3809900
3817300
3820000
3830800
3832900
3834700
3836700
3841200
3843000
3854100
3860100
3864500
3875400
3882600
3888000
3889700
3897000
3899100
3901800
3912600
3918600
3920500
3928500
3930500
3945700
3953700
3956000
3972600
4003400
4009300
4043000
4062600
4064200
4075200
4085800
4087400
4130600
4184500
4189100
4224900
4226600
4231700
4236800
4248500
4279400
4295900
4303200
4312800
4323700
4391300
4405100
4429100
4445200
4452000
4467100
4487800
4505200
4507100
4537400
4555200
4561900
4597900
4670100
4712800
4726800
4737700
4739400
4794000
4807200
4880600
4898000
4922400
4958300
4986400
4999200
5000900
5030400
5055600
5085100
5087400
5091400
5093200
5111100
5163700
5180300
5203800
5276500
5284700
5324300
5357600
5363000
5370600
5392100
5399500
5401100
5404000
5410500
5414000
5417200
5419100
5421000
5425500
5430500
5432300
5435300
5437100
5439100
5446200
5449100
5451000
5452800
5456900
5458800
5465700
5467600
5473000
5474800
5478100
5480500
5488100
5493400
5495100
5497000
5509900
5515500
5517500
5526400
5528100
5529900
5537200
5540900
5549000
5557500
5559200
5565000
5567200
5572500
5574600
5576500
5582700
5588300
5595800
5602600
5616300
5620200
5626200
5631800
5641700
5643500
5646100
5652200
5658400
5663300
5667200
5676000
5677800
5683800
5686300
5688400
5701900
5703700
5705900
5708200
5715900
5727100
5729300
5735700
5748300
5753000
5754900
5760800
5762600
5768500
5770300
5781400
5783400
5790000
5798200
5800200
5806600
5808400
5815200
5825700
5831000
5832900
5839000
5841700
5847700
5849800
5859200
5861600
5865100
5868000
5870100
5882500
5889900
5896300
5903500
5909200
5914000
5916400
5919600
5921700
5924200
5926400
5936000
5938000
5942500
5948100
5958000
5960000
5977500
5985100
5989000
5998100
6005400
6028400
6064300
6071800
6093400
6120700
6175100
6190200
6203800
6218200
6272200
6311500
6333400
6434900
6463600
6469500
6476900
6503200
6547700
6558200
6595900
6614800
6632500
6686100
6718800
6763000
6785800
6793500
6812100
6837500
6848800
6869700
6876200
6893200
6895600
6906500
6929400
6978900
7005800
7022200
7062100
7073600
7105600
7151000
7170500
7206900
7210900
7213600
7216700
7221600
7227000
7228900
7231000
7233400
7235300
7237100
7241700
7243700
7248100
7249900
7252800
7255400
7257400
7259400
7264800
7270100
7276100
7278100
7289300
7292600
7298300
7300300
7305700
7311500
7319000
7322300
7324700
7334000
7339300
7341200
7344600
7349000
7355600
7360500
7362400
7369200
7371100
7373600
7375500
7386900
7389600
7392700
7395500
7397700
7403800
7405800
7408300
7415500
7417800
7425700
7447900
7479200
7501500
7512500
7538500
7556300
7562100
7590400
7619900
7639200
7685100
7705000
7711900
7725100
7783400
7858500
7862500
7864600
7870300
7916800
7941700
7965200
7983400
8013200
8022700
8024600
8087300
8126200
8138200
8168200
8174100
8203800
8226400
8244400
8292400
8294000
8306400
8356300
8382900
8394800
8418600
8481700
8496700
8499100
8558700
8560400
8562400
8565700
8567600
8569600
8572800
8575900
8579100
8587300
8589000
8590800
8593300
8602500
8605000
8610700
8612900
8618200
8622000
8623800
8630400
8635100
8645100
8651800
8656200
8657900
8664400
8666300
8672200
8677100
8679000
8689200
8691100
8696800
8699100
8704500
8706900
8711100
8721400
8723300
8730000
8732200
8741700
8743600
8748600
8750500
8757400
8762400
8764800
8769900
8778900
8780800
8782800
8792400
8804100
8808800
8813900
8821500
8823200
8825700
8828800
8838100
8843300
8851600
8858800
8866500
8916500
8922000
8927400
8943300
8961600
8964300
8968800
8994700
8996700
9002700
9004500
9017700
9046700
9048600
9064600
9067800
9069700
9080300
9115500
9117200
9179500
9197400
9205400
9247400
9285500
9305400
9307500
9348000
9388600
9406000
9419300
9460700
9475700
9616000
9642900
9664100
9727600
9820900
9911400
9925400
9942700
9954100
9975100
9976800
9996900


