# repro call number: 0
# mode: 3
# signal: 2
# stimulus file: /extra/setup/oel/stimuli/receptorInfo/gauss_st6_co1600.dat
# carrier freq (kHz): 3.53553
# stimulus length (msec): 1000
# pause between stimuli (msec): 700
# length of ramp (usec): 1000
# desired firing rate (Hz): 90
# standard deviation (dB): 6
# cut-off frequency (Hz): 1600
# repetition number: 0
# duration (msec): 1000
# intensity (dB): 77.6471
6100
12200
15100
18900
23800
26200
30000
40800
53800
58300
65200
74600
81800
88500
92600
109300
118100
122600
134700
140300
146500
161100
169000
180900
185600
195700
205200
211700
224900
231100
240200
244700
252600
270100
289100
295100
299200
307300
314200
327300
337200
340800
345400
354100
366900
373800
378900
385500
397800
405400
415900
421900
430500
443500
449400
471300
486100
490300
507300
521400
528600
535200
539900
547600
556700
562700
568800
577000
582300
593000
599400
609900
625600
631900
637900
644700
654600
667000
672900
680500
689600
694800
701000
718000
727100
735900
747800
754400
761400
766800
770300
783700
790100
805400
820100
825600
832900
841900
848600
853500
865900
873600
876800
885100
890200
899300
913800
930000
942200
949200
971600
987100
995500
999200
1006700
1017800
1025800
1037900
1046800
1054600
1063900
1077400
1080900
1101200
1106200
1113700
1126000
1140000
1156900
1171600
1181100
1185900
1194300
1205900
1213800
1218700
1231200
1249800
1255400
1262300
1270700
1276000
1285200
1298100
1308200
1312000
1324500
1328700
1338900
1345200
1354500
1365400
1379000
1385200
1396900
1400600
1410300
1419400
1436500
1443400
1453500
1460800
1465000
1474600
1479100
1502500
1510100
1526900
1536300
1547200
1551200
1561700
1565800
1579400
1599800
1604000
1616300
1621900
1635200
1647700
1660300
1665900
1675500
1681700
1691400
1697200
1709600
1722200
1729200
1740200
1745200
1759200
1767800
1775800
1787800
1791000
1804100
1817700
1825000
1834100
1838600
1842800
1851100
1855100
1869400
1881600
1885400
1906100
1910500
1914200
1918300
1940100
1950500
1955800
1961600
1970300
1988800
1996200
2004600
2013800
2030900
2036400
2039500
2051000
2063000
2067700
2076600
2095400
2111100
2118500
2122800
2130200
2149100
2164200
2172100
2179000
2191200
2204600
2214200
2220600
2234100
2247100
2256900
2264100
2286100
2295000
2305100
2318900
2324800
2329200
2336800
2351900
2368900
2379100
2384100
2389600
2402000
2415500
2424400
2431600
2436400
2444200
2447700
2456800
2472300
2481200
2491600
2504900
2511600
2517700
2537500
2546900
2554400
2574800
2584200
2589500
2596300
2601100
2605400
2627900
2631900
2648000
2654700
2675300
2684500
2702900
2707300
2712700
2722400
2727800
2735500
2741500
2752800
2762500
2781900
2791400
2802000
2812400
2821100
2826600
2838100
2847300
2854200
2859800
2879500
2883600
2894000
2904400
2912500
2927900
2932500
2943500
2948400
2961600
2980700
3000800
3005300
3025000
3031100
3036400
3042700
3055700
3065900
3084600
3093900
3120800
3128200
3137000
3163300
3169900
3176200
3184400
3190600
3201900
3214900
3219200
3227300
3234600
3243700
3250400
3261800
3268900
3280500
3287400
3303300
3322400
3329200
3342000
3363900
3368300
3375100
3387000
3394400
3403000
3412500
3431200
3435600
3443800
3454200
3469700
3476400
3483900
3487400
3493600
3499200
3502900
3513900
3527100
3538300
3550400
3554800
3563000
3573300
3578300
3593800
3609200
3616000
3626700
3634800
3644600
3650800
3655500
3672100
3695000
3710200
3724300
3732000
3743000
3752200
3765800
3772700
3782600
3789700
3798600
3804200
3819300
3832900
3841100
3848200
3865700
3879100
3891400
3898600
3904300
3921600
3935000
3938600
3946000
3949900
3972100
3984000
3991900
3997200
4002900
4008500
4015100
4023800
4028900
4037800
4048000
4054200
4061000
4072700
4076400
4109100
4119700
4141200
4149600
4153300
4170700
4179600
4190400
4197200
4207000
4229700
4233900
4240600
4256900
4265800
4274200
4279200
4292400
4300600
4305100
4319900
4331700
4345300
4351100
4357300
4367700
4374700
4394000
4399600
4404700
4410900
4420100
4426000
4434600
4444400
4451200
4467000
4481300
4489500
4497500
4508700
4515600
4529100
4533900
4545300
4553200
4560500
4577300
4585800
4596400
4605000
4627200
4631000
4637300
4645800
4652300
4658300
4668900
4682200
4696300
4704700
4715900
4725900
4730300
4735100
4749100
4768600
4776100
4785300
4792800
4801300
4806600
4813300
4817500
4826700
4839600
4853500
4857100
4865200
4879100
4889800
4897600
4910000
4914200
4921100
4932700
4944900
4958300
4962700
4966600
4992800
5009000
5012700
5017900
5029900
5045400
5055300
5068600
5073600
5083800
5093100
5103000
5111800
5120000
5134300
5140900
5154800
5162000
5188900
5193200
5201000
5206900
5226200
5230700
5241400
5249600
5260600
5269200
5280200
5291700
5302800
5326200
5342400
5350200
5356600
5365700
5371200
5396800
5407400
5420500
5424400
5430500
5440100
5445800
5451400
5458200
5484300
5494200
5505400
5524000
5528200
5544100
5548400
5561700
5576600
5585500
5608700
5622500
5631500
5645700
5650100
5656000
5663400
5675600
5690000
5696000
5704400
5712300
5716100
5733100
5737600
5742500
5752700
5766900
5772900
5779700
5784900
5810200
5818600
5825800
5835300
5846500
5854400
5876100
5885600
5898000
5909800
5919400
5927100
5947400
5958500
5965900
5971200
5975800
5983000
5990100
5995400
6003000
6022700
6043600
6056900
6067000
6077300
6084000
6094200
6126600
6133500
6139600
6153200
6163200
6167600
6180600
6191400
6195600
6199600
6233200
6242700
6262400
6275400
6285700
6290200
6307400
6315800
6337000
6360800
6370100
6374500
6383100
6388800
6410000
6416800
6440600
6447700
6457800
6462300
6468900
6486700
6501300
6506500
6515100
6524200
6536600
6557000
6561700
6565200
6571100
6577600
6585600
6597200
6603000
6607800
6632500
6642400
6658800
6671100
6676600
6703800
6708500
6717500
6743000
6753100
6763000
6769200
6775600
6786100
6791300
6800000
6806400
6817800
6826500
6840200
6849300
6873200
6881300
6889100
6904600
6916900
6926100
6931800
6949000
6964400
6972600
6978000
6991900
7000500
7015100
7030300
7043800
7048200
7054900
7077800
7094000
7101900
7110100
7117100
7123600
7134300
7143200
7147300
7154000
7170000
7179200
7187300
7194700
7202800
7210100
7216600
7237300
7244700
7266200
7273700
7280600
7286900
7299000
7308500
7321000
7344400
7348500
7357200
7374900
7378900
7392100
7399800
7403400
7416600
7430000
7436300
7446300
7457600
7479800
7488600
7498700
7506300
7512800
7518600
7545300
7558500
7564900
7576400
7588200
7595300
7603600
7611600
7618000
7621800
7627700
7646700
7651200
7665600
7673600
7682200
7698400
7706000
7709400
7728400
7748200
7766200
7773600
7793200
7803900
7815700
7826800
7833200
7842200
7851800
7865400
7895800
7900200
7913400
7924800
7928600
7943700
7958400
7970500
7982300
7994000
7999500
8010800
8016900
8021900
8025600
8036800
8045400
8065200
8070600
8089000
8114400
8125000
8133300
8141400
8157200
8170600
8181000
8189800
8195100
8200700
8222400
8246700
8256800
8266000
8278500
8299500
8311300
8319800
8329200
8342200
8352700
8358000
8369500
8379600
8387200
8394300
8400200
8409800
8425500
8437500
8443600
8459200
8467600
8479400
8496800
8508700
8525400
8535600
8545400
8549800
8570500
8578400
8600000
8613300
8627300
8634900
8640700
8656800
8662900
8685000
8691600
8699200
8731400
8735900
8744700
8760100
8774100
8783100
8787700
8797200
8812300
8824300
8836300
8851300
8855800
8861700
8867700
8871700
8889500
8912200
8919300
8931900
8942700
8947500
8955600
8966800
8983700
9011500
9024400
9036200
9046600
9060300
9077900
9084700
9092600
9105800
9122500
9131100
9152900
9163100
9180800
9195400
9210000
9229100
9235100
9242400
9262500
9290400
9300100
9310200
9328800
9348200
9353400
9370400
9378600
9383600
9389400
9408200
9413900
9450200
9460700
9464400
9487900
9495400
9503900
9518300
9535800
9554400
9564900
9569400
9591200
9607500
9613800
9630000
9643000
9654900
9676100
9681200
9687100
9694100
9698400
9717000
9725600
9736300
9748500
9762000
9777400
9792500
9812300
9822300
9834300
9838400
9845600
9857000
9867400
9872900
9879900
9887700
9900200
9911400
9930800
9942300
9947200
9954900
9963100
9970200
9974700
9986200


