# repro call number: 0
# mode: 2
# signal: 2
# stimulus file: /extra/setup/oel/stimuli/receptorInfo/gauss_st12_co200.dat
# carrier freq (kHz): 3.5
# stimulus length (msec): 1000
# pause between stimuli (msec): 700
# length of ramp (usec): 1000
# desired firing rate (Hz): 100
# standard deviation (dB): 12
# cut-off frequency (Hz): 200
# repetition number: 0
# duration (msec): 1000
# intensity (dB): 99.8148
7400
11500
27900
30400
33400
35000
43800
45600
51300
52900
54700
59100
60900
65100
66800
74800
76500
83100
85000
91100
112300
114000
116000
120100
121800
123600
127300
129100
133400
135200
145300
151700
153400
155400
169800
171500
184700
186700
195400
197400
205000
206800
216400
230900
232600
234600
237500
244200
263500
265400
273900
277700
281700
287800
289500
291500
302800
304800
312700
322300
329800
340300
346500
358000
359700
364600
369500
378700
380500
418300
420000
423900
425600
475000
476700
478500
489300
491100
500800
502500
506000
512800
515500
527100
528800
538300
544100
546100
548100
559300
561100
568400
579200
580900
582600
584400
589300
591200
592900
594800
605100
615700
617600
628500
639300
644500
646600
649700
651500
655900
657700
659800
662800
668900
684600
686400
692100
694500
712200
714000
715800
741700
749100
755000
780600
789900
794400
814900
816600
819600
821400
848900
869900
871800
880800
882600
895400
897100
929600
931200
945200
965300
995200
1030200
1031900
1041200
1043400
1109800
1124000
1125600
1146000
1173800
1175300
1177200
1193400
1205300
1216000
1226600
1228400
1266600
1272000
1286000
1287700
1297100
1298700
1311200
1341300
1343100
1360100
1361800
1377800
1406800
1408400
1413300
1415400
1419900
1449000
1450700
1452700
1454800
1477900
1489500
1497500
1499100
1503800
1529200
1530900
1566100
1579500
1581300
1600600
1610000
1614300
1616100
1630200
1636600
1638400
1645600
1651500
1661600
1690300
1698800
1700500
1711700
1717600
1736400
1738100
1740400
1747300
1749400
1780100
1781800
1786500
1797700
1825700
1827800
1857500
1903100
1904800
1913000
1928800
1936500
1958300
1960100
1982700
1984400
1988700
2028100
2031200
2033900
2035700
2038800
2040800
2044600
2046300
2048400
2052200
2062800
2072400
2080200
2085600
2087400
2093000
2108000
2109600
2111500
2123000
2124700
2126500
2131300
2133300
2144300
2147400
2152800
2154700
2160400
2162300
2164200
2172600
2185100
2186800
2188700
2192000
2194000
2202500
2210100
2219900
2221800
2231000
2241000
2242800
2248600
2256700
2269800
2271600
2278900
2280900
2286800
2288700
2292500
2294400
2303100
2304900
2308800
2316600
2323200
2334500
2336400
2354300
2356300
2360400
2369500
2371400
2376600
2402500
2404600
2425400
2435600
2437500
2442200
2444200
2453200
2454900
2456900
2467000
2472700
2476800
2478700
2484100
2494700
2496500
2506200
2508000
2513400
2517900
2519700
2528900
2531000
2537300
2555000
2556800
2559500
2564300
2573300
2575100
2640400
2667400
2672600
2703100
2720400
2723000
2747400
2785900
2790900
2792800
2807000
2808900
2820700
2833000
2855400
2857200
2873500
2875400
2908400
2914400
2916200
2933500
2960900
2966400
2991500
3021700
3038600
3047800
3079700
3089600
3096100
3120600
3149600
3162200
3181100
3182800
3193000
3198500
3208700
3210600
3219100
3220900
3230700
3232800
3248600
3250700
3292600
3296300
3298500
3306100
3314200
3333500
3339100
3340800
3356100
3358800
3365900
3380800
3410700
3421500
3448300
3458000
3460300
3462200
3466300
3472000
3476400
3478100
3483200
3485000
3507500
3509300
3513600
3515400
3521200
3523100
3536700
3538500
3544100
3546000
3552600
3556400
3558200
3567600
3569300
3577700
3579600
3588700
3590600
3592400
3601900
3603800
3608800
3616100
3617900
3626400
3630100
3642100
3648500
3657000
3658800
3667800
3670200
3674400
3676500
3690900
3692800
3699200
3703300
3718400
3720300
3722200
3736200
3741300
3751000
3752800
3755600
3757400
3764300
3768000
3787900
3802300
3804100
3810200
3812100
3817400
3823900
3833100
3839500
3843100
3845100
3851600
3853500
3855300
3861500
3872300
3874200
3882800
3884700
3896400
3898500
3907700
3921100
3931100
3938300
3940100
3942100
3954600
3964000
3966100
3972000
3974000
3976100
3984200
3991100
4001900
4004000
4016500
4023100
4025200
4038000
4040100
4046800
4048600
4056100
4059500
4073000
4074900
4077000
4081800
4092100
4098300
4100600
4104400
4109000
4121300
4129300
4131200
4140400
4142300
4147300
4162500
4169000
4178500
4203700
4224200
4245800
4250300
4252200
4266900
4271100
4277800
4283600
4295200
4300800
4305400
4307200
4318500
4325800
4328300
4347500
4352100
4377200
4404800
4412000
4413900
4425300
4441200
4443000
4453000
4468000
4480800
4507700
4544700
4582500
4584300
4623200
4639200
4641000
4655100
4656900
4660700
4680700
4729100
4730800
4768500
4790900
4792700
4802600
4823900
4834500
4842600
4844300
4852400
4862500
4873900
4898700
4900400
4904000
4909000
4911000
4915600
4957300
4969600
4980600
5025100
5026900
5036500
5047000
5048700
5070200
5081200
5097500
5104200
5126500
5128300
5148100
5154400
5178600
5185300
5192200
5232600
5235200
5243200
5247700
5249500
5254200
5256800
5270800
5281900
5283800
5286100
5296300
5298200
5312300
5322300
5330200
5341000
5342800
5348100
5352600
5354400
5357100
5359300
5364000
5365900
5385700
5387600
5392800
5396000
5398700
5404800
5413300
5415300
5425000
5441400
5446200
5451600
5456500
5458300
5469000
5472900
5475100
5478900
5481300
5484300
5486200
5490600
5496000
5502300
5508500
5513200
5517100
5519000
5521100
5533400
5551300
5553900
5556200
5563000
5564900
5569900
5573800
5575700
5593600
5604800
5615200
5617200
5630000
5638900
5640700
5651400
5653200
5657000
5662200
5673900
5675900
5680500
5682500
5687300
5696700
5699100
5710300
5716900
5722400
5728000
5742700
5753700
5755600
5768300
5775800
5778300
5783700
5785800
5808700
5813800
5817900
5819800
5830600
5863700
5865500
5871900
5900500
5917300
5919100
5924300
5939100
5944900
5968900
5992400
6015800
6029100
6045600
6047900
6049700
6074400
6076200
6117400
6123900
6130100
6131900
6138500
6148400
6176300
6191300
6207800
6222600
6224500
6237800
6252000
6280200
6282000
6336900
6411200
6425700
6427400
6429200
6450300
6453000
6454700
6461000
6509400
6535600
6539700
6541400
6561700
6563400
6571800
6577200
6592100
6602300
6623300
6627900
6629700
6643600
6654800
6692400
6722000
6728200
6752900
6777700
6813600
6828300
6881900
6900400
6923000
6941100
6942800
6967800
7004300
7006000
7020100
7031200
7032900
7034700
7039100
7040800
7058000
7059800
7061600
7067000
7074800
7076700
7083000
7084800
7086800
7090500
7103000
7105300
7111900
7116200
7118000
7127100
7132600
7134500
7143800
7164700
7166700
7179900
7185000
7186800
7192100
7193900
7205100
7212700
7218400
7220300
7222600
7228400
7230300
7242100
7249300
7251300
7255500
7257400
7272800
7274700
7282500
7284400
7290700
7293300
7301100
7303800
7317600
7319500
7326500
7333100
7344300
7346200
7348100
7369100
7370900
7383200
7385100
7405300
7407200
7411700
7413600
7416800
7427000
7429000
7434500
7436500
7438300
7440100
7464900
7467400
7470700
7491600
7494300
7498500
7503600
7505600
7509500
7511400
7531500
7534000
7547300
7553500
7561000
7576600
7587800
7589600
7601300
7603100
7604900
7611300
7613300
7619600
7626000
7632200
7637600
7641200
7643100
7647900
7654000
7657100
7667900
7669800
7675300
7682600
7684500
7686600
7698000
7712000
7727400
7749400
7768600
7786500
7788800
7790700
7796800
7803900
7852200
7853900
7873400
7891900
7900400
7903600
7910500
7940900
7942700
7972900
7977700
8023900
8080500
8113100
8114800
8125500
8127300
8150500
8152200
8155700
8157500
8203400
8217700
8252400
8259200
8276300
8278100
8307700
8320100
8381500
8383200
8423900
8425700
8439500
8452700
8464400
8479700
8490800
8504800
8506700
8518800
8520700
8535600
8550500
8556500
8606500
8608700
8685600
8694900
8696600
8715800
8754600
8810100
8817600
8819400
8841100
8843100
8863700
8890700
8910000
8915400
8917200
8924800
8926600
8937300
8939700
8942300
8944100
8946100
8948200
8950400
8955900
8958000
8962300
8964500
8968700
8970700
8975500
8988000
8989900
9003100
9015000
9016800
9018800
9026000
9032700
9034600
9041700
9043500
9051600
9054100
9060500
9073000
9080900
9086300
9091700
9093600
9120800
9130600
9132400
9140900
9143800
9145600
9151800
9156100
9164400
9166200
9168000
9172600
9192100
9194300
9197000
9202800
9211400
9213300
9228100
9230200
9234500
9236400
9242500
9245200
9253100
9255000
9260000
9262000
9266900
9268700
9278900
9287400
9291900
9293900
9322400
9324300
9334400
9343900
9356300
9361800
9372500
9374500
9377400
9379400
9394100
9400400
9402200
9404100
9412400
9419000
9427400
9434600
9441000
9444100
9458200
9460200
9465800
9476600
9483000
9490000
9492000
9499400
9501300
9513100
9521400
9523800
9527700
9529600
9542500
9548000
9550100
9554400
9556400
9563400
9567000
9568900
9619600
9621400
9645900
9648000
9671900
9682700
9684600
9710800
9712600
9732100
9736800
9758800
9760700
9765300
9781400
9822100
9823900
9832500
9873900
9891200
9893000
9906400
9974700
9988100


