# repro call number: 0
# mode: 3
# signal: 2
# stimulus file: /extra/setup/oel/stimuli/receptorInfo/gauss_st6_co400.dat
# carrier freq (kHz): 2.5
# stimulus length (msec): 1000
# pause between stimuli (msec): 450
# length of ramp (usec): 1000
# desired firing rate (Hz): 100
# standard deviation (dB): 6
# cut-off frequency (Hz): 400
# repetition number: 0
# duration (msec): 1000
# intensity (dB): 60.4167
7300
10100
14300
23100
27600
36900
43900
48300
61900
65600
74300
84500
98500
107700
115200
119100
125800
131200
147300
150900
174100
179800
188900
196400
203500
210100
216900
220100
231200
244600
251100
258000
268700
276800
285200
294500
310500
318200
323600
328700
334000
339200
351200
357700
364100
376300
385300
412700
421800
424800
430200
437300
441800
445200
449500
454000
481600
485600
496400
501900
508900
516700
522700
528200
533600
542500
546000
550400
559700
564300
573400
581000
594600
602400
608400
616600
628700
638500
647700
656600
681000
687100
690800
695600
704700
711000
714500
721400
726600
731800
742500
754400
759300
769700
777400
785400
790700
800600
812600
824400
830700
837100
843900
850500
854300
866000
870500
878700
892700
897600
904000
915300
919100
923800
929800
947800
956600
967700
974800
979300
1009600
1016200
1024100
1034300
1040000
1050000
1056500
1067400
1073200
1079400
1086700
1093400
1100600
1110000
1117100
1135400
1139200
1151600
1162300
1178600
1200300
1204100
1207500
1211900
1223000
1238600
1255900
1266500
1272900
1280500
1288200
1298200
1308900
1327500
1333600
1340600
1353100
1364000
1375900
1383200
1398700
1405100
1409800
1425900
1436800
1444300
1451900
1469400
1473800
1479200
1490800
1498300
1507500
1514900
1524400
1531200
1545900
1554900
1558900
1574600
1590000
1598400
1606000
1624500
1632200
1646900
1662700
1666400
1675000
1685300
1691500
1694900
1705600
1709800
1720100
1724700
1729700
1734800
1748300
1753500
1766800
1775300
1779400
1787700
1797100
1806200
1813500
1821500
1828500
1840700
1846800
1860100
1869600
1876800
1894700
1898500
1907100
1910700
1924800
1927800
1948600
1964700
1967500
1976200
1983700
2001500
2016900
2023000
2030600
2034900
2038100
2049200
2055400
2066700
2071400
2076300
2090200
2097700
2107600
2124000
2135300
2140100
2148800
2159700
2163800
2172900
2175900
2195300
2203600
2208400
2213900
2221800
2227300
2240500
2253200
2260400
2269000
2279900
2295900
2299600
2303300
2313500
2317700
2322800
2339300
2343200
2350800
2355300
2364200
2393600
2399200
2404300
2413700
2420400
2425000
2430700
2443300
2447700
2452400
2462300
2468700
2491400
2496400
2501400
2508400
2515300
2533000
2541500
2553700
2563300
2569800
2576700
2591700
2596500
2613000
2628600
2639700
2652300
2655500
2662100
2668600
2674900
2685400
2694800
2712000
2724000
2727800
2734000
2748100
2754000
2774400
2786100
2795400
2805800
2816000
2828700
2834000
2841400
2855500
2860700
2871300
2881000
2901900
2920600
2927000
2930200
2936400
2947600
2959400
2965000
2979200
2999600
3005000
3017200
3038800
3043600
3046600
3049700
3054600
3064000
3094500
3100100
3106000
3117300
3130200
3135000
3139000
3151500
3166400
3171300
3189900
3195700
3213800
3218600
3223200
3228300
3241000
3250300
3262300
3275900
3313600
3318200
3327000
3335500
3349700
3360500
3367800
3389000
3399300
3407700
3417200
3421900
3430300
3449400
3456000
3460800
3468600
3485000
3492700
3504200
3532100
3540500
3553000
3560300
3587200
3594600
3599000
3610900
3626200
3631100
3638600
3648300
3652300
3658100
3678500
3683700
3689400
3697100
3704600
3714300
3722000
3743500
3746900
3753100
3762800
3780800
3785300
3788800
3805400
3815000
3823400
3828600
3839200
3848000
3853400
3857600
3870500
3874800
3881700
3886100
3897200
3908200
3912800
3920600
3952600
3958900
3976500
3986000
3992300
4009100
4026000
4030300
4036800
4043100
4070300
4091300
4098600
4105300
4111800
4117900
4124400
4134900
4143700
4146800
4156500
4169200
4193600
4197800
4204100
4215400
4228700
4247300
4259900
4272400
4276700
4286300
4291500
4296400
4301800
4314200
4329300
4345100
4352600
4360400
4364400
4376200
4405500
4423000
4434500
4441300
4453900
4469600
4483600
4496200
4507300
4510400
4517600
4521900
4526700
4539000
4546500
4563100
4570800
4576200
4587400
4596900
4605300
4609200
4615300
4633500
4642100
4645900
4654000
4665000
4673500
4677800
4686500
4693000
4700900
4709700
4731100
4739700
4742800
4745900
4755500
4761000
4778000
4795700
4815900
4865000
4868900
4871700
4882900
4887500
4891600
4901100
4928500
4935500
4948300
4956700
4965600
4991200
5003400
5017300
5020600
5043800
5050400
5068900
5073700
5083200
5090600
5096100
5101300
5115700
5134200
5146300
5158900
5163100
5168700
5189800
5198000
5215400
5220100
5239600
5243900
5249000
5259500
5267100
5275900
5301200
5305700
5323300
5334200
5338600
5342400
5347300
5355200
5361900
5365200
5368400
5381400
5386700
5394200
5402900
5414700
5433900
5441200
5448200
5453800
5457600
5480800
5487000
5490300
5504300
5513900
5521300
5531800
5543400
5550800
5561700
5567800
5576200
5584800
5594000
5602100
5607000
5613800
5620800
5632800
5649200
5655700
5665700
5680100
5684000
5689000
5692600
5703400
5712000
5732100
5743300
5759800
5765200
5769800
5777000
5808100
5819000
5829200
5846700
5862800
5875200
5882600
5892400
5902400
5915800
5921300
5927500
5935000
5940600
5948100
5963300
5971800
5985900
5994200
6011100
6016600
6025000
6040700
6049200
6076900
6087700
6092200
6096500
6099400
6106300
6109800
6114200
6129700
6145600
6163500
6172400
6178300
6184800
6206600
6215000
6237700
6243000
6249700
6262100
6273100
6278100
6301400
6307900
6321700
6328700
6337100
6366000
6376100
6382000
6386300
6391900
6419900
6432300
6436500
6445000
6450300
6454100
6471200
6480700
6494100
6497000
6502700
6511700
6517000
6525800
6532000
6542500
6547100
6554200
6560000
6575900
6584200
6588900
6615100
6628400
6637300
6643900
6651400
6656900
6663500
6671300
6687500
6700200
6706000
6715800
6731800
6738700
6766700
6771000
6779600
6786400
6793400
6799800
6818000
6821700
6837000
6841900
6847900
6853400
6861200
6866100
6876200
6880800
6892100
6909600
6921100
6929200
6938600
6953900
6958600
6973900
6978900
6983600
7000100
7006600
7019000
7024800
7038200
7043700
7054700
7070600
7079600
7084800
7103800
7112700
7116800
7121700
7126100
7134300
7147700
7159100
7165000
7179200
7191600
7203400
7218000
7225100
7232000
7238000
7246600
7252900
7258300
7262700
7270100
7285700
7293600
7303600
7307500
7319000
7333300
7342100
7349800
7353900
7365900
7370800
7376700
7381000
7386200
7391000
7399300
7414800
7424900
7435500
7445300
7453200
7464400
7473700
7488700
7508700
7514100
7520900
7525600
7544400
7552200
7555500
7566800
7587200
7593800
7604400
7609100
7621700
7630200
7639800
7643300
7656700
7661900
7670300
7676800
7681700
7705700
7709200
7712600
7726800
7733200
7744700
7750200
7753500
7763500
7773100
7784700
7792400
7816800
7823400
7827100
7835700
7851000
7859200
7867600
7888700
7894400
7902500
7928400
7934500
7939100
7949700
7973800
7979100
7987200
7996700
8011000
8015400
8019100
8026500
8057500
8063800
8083200
8092600
8101800
8112100
8121900
8126500
8132100
8144200
8152900
8169300
8175700
8186200
8206900
8220800
8224600
8251900
8258200
8281000
8288200
8291400
8313800
8317100
8321100
8336400
8347300
8352200
8360500
8368400
8373900
8383700
8401500
8414200
8423500
8436900
8441200
8446800
8454000
8458200
8477300
8482800
8488100
8506200
8511300
8516800
8532200
8546700
8565700
8572100
8576000
8585400
8605500
8615500
8622500
8626800
8631400
8652600
8662600
8677600
8681500
8684900
8699800
8713200
8723200
8733700
8749400
8755900
8771100
8777900
8788800
8796800
8801800
8835700
8855800
8866200
8870100
8876300
8881200
8886900
8894300
8919000
8926300
8937000
8948800
8962300
8975100
8997900
9006900
9015900
9020400
9026600
9050700
9065600
9073800
9077200
9084100
9091000
9104300
9113500
9117300
9138900
9145200
9162500
9173100
9176600
9183700
9199100
9209100
9216100
9222800
9230200
9239100
9245800
9258300
9271100
9274200
9280300
9293800
9298000
9302300
9307200
9322000
9329700
9347800
9356700
9363800
9370700
9379900
9385200
9398200
9405400
9429400
9433600
9441000
9449000
9460600
9465600
9470600
9483400
9491800
9504700
9514700
9519300
9541600
9558100
9563300
9569600
9576200
9580400
9591600
9606700
9612400
9618300
9624100
9644100
9651000
9656800
9667800
9683300
9689500
9693000
9698700
9703700
9714600
9725900
9743400
9752400
9758900
9764200
9768000
9775000
9782000
9795300
9800100
9811600
9817500
9832900
9837500
9852500
9864800
9873300
9878300
9886800
9898600
9905100
9910500
9915300
9926800
9935400
9949800
9958700
9967500
9972600
9983600
9992200
9997500


