# repro call number: 0
# mode: 3
# signal: 1
# stimulus file: /extra/setup/oel/stimuli/receptorInfo/gauss_st6_co200.dat
# carrier freq (kHz): 2.5
# stimulus length (msec): 1000
# pause between stimuli (msec): 450
# length of ramp (usec): 1000
# desired firing rate (Hz): 100
# standard deviation (dB): 6
# cut-off frequency (Hz): 200
# repetition number: 0
# duration (msec): 1000
# intensity (dB): 61.8
7000
9700
13200
16700
25200
29500
39900
47100
50800
61600
68400
74800
80900
87500
93100
105300
118800
129000
137300
145400
148500
157600
184300
189000
200400
209600
217200
220400
228900
234800
245400
255600
263500
269700
285400
299400
303200
306300
328000
337200
344400
348000
353200
362300
369000
372700
386800
397400
400200
403000
414700
418700
428200
456600
461600
464500
468200
474600
480700
483600
488900
497200
503500
514300
529900
544300
549200
554400
557400
560000
564500
584400
588900
606600
613800
617000
626800
631200
634400
655600
661100
669300
675200
678700
683900
689600
696300
705600
711800
716800
722700
729300
741100
743700
749300
759700
770100
786600
791100
793800
797300
804200
812200
824700
830400
837000
840700
848800
851800
858800
866200
893200
899800
904300
911700
923300
927500
930600
938200
940800
959000
962500
966700
973200
981900
1002700
1007900
1024700
1030300
1039900
1065400
1073900
1080200
1083100
1088000
1095600
1110600
1119200
1128400
1136400
1144400
1153100
1157900
1161000
1186800
1193900
1199000
1206200
1211900
1224900
1240800
1244600
1255900
1267600
1275700
1285800
1291100
1296900
1303800
1312100
1315200
1318100
1324800
1339000
1345500
1383300
1393300
1399800
1411100
1414200
1419300
1431900
1451200
1464900
1469100
1478800
1483000
1488000
1495600
1500500
1518000
1532300
1542400
1549200
1556900
1578900
1587200
1593600
1596300
1609300
1615900
1629200
1636100
1640000
1643000
1657100
1660500
1663800
1677200
1692700
1702100
1706500
1715400
1721600
1737500
1743100
1756900
1760100
1781800
1788000
1797900
1810300
1815300
1823800
1827500
1833900
1844000
1856800
1869000
1878000
1889500
1900400
1914900
1917800
1935100
1949600
1961100
1971300
1974200
2004100
2016100
2019000
2031500
2034900
2046000
2052500
2057100
2068200
2073500
2084000
2087400
2100700
2105700
2110200
2115500
2134900
2137800
2162100
2173600
2181700
2184900
2192800
2212600
2231200
2236600
2242700
2256200
2259400
2266700
2272900
2279000
2282100
2289100
2296300
2303300
2315300
2327300
2347100
2366400
2371800
2377300
2383500
2390400
2398700
2402700
2413700
2434600
2442200
2454200
2460700
2481700
2493600
2498600
2502200
2511700
2521700
2527500
2546300
2562800
2578700
2588300
2593900
2600000
2603700
2613400
2626600
2629400
2639500
2650000
2662100
2676000
2698000
2701600
2713300
2725200
2740100
2750900
2757600
2768900
2776400
2788300
2796100
2811000
2819700
2824200
2837700
2842300
2849500
2860900
2871300
2878400
2885100
2893000
2897400
2914800
2925900
2932000
2937500
2940500
2949900
2957000
2963200
2970500
2983500
2986600
2998800
3014600
3026800
3029700
3039000
3043800
3056100
3062100
3066500
3074800
3089600
3092400
3103700
3123700
3135000
3139200
3163900
3167000
3172700
3187900
3192000
3200300
3212300
3215200
3230100
3237000
3247600
3260900
3272000
3276700
3284700
3290900
3297400
3306000
3339500
3349900
3356100
3368800
3384500
3391800
3398800
3404400
3423400
3431100
3437700
3450500
3456000
3470600
3476900
3482600
3493800
3496500
3508100
3515400
3537800
3540700
3545000
3549100
3554700
3571400
3580900
3595900
3610400
3620900
3633500
3643200
3651000
3663700
3673400
3686900
3689900
3712100
3725100
3744900
3750000
3755700
3766500
3772500
3782200
3789400
3803000
3808600
3811700
3821100
3834100
3837000
3839700
3844500
3878600
3885300
3891400
3900500
3904900
3912400
3921500
3931900
3947600
3957500
3974900
3985100
3992300
4001800
4006700
4012500
4035800
4045700
4052400
4061500
4065800
4072300
4077300
4085100
4088500
4105300
4117300
4133200
4143500
4163600
4170200
4176400
4186400
4191700
4199100
4204200
4214700
4223400
4228000
4233800
4239300
4251000
4264600
4283100
4293800
4298300
4301300
4305600
4315400
4321800
4325900
4331500
4375200
4392300
4395600
4401500
4407400
4426600
4431100
4440400
4447200
4454300
4470500
4474900
4490400
4500500
4508300
4523200
4530900
4538200
4541100
4557700
4564300
4575900
4587400
4592000
4595700
4600500
4626400
4640700
4650800
4663100
4672400
4697600
4705400
4715400
4729000
4732000
4741000
4745000
4751000
4760500
4773000
4787100
4792200
4797000
4803400
4809600
4823500
4833600
4849800
4860700
4872600
4882700
4896600
4901600
4910100
4925400
4933200
4963300
4973800
4981500
4987200
4997700
5002400
5006100
5019000
5025800
5033700
5037200
5058600
5062000
5074100
5087900
5091100
5111400
5114700
5133300
5139100
5145300
5156800
5169400
5174500
5183100
5206300
5212100
5218600
5224800
5243500
5247700
5256500
5278900
5286100
5295200
5301700
5321700
5326800
5333500
5341100
5347100
5353800
5364900
5372600
5387300
5396500
5418200
5422400
5433400
5438300
5448900
5454000
5460700
5467200
5472300
5477200
5482300
5492300
5497500
5513400
5519600
5529900
5543900
5552200
5561200
5568500
5576600
5580500
5605200
5634100
5645200
5649700
5654500
5661600
5679200
5687700
5691700
5704900
5707700
5711400
5731300
5745300
5756400
5764600
5771200
5775800
5784700
5802200
5809600
5826900
5834200
5842000
5846800
5850900
5857100
5863300
5872500
5885700
5899600
5916600
5922800
5928000
5934300
5946200
5961500
5967400
5992300
6008400
6011500
6031100
6036800
6055900
6065500
6074200
6095100
6098400
6110000
6122000
6146200
6150200
6154200
6162600
6173400
6190300
6193400
6199400
6206200
6210300
6221000
6229600
6248500
6256000
6269500
6274500
6277300
6296700
6301400
6313600
6316200
6336100
6341700
6348300
6371000
6382900
6395200
6402500
6407800
6415500
6426300
6437900
6444300
6459100
6466800
6472000
6475900
6480000
6505900
6533400
6543600
6552500
6557900
6561700
6570800
6578300
6584500
6598500
6614400
6633500
6641300
6659100
6690100
6696300
6701100
6714000
6721700
6736600
6754300
6765200
6782700
6788600
6791700
6795200
6799000
6811000
6815600
6833300
6840100
6852100
6863400
6872300
6878700
6895200
6909100
6913800
6931500
6938200
6942000
6950100
6960900
6972300
6977400
6982900
7001600
7009000
7016700
7023500
7028800
7063300
7066900
7071900
7077500
7103100
7109700
7119500
7126900
7141800
7154200
7158500
7172800
7176100
7194900
7208600
7221400
7231300
7237100
7244600
7251100
7256100
7261200
7281600
7302000
7309900
7323800
7327600
7342100
7350400
7363400
7371900
7378500
7394400
7406000
7409400
7420700
7429700
7453300
7463900
7467100
7478400
7483200
7488300
7499400
7505900
7515500
7520800
7526400
7533900
7541800
7546400
7553200
7559800
7564900
7567900
7579300
7592600
7595400
7600900
7613300
7622600
7628600
7641900
7647500
7666700
7683200
7687800
7694400
7702600
7708200
7715000
7722800
7728100
7745700
7749700
7756200
7762500
7783700
7787900
7792600
7819500
7823900
7830700
7836400
7857200
7862100
7866100
7873000
7896400
7904300
7910500
7915600
7919700
7933900
7939900
7944300
7955800
7968200
7975600
7984800
8015000
8018500
8024800
8029000
8046900
8065500
8076700
8084700
8090300
8104100
8118400
8122300
8131300
8136600
8143100
8152700
8160500
8164100
8172300
8197600
8206500
8216500
8229300
8242300
8247800
8258400
8263500
8281900
8294900
8298000
8304800
8310000
8327500
8333400
8348200
8358700
8369500
8386500
8390400
8396200
8416900
8423400
8449400
8459300
8480200
8484900
8497500
8500700
8505000
8514400
8526000
8545300
8557200
8569800
8576400
8592600
8597900
8613500
8623000
8627400
8639600
8645000
8654900
8661100
8667800
8680500
8684100
8693000
8701700
8723400
8731500
8735000
8744800
8752000
8761300
8767600
8782100
8784900
8797800
8817500
8825100
8830100
8834400
8842100
8846100
8862200
8867500
8874100
8896700
8918600
8923500
8930500
8937200
8940900
8947100
8964500
8971500
8997800
9005600
9018400
9040000
9049300
9052100
9061600
9067700
9071400
9082800
9098700
9103700
9118100
9120900
9146700
9153100
9178400
9182700
9196500
9200300
9207600
9213400
9236800
9249200
9258600
9267500
9276600
9288300
9298500
9308400
9311500
9316300
9339200
9349500
9363400
9370200
9377500
9392600
9398400
9409000
9421800
9425400
9436700
9451500
9463700
9477800
9481100
9485100
9497000
9517600
9533500
9564000
9579500
9595200
9601700
9613000
9619300
9629300
9633500
9639100
9645000
9666100
9684700
9693700
9703800
9715000
9729500
9733500
9741100
9768000
9779800
9792900
9797100
9818500
9824300
9834000
9849700
9860300
9867100
9876000
9900600
9910600
9914500
9918600
9924500
9930700
9945600
9956800
9964500
9978000
9980800
9998900


