# repro call number: 0
# mode: 3
# signal: 1
# stimulus file: /extra/setup/oel/stimuli/receptorInfo/gauss_st6_co200.dat
# carrier freq (kHz): 5
# stimulus length (msec): 1000
# pause between stimuli (msec): 700
# length of ramp (usec): 1000
# desired firing rate (Hz): 100
# standard deviation (dB): 6
# cut-off frequency (Hz): 200
# repetition number: 0
# duration (msec): 1000
# intensity (dB): 55
7200
10200
14600
17800
25100
29900
37500
44100
48600
59900
67200
73600
80700
94200
105500
119800
128700
135200
139800
145600
149000
154300
172700
184500
195600
200500
209300
215500
227600
243500
259600
264900
269600
286800
299000
303500
306700
324500
334300
338700
343800
362000
369600
374300
385900
397900
402200
412700
419600
428900
440500
456200
461500
468900
474500
480800
488300
496900
503700
514000
529500
537400
548000
554300
564800
585100
590200
607700
612100
615200
627100
630600
659200
668000
672800
683200
689900
704600
715700
719200
724600
729500
741000
750700
755300
770900
777100
791500
801300
805700
813000
822700
834800
848800
858200
866200
885600
895000
904700
913700
929100
937300
959700
962700
968100
973200
1003200
1023500
1030200
1040900
1066900
1080800
1088800
1095900
1113100
1120500
1131300
1137900
1143400
1153300
1176400
1186300
1199100
1211700
1230700
1239900
1245500
1251500
1256300
1267400
1274900
1290400
1295800
1303400
1312800
1317800
1338800
1344500
1347500
1356600
1380100
1393200
1399500
1405000
1412900
1420300
1431100
1450800
1466200
1478700
1488200
1500000
1532100
1543700
1553500
1558700
1587300
1593600
1601500
1609600
1628000
1635700
1640200
1643300
1651900
1657400
1662900
1671100
1680300
1688800
1701600
1707300
1722500
1728200
1737500
1743600
1756600
1782900
1788100
1800700
1813900
1822500
1834300
1855900
1859200
1871600
1878600
1891600
1902000
1911100
1914800
1931100
1936000
1950000
1960900
1967200
1972000
1981400
2013100
2017600
2033600
2057200
2062300
2074400
2079600
2084600
2089200
2100600
2110300
2115700
2124800
2135500
2140900
2152100
2165700
2171600
2176900
2182900
2193700
2213000
2230000
2240200
2245100
2255900
2259200
2265900
2275500
2282100
2294200
2301100
2313300
2319800
2327700
2339700
2347000
2366500
2372100
2378000
2384000
2389200
2398900
2402700
2413300
2433300
2441100
2459700
2481600
2488900
2494100
2497500
2501700
2512100
2519100
2528300
2545300
2558800
2583400
2588900
2593800
2600300
2608400
2614500
2625500
2628900
2639000
2649400
2657200
2662000
2674200
2680800
2689800
2697600
2709900
2725400
2739800
2750300
2756400
2761900
2769600
2776100
2801400
2809500
2817600
2823700
2838000
2842800
2849600
2860400
2870500
2878200
2889900
2896600
2914700
2925900
2933100
2939100
2947500
2956900
2960300
2964800
2969900
3005400
3014200
3017700
3028100
3043200
3052300
3063700
3089900
3095500
3113400
3134100
3144500
3154000
3163900
3174700
3188700
3200700
3213300
3229700
3235500
3241300
3248400
3253700
3262700
3268400
3280200
3288900
3296800
3307100
3318600
3339900
3356200
3362200
3379700
3385200
3391700
3398300
3423200
3431600
3444000
3451600
3456400
3466500
3471500
3477900
3486000
3495600
3507300
3513200
3538900
3545200
3551700
3554900
3570200
3573400
3580800
3596600
3610100
3620400
3640000
3644700
3650500
3662200
3673900
3677800
3687800
3705200
3713000
3725000
3747800
3752800
3757300
3773000
3793700
3803400
3809200
3812600
3819700
3826700
3835800
3844600
3860100
3878100
3883900
3890500
3895300
3901300
3916400
3922400
3931900
3937300
3955700
3975000
3985400
4006100
4012800
4020100
4044100
4057000
4064300
4073400
4084300
4089100
4098600
4103600
4122900
4169100
4177200
4187800
4195700
4206100
4213800
4218800
4224600
4231400
4239100
4251500
4264300
4295400
4299000
4304800
4315100
4321100
4327000
4332100
4349700
4360700
4369900
4375100
4381400
4389800
4394800
4398300
4407500
4426500
4432900
4437700
4447500
4464100
4470500
4476300
4481700
4490900
4508300
4524000
4535000
4540300
4545400
4554800
4560300
4565400
4575500
4589100
4594200
4599300
4612200
4629000
4639800
4652200
4663700
4672500
4684900
4699200
4714700
4729900
4741000
4744900
4752000
4759400
4771900
4793000
4796300
4803600
4809600
4813400
4823100
4833700
4847700
4855500
4872200
4883400
4896500
4901400
4910100
4925700
4933000
4967400
4973100
4982000
4987300
5002100
5017500
5024500
5033300
5058400
5073700
5084500
5095300
5112800
5118200
5133700
5139900
5146200
5158300
5168800
5175700
5184800
5193100
5200400
5207000
5212700
5219800
5236600
5245500
5273100
5276600
5286100
5291800
5301800
5307100
5327300
5334600
5355900
5365700
5371700
5386300
5396200
5418600
5427900
5433900
5453200
5458500
5462400
5471400
5477600
5482600
5496300
5519200
5530200
5538800
5544100
5561600
5568300
5574000
5585600
5599300
5618400
5631600
5636600
5645800
5650500
5655500
5662400
5671200
5682200
5688700
5705200
5710300
5731100
5736100
5756300
5764600
5767700
5772500
5786300
5793800
5804500
5809900
5830800
5846000
5855900
5863600
5869100
5886800
5899400
5913700
5921800
5925500
5951900
5960700
5964400
5982600
5990300
6009300
6030900
6037500
6056900
6066800
6073500
6079300
6095200
6108300
6118400
6123400
6145100
6170600
6189600
6194600
6199800
6207300
6221000
6248300
6269300
6296300
6313500
6336200
6343500
6371100
6382200
6388800
6402100
6407700
6415500
6427800
6459000
6467500
6473600
6479200
6505600
6550500
6558700
6564000
6571100
6579000
6584200
6615100
6634800
6642100
6655700
6677600
6689800
6696100
6720900
6758700
6765100
6783400
6789600
6795700
6800600
6815000
6827400
6834800
6840000
6852300
6871700
6879200
6896500
6903000
6910600
6932900
6939200
6962700
6981000
6992000
7005400
7019100
7024900
7028400
7065500
7070300
7077600
7105700
7120300
7127900
7153200
7161000
7167300
7174100
7194500
7203700
7210500
7218300
7231200
7237300
7245700
7254500
7258000
7281200
7301900
7308100
7322500
7328000
7338200
7347700
7352900
7363700
7372600
7392800
7410700
7419400
7428900
7451000
7469300
7480700
7488400
7504600
7514900
7518100
7522500
7526000
7534900
7540900
7559600
7565500
7577700
7588600
7594000
7601600
7616800
7622500
7630400
7642200
7651000
7658200
7668000
7676300
7688000
7693900
7702300
7707800
7714800
7719900
7728700
7747400
7786700
7792700
7808200
7818800
7825100
7840800
7855900
7861600
7873100
7902000
7913500
7918400
7933500
7940500
7969900
7975400
7980500
7986600
7994400
8015500
8025000
8036900
8055800
8064900
8083900
8090200
8102100
8107100
8115800
8121100
8129300
8136100
8143800
8151700
8162400
8171300
8177100
8197600
8206800
8217400
8230200
8243600
8247600
8253700
8264200
8274200
8295000
8298900
8305800
8309700
8331200
8347300
8353500
8361200
8369600
8386800
8396400
8412600
8418000
8459900
8480200
8485100
8496100
8502300
8513100
8524800
8556000
8569600
8573300
8591600
8597600
8625800
8631600
8660000
8667500
8680500
8693000
8702100
8714100
8726300
8733500
8745300
8751300
8766500
8783000
8809800
8824400
8833100
8840400
8846800
8866600
8872600
8878500
8884100
8896700
8919100
8924900
8932500
8936300
8943300
8947300
8969500
8998100
9005600
9019000
9043900
9050300
9061700
9068200
9084000
9098700
9117800
9131900
9137700
9148900
9177400
9182800
9196400
9199900
9207400
9215500
9237000
9240600
9250800
9258100
9265600
9275800
9287700
9307300
9310900
9317100
9329900
9343000
9350300
9370600
9380300
9397800
9408600
9415900
9421400
9429400
9436000
9452600
9462800
9474600
9478500
9493500
9502100
9518000
9533100
9558000
9563900
9579700
9589900
9595900
9601300
9612700
9620100
9630500
9645400
9654200
9666500
9685500
9693400
9706100
9714300
9720800
9730100
9767400
9780500
9791500
9795500
9801200
9823600
9849300
9860000
9875500
9900100
9912800
9924100
9941200
9948300
9956000
9963900
9969300
9978700
9998600


