# repro call number: 0
# mode: 3
# signal: 1
# stimulus file: /extra/setup/oel/stimuli/receptorInfo/gauss_st6_co200.dat
# carrier freq (kHz): 5
# stimulus length (msec): 1000
# pause between stimuli (msec): 700
# length of ramp (usec): 1000
# desired firing rate (Hz): 100
# standard deviation (dB): 6
# cut-off frequency (Hz): 200
# repetition number: 0
# duration (msec): 1000
# intensity (dB): 65.2174
7100
9400
12600
16400
24600
27600
36600
40200
46800
50400
60300
68300
80200
87100
92600
106000
119300
130300
135900
145800
148500
157500
182500
187200
199600
203600
211600
215100
218500
226900
231500
243800
259900
269800
276000
281800
286200
300300
304400
307600
312700
329200
333700
338000
344000
347000
352700
355300
362800
368800
372900
386300
397900
400900
404400
418400
427900
457400
461700
464300
474100
480600
483200
488100
497000
504100
537400
549400
555200
558200
563700
584700
589700
597000
611300
614700
617900
628000
632400
636700
660400
671300
674500
678100
682800
689800
704900
717200
724000
731300
741200
743800
749000
760100
770500
791500
794100
800900
813900
829700
835800
843600
850000
857700
864500
867900
884500
894100
903000
906300
924200
929700
935800
939500
958700
966500
972800
979300
1002600
1008400
1025500
1030800
1057200
1066600
1074900
1080700
1087800
1090700
1095400
1129100
1135600
1146600
1154400
1157400
1179000
1191800
1198900
1206600
1212800
1223600
1235500
1240600
1245400
1256300
1267800
1275100
1290400
1297100
1303600
1312100
1314800
1318400
1339000
1345700
1365300
1379500
1393800
1400000
1405400
1412500
1415400
1431000
1451300
1457700
1467800
1479300
1482900
1488400
1500600
1534200
1544000
1549600
1555200
1586700
1593600
1596800
1611400
1617600
1628300
1636200
1640000
1642800
1657100
1662800
1672000
1678800
1684200
1696100
1705500
1708400
1717000
1729000
1737400
1743300
1756800
1770800
1780900
1785800
1806000
1814800
1826700
1834300
1841200
1856700
1878400
1891600
1900300
1904600
1915300
1935600
1949900
1961900
1966600
1971900
2003200
2017300
2021600
2033100
2036100
2047800
2053800
2057900
2070000
2073500
2084300
2087800
2101200
2110800
2115500
2118400
2135600
2138700
2142800
2172400
2175600
2182100
2185400
2193000
2212900
2224300
2236500
2245500
2256900
2260000
2266400
2273600
2281500
2284600
2294600
2303500
2315500
2320100
2346900
2357000
2372100
2377600
2383500
2392700
2402200
2413600
2426300
2434700
2442500
2454100
2461000
2481600
2493100
2498000
2501400
2511900
2521900
2527500
2564000
2579100
2589300
2594400
2600100
2603600
2607600
2613800
2625400
2628400
2641100
2650500
2663500
2674900
2689600
2698200
2701300
2725900
2740500
2743400
2751000
2756900
2769600
2777400
2798000
2801100
2809600
2816400
2825300
2832800
2838000
2842700
2849100
2860900
2869000
2879300
2897400
2914800
2925500
2932600
2936500
2939600
2943100
2948200
2957500
2960500
2983700
2999800
3015000
3027200
3043200
3056000
3065700
3090100
3093400
3098500
3135700
3153700
3164500
3167300
3171000
3188500
3200100
3213000
3230000
3236400
3242700
3248500
3262700
3272000
3279100
3290300
3306700
3339300
3351100
3359500
3368500
3378700
3385000
3391200
3398600
3402600
3408600
3423900
3450900
3455900
3470700
3477200
3482900
3494200
3497000
3507300
3516500
3538400
3541400
3545600
3553000
3555800
3571700
3580800
3587400
3590800
3611100
3620600
3643300
3650900
3673500
3687500
3690100
3713700
3746700
3755800
3767500
3772100
3784900
3789000
3803700
3808400
3811200
3820400
3835800
3838700
3844700
3861700
3880000
3886200
3891500
3900300
3902900
3915800
3922600
3957400
3974100
4002000
4006600
4012000
4058900
4064800
4068100
4073900
4077400
4086200
4089200
4098300
4104600
4133200
4164500
4171600
4177800
4186600
4192000
4204400
4217700
4224600
4227800
4230700
4234400
4239100
4251500
4259400
4264800
4282500
4298500
4305900
4315700
4321700
4325700
4331800
4349400
4372600
4393400
4401000
4406900
4426500
4431100
4442700
4447800
4454600
4466000
4470400
4477800
4490700
4502500
4508700
4525000
4536200
4540300
4558300
4565100
4588200
4592100
4595600
4600000
4612100
4641300
4650500
4657100
4663600
4673300
4687400
4714800
4717600
4729700
4740800
4743800
4747200
4755200
4762300
4792100
4796100
4803000
4809400
4823100
4834700
4851200
4878900
4883500
4886400
4901100
4904000
4909100
4926400
4933700
4937400
4981700
4988700
4997100
5002400
5006600
5026000
5032800
5036500
5059100
5061800
5075300
5088400
5091800
5095100
5112500
5116000
5139200
5146200
5156800
5160000
5169100
5174800
5183600
5206600
5212800
5218400
5224500
5245300
5258100
5266200
5277900
5286300
5293800
5301700
5306500
5326700
5335600
5348500
5365300
5372000
5397200
5417700
5422100
5434200
5438500
5448900
5454400
5460100
5470800
5476500
5481000
5497100
5513700
5518900
5529700
5533200
5540000
5545300
5561300
5568600
5575300
5578600
5584400
5640300
5646000
5653900
5661700
5666100
5680400
5688000
5691600
5706000
5732500
5756400
5764300
5771300
5774900
5785600
5801600
5809400
5829500
5834600
5841200
5845500
5850300
5862700
5867500
5873500
5886600
5917600
5922700
5927000
5938600
5946000
5962500
6008900
6015500
6030600
6036600
6056100
6064300
6067600
6074200
6095700
6098600
6102500
6110600
6122200
6162400
6178500
6191000
6193800
6206300
6209700
6221000
6249000
6255700
6269800
6274000
6276700
6297100
6302200
6307300
6314700
6336300
6339600
6345900
6349600
6373700
6401700
6408400
6417400
6425600
6429200
6438200
6443500
6454500
6468300
6472700
6479300
6505500
6509600
6525700
6536400
6544100
6552000
6557200
6560300
6564700
6571500
6578100
6584500
6598500
6614700
6635000
6642400
6655400
6661100
6679100
6688000
6695300
6701900
6713300
6721900
6765000
6768200
6783400
6788800
6791600
6795700
6799400
6811900
6815300
6833700
6840300
6852300
6864600
6872600
6878800
6895900
6898600
6910200
6915500
6921200
6931900
6939500
6944200
6982000
6991200
7004000
7009800
7016900
7023600
7027000
7030000
7065300
7070600
7077000
7116700
7127800
7142700
7153800
7159400
7173600
7177700
7193700
7200800
7210500
7231300
7237600
7245200
7250800
7255700
7261300
7280500
7301500
7315500
7325100
7342400
7347600
7353400
7363800
7372300
7375800
7378700
7390000
7398700
7407500
7419800
7450600
7466800
7480300
7488400
7500100
7504600
7515700
7520900
7527000
7535000
7541600
7546100
7553100
7559600
7565600
7573100
7589700
7593800
7600800
7607300
7617200
7629100
7642300
7662100
7674800
7682600
7687800
7701600
7708400
7715200
7721500
7727100
7746600
7754500
7786500
7793700
7818700
7823300
7829700
7833800
7856800
7861400
7866000
7872700
7902400
7909500
7914200
7918200
7921700
7934200
7939500
7944400
7948200
7954700
7962300
7968500
7980700
7985700
8015400
8022000
8026100
8034000
8048100
8054900
8076400
8084400
8090200
8103100
8116300
8122300
8139100
8154900
8162200
8172300
8197000
8207200
8217500
8229800
8242900
8248100
8263400
8274400
8294600
8297500
8305500
8309800
8325500
8332400
8348000
8353300
8359500
8370700
8386500
8396600
8413700
8418600
8422500
8459200
8480400
8485300
8498900
8501600
8504800
8513900
8523600
8559800
8569600
8592200
8595100
8615700
8625400
8658900
8662000
8667400
8670600
8681300
8693000
8703300
8725000
8732900
8745100
8752100
8766400
8774500
8782800
8796300
8817400
8825200
8827900
8830800
8841500
8846600
8867100
8872700
8890800
8919200
8924600
8930200
8936300
8946300
8964200
8971400
8997900
9005400
9008200
9020000
9040400
9049900
9066400
9069900
9082600
9099700
9109900
9117100
9120300
9135400
9148700
9178200
9182400
9197100
9200300
9207500
9214400
9236800
9240000
9250200
9257900
9266300
9276600
9287400
9299800
9307500
9310200
9340200
9349400
9369500
9372900
9378700
9398400
9408600
9421300
9425700
9437900
9451700
9463600
9477200
9480000
9493200
9499200
9518100
9523900
9559200
9564500
9589100
9599800
9612500
9619800
9630200
9645200
9665700
9685100
9693100
9710300
9721600
9729700
9737100
9741900
9767700
9780400
9794900
9823000
9849300
9861300
9873700
9877400
9897600
9913200
9918800
9925700
9929000
9935300
9946000
9956800
9964400
9978000
9980600
9999200


