# repro call number: 0
# mode: 3
# signal: 1
# stimulus file: /extra/setup/oel/stimuli/receptorInfo/gauss_st6_co200.dat
# carrier freq (kHz): 10
# stimulus length (msec): 1000
# pause between stimuli (msec): 700
# length of ramp (usec): 1000
# desired firing rate (Hz): 100
# standard deviation (dB): 6
# cut-off frequency (Hz): 200
# repetition number: 0
# duration (msec): 1000
# intensity (dB): 71.8103
6600
12400
18100
23600
26100
36900
45200
50600
59500
68700
79500
81500
86300
91500
104900
128700
144400
146500
156700
180500
198600
208400
211600
216800
219200
243200
255900
268300
285300
299800
304400
310300
336700
343800
346500
351500
360600
364100
368200
370900
386100
396300
398100
402400
404600
417400
426400
428300
455400
460200
462200
466600
472900
478600
480700
487100
489400
495500
536000
547900
553000
554800
556900
562800
566200
583500
589100
610300
612800
615300
625400
631400
634500
653000
658400
669800
673000
675400
682000
689000
703900
715400
717800
728500
739900
742000
746600
789700
791800
794900
800400
802700
811800
835500
848300
856200
859100
864900
867300
892600
903500
927800
936000
937900
957700
959700
968100
972100
978400
1001500
1029000
1065500
1072000
1079100
1081100
1086300
1088500
1094500
1134600
1142500
1152700
1155900
1190100
1197600
1210400
1212500
1233700
1243900
1254300
1256100
1273900
1289100
1291600
1295500
1302300
1310800
1312600
1315100
1338000
1340300
1344000
1364400
1378600
1391500
1394000
1398400
1400800
1404100
1410800
1413300
1418000
1430400
1450800
1466600
1477000
1479000
1486300
1488500
1499600
1532300
1542700
1548800
1553600
1586600
1592200
1594100
1626700
1634300
1638500
1640400
1656300
1660900
1663700
1671100
1678100
1692400
1704200
1706300
1714400
1720800
1736500
1742100
1744000
1755600
1758000
1780700
1813900
1825300
1833500
1842100
1855000
1876400
1889200
1899100
1901800
1913500
1915600
1933700
1935600
1949800
1959400
1970100
2001200
2015400
2017300
2030000
2033000
2046100
2051200
2056300
2067000
2073000
2082200
2084500
2098800
2108500
2113800
2115900
2134100
2135900
2138200
2161900
2170900
2181100
2183500
2211400
2233600
2236000
2243800
2255600
2259000
2265500
2279300
2281400
2288100
2293800
2301300
2345800
2349000
2370800
2375500
2382300
2384900
2400500
2402600
2411600
2424500
2433600
2441900
2453300
2459100
2480600
2492300
2496500
2498900
2501500
2510400
2526100
2528100
2578900
2587800
2589800
2592900
2599200
2601500
2612100
2616600
2624700
2627100
2649100
2656400
2661400
2675200
2696400
2698600
2711300
2738700
2740900
2745500
2750400
2756300
2760100
2768400
2774700
2796800
2799900
2809300
2817900
2822600
2826100
2831500
2837400
2841600
2848000
2859100
2878700
2889400
2894900
2897900
2914200
2931300
2936200
2938400
2947000
2956800
2960700
2967200
2981900
2996100
3014000
3025800
3028700
3042200
3064500
3089000
3091600
3095200
3101600
3135100
3162900
3165200
3167600
3186700
3188900
3199300
3211500
3213600
3229500
3234500
3247300
3260300
3270400
3277300
3284700
3289400
3295100
3338100
3350600
3376000
3384600
3390900
3398100
3401600
3423400
3429800
3450000
3455000
3470000
3476400
3481200
3493000
3495100
3506100
3512600
3537600
3539600
3543700
3547000
3553000
3570400
3579100
3587400
3594800
3621000
3642200
3649200
3660300
3671300
3686500
3689000
3713400
3749700
3754600
3756900
3760700
3770700
3774700
3786600
3802900
3807200
3809100
3818400
3820600
3834600
3836600
3842800
3877600
3879700
3890400
3898700
3901200
3920600
3932000
3956800
3975000
3999800
4004800
4011000
4044800
4050100
4063400
4065400
4071600
4075600
4083900
4087000
4090300
4097600
4104100
4131200
4168600
4177000
4190600
4217100
4222900
4226200
4228400
4233400
4237800
4240200
4250300
4265000
4280900
4297000
4303400
4306300
4313700
4320700
4324300
4330800
4372600
4392500
4395300
4401200
4406500
4413700
4425100
4429900
4438800
4446800
4453400
4464700
4469800
4475000
4489700
4506700
4509900
4523300
4537300
4539400
4544900
4557000
4563700
4573900
4592700
4599200
4604100
4610400
4639600
4650500
4672000
4685800
4698400
4714200
4716500
4728100
4738600
4741000
4745400
4753500
4794000
4796000
4801800
4807600
4809800
4822600
4835100
4850500
4872500
4881700
4884000
4899300
4907600
4924800
4932200
4980100
4982800
4987100
4991000
5000900
5003300
5022700
5031600
5033800
5057300
5059300
5061400
5082800
5087000
5089100
5092400
5094500
5111900
5114400
5132600
5137700
5155700
5158600
5174100
5182100
5205400
5211300
5223700
5227000
5243200
5246700
5265400
5276700
5285100
5288500
5293300
5301300
5304700
5325400
5348300
5354800
5363700
5366000
5371200
5385900
5420800
5433100
5436600
5438800
5447800
5452700
5458400
5469600
5475500
5478500
5481500
5496400
5512000
5518000
5528500
5530500
5541500
5559700
5567300
5574200
5576900
5643900
5646500
5653300
5660700
5679000
5687200
5689800
5703800
5705800
5709600
5731700
5738100
5755200
5757500
5762800
5770100
5785000
5801000
5808500
5811500
5828000
5833000
5842500
5848500
5861200
5871200
5884700
5901600
5915800
5921300
5923700
5926700
5938100
5951900
5960400
5993500
6007600
6029300
6035600
6055000
6065600
6072500
6094200
6096300
6100400
6108800
6120800
6147600
6161800
6188200
6190300
6192500
6198400
6205900
6208000
6219400
6221600
6247600
6269300
6272400
6274800
6296000
6299100
6312600
6314900
6334900
6337000
6343200
6347000
6414700
6425200
6438200
6442500
6470200
6472100
6477500
6483200
6505000
6524800
6542900
6549000
6556500
6558900
6569900
6576900
6583500
6597400
6616900
6634100
6636200
6641500
6658700
6688400
6711100
6735800
6765200
6782400
6787600
6790400
6794200
6797000
6802300
6813800
6832400
6838700
6841400
6850500
6862400
6871300
6877500
6879800
6894200
6908500
6930600
6933400
6938300
6941400
6981000
6992900
7002900
7007300
7009600
7016500
7022300
7026700
7064400
7068900
7075300
7119400
7141000
7154300
7171600
7174300
7192900
7197200
7208200
7230500
7237500
7243900
7249600
7255600
7258700
7300400
7325300
7341100
7350900
7362200
7371100
7373300
7377300
7388800
7407600
7419500
7427900
7450100
7466500
7479200
7487000
7498100
7503300
7514400
7519000
7522000
7525500
7533200
7540600
7544200
7551200
7558400
7563300
7565300
7572100
7577600
7592000
7594600
7600000
7620800
7629000
7640800
7643400
7686600
7692100
7702000
7706800
7713500
7715700
7720800
7726300
7746800
7754200
7790900
7821900
7828900
7859400
7861500
7863900
7866600
7871100
7912100
7916000
7919800
7928400
7933500
7938000
7943500
7948000
7956000
7968000
7974000
7983900
7989200
8014600
8022500
8024800
8052400
8081900
8088600
8091900
8100700
8120300
8128800
8136300
8140600
8152100
8154200
8162200
8169700
8176000
8196700
8205900
8228100
8246300
8293500
8295400
8304400
8308100
8310800
8324800
8330300
8346500
8357900
8367800
8386100
8395100
8416200
8418700
8450900
8459300
8479200
8483200
8485900
8497200
8499100
8501100
8504000
8512300
8523400
8557300
8569000
8590500
8592300
8623900
8659000
8665800
8679800
8691800
8701200
8707800
8724100
8731700
8744500
8750300
8752600
8781400
8783700
8823300
8825100
8829700
8841100
8855300
8873500
8917000
8924300
8928900
8934700
8945300
8963900
8970000
8996600
8998400
9004400
9006300
9009900
9040300
9048400
9050500
9060600
9065000
9068800
9070800
9081800
9116900
9118900
9180400
9182200
9196800
9199800
9206700
9208900
9213200
9235200
9237400
9248400
9251100
9257400
9264800
9274700
9286300
9292200
9306900
9308800
9310900
9349200
9371100
9377200
9385900
9397000
9408300
9420500
9422600
9450400
9462900
9476000
9478600
9492500
9518500
9557600
9564200
9578200
9587600
9602300
9613200
9618100
9628600
9631600
9644100
9664900
9685300
9692500
9712600
9728500
9731000
9740000
9767300
9778700
9795000
9822600
9859000
9875400
9912400
9915300
9927500
9934200
9944400
9955800
9964600
9976900
9979000
9997900


