# repro call number: 0
# mode: 3
# signal: 1
# stimulus file: /extra/setup/oel/stimuli/receptorInfo/gauss_st6_co200.dat
# carrier freq (kHz): 5
# stimulus length (msec): 1000
# pause between stimuli (msec): 700
# length of ramp (usec): 1000
# desired firing rate (Hz): 100
# standard deviation (dB): 6
# cut-off frequency (Hz): 200
# repetition number: 0
# duration (msec): 1000
# intensity (dB): 88.4211
6600
9400
12100
15000
18800
24200
27100
30400
37200
40600
45300
48300
51300
59700
63100
67600
75100
80400
83400
87000
93000
104600
128100
134900
145300
148400
157600
173600
181900
186100
191600
199300
202700
210700
214100
218100
221100
227500
254600
260300
269700
278700
285700
299300
302700
306100
311600
336000
341000
344700
352600
361500
368500
371800
386200
396900
400000
404500
413100
417900
427900
435900
441200
455900
461000
464100
474300
480100
483300
488900
496700
503200
529100
538000
548100
554500
557700
563700
584200
587800
595000
611200
614900
618200
627100
632200
635400
653800
660300
671100
674600
677800
682900
690600
705000
716000
719300
728300
740700
744000
748700
759100
790800
794000
800900
804200
813500
829100
835400
849400
857300
864200
867600
892700
896000
903900
924800
929400
936700
940000
958800
966700
973800
979100
1002300
1006500
1024600
1030400
1058100
1066500
1070500
1076300
1080800
1087800
1095500
1112800
1126100
1135100
1144600
1152600
1156000
1159400
1176800
1184500
1188800
1192300
1198600
1211300
1215100
1224200
1235100
1240300
1244800
1251900
1256300
1267900
1274900
1285700
1290800
1296400
1300300
1311600
1315100
1339000
1344800
1364600
1378400
1393000
1396700
1400100
1405200
1412000
1415600
1420200
1431300
1450100
1453700
1466900
1478300
1481900
1487500
1491300
1500300
1511500
1532600
1542400
1549100
1553800
1586700
1593000
1616300
1628000
1635100
1639200
1656600
1662300
1671700
1679400
1684200
1692800
1700000
1705400
1715500
1722800
1734300
1738100
1742900
1757000
1780300
1787500
1808500
1814900
1826100
1833900
1841400
1855900
1863300
1878000
1889600
1894500
1899800
1905800
1914500
1918600
1934800
1949900
1960000
1970600
1974700
2000800
2016500
2024200
2033500
2046500
2052700
2067300
2073200
2079700
2084000
2087800
2100300
2109900
2115200
2134800
2162400
2171900
2177000
2182200
2194900
2212100
2235100
2242400
2246800
2257000
2266000
2277300
2281100
2294900
2303000
2314400
2319400
2341400
2346900
2371400
2376700
2383100
2392000
2401300
2413100
2427300
2434600
2441700
2454900
2460800
2481200
2492800
2497000
2510900
2522000
2527700
2563400
2578200
2585100
2589400
2594000
2600300
2613000
2625200
2629100
2639000
2649200
2658900
2663700
2675400
2697400
2714000
2727800
2739800
2751200
2756700
2768800
2796800
2808400
2815400
2824100
2832600
2838200
2842300
2849200
2860200
2864800
2879600
2886700
2891400
2896800
2906800
2914900
2926000
2932000
2936700
2942800
2948000
2957000
2962200
2969200
2983900
2996800
3014700
3026800
3039900
3045900
3054900
3062100
3066300
3090000
3095500
3103000
3114700
3134000
3137900
3152800
3164600
3168900
3173000
3188300
3192700
3200000
3213000
3230100
3236000
3245100
3261700
3271800
3278600
3285000
3290300
3296400
3322500
3338800
3350200
3354600
3368400
3376500
3385200
3392200
3398500
3402800
3408700
3421200
3431500
3450500
3456200
3470600
3476400
3482600
3494100
3507600
3516100
3537600
3545700
3553000
3571000
3580000
3588200
3596400
3610500
3620500
3640800
3644800
3650900
3661500
3673200
3680800
3687300
3713400
3722800
3730200
3745900
3750300
3755900
3762000
3771600
3777800
3785200
3794300
3803600
3808500
3820500
3834800
3843800
3860600
3879000
3886300
3891400
3900000
3921500
3926800
3932700
3956500
3963700
3974700
3991900
4002600
4006600
4011900
4019000
4045400
4051700
4063100
4072700
4077600
4084700
4089100
4098500
4104500
4121900
4132400
4170800
4176800
4187100
4191800
4204100
4217000
4224300
4228400
4235100
4239700
4251100
4263200
4267900
4282600
4298100
4305800
4315600
4322400
4326600
4332300
4348600
4371000
4375600
4392600
4402100
4407400
4414400
4426400
4431600
4447300
4451900
4456300
4465100
4470800
4477100
4490100
4503000
4508400
4524300
4534800
4540000
4557500
4564500
4588900
4593500
4599800
4612400
4626600
4641000
4651100
4663900
4672200
4685500
4698700
4712500
4716600
4728800
4740400
4747600
4754900
4760900
4792400
4796600
4803700
4809100
4823500
4835600
4851800
4877500
4883300
4895700
4901200
4909200
4925600
4933400
4981300
4986100
4990700
4998300
5002600
5019100
5025000
5033300
5058600
5074500
5083800
5088400
5094900
5112400
5138300
5146500
5157200
5166600
5174700
5182400
5206300
5212600
5218100
5224600
5244200
5248400
5257500
5265600
5278200
5286600
5294600
5301900
5326200
5333900
5348500
5355200
5364500
5372300
5397300
5421100
5427800
5433900
5438700
5453700
5459900
5469500
5476400
5481900
5497200
5513100
5519000
5529900
5540800
5545900
5561400
5568800
5576300
5640400
5645500
5652300
5662100
5680000
5687800
5705500
5731500
5755800
5764400
5771100
5786100
5802100
5809500
5833400
5843300
5849800
5862400
5867500
5871700
5885900
5899200
5916300
5922800
5927700
5939100
5951200
5961800
5980400
5992700
6009100
6030500
6036900
6056800
6066200
6073600
6095700
6109300
6114100
6122500
6149800
6162500
6173100
6189900
6199200
6206100
6220900
6243700
6248900
6257200
6268800
6273600
6296900
6313400
6329900
6336500
6344600
6349000
6372500
6388400
6401600
6407400
6416800
6425600
6438000
6444100
6455900
6467500
6472800
6478800
6504900
6525100
6543400
6549800
6557300
6562300
6570900
6578900
6583300
6588200
6597900
6614500
6619700
6635300
6642500
6655600
6660600
6684300
6689700
6694600
6702200
6711700
6721400
6735100
6764800
6782400
6788500
6795700
6811000
6815600
6833300
6839800
6851600
6864900
6872200
6878800
6895000
6909100
6920700
6931800
6940200
6963800
6981700
7003400
7009600
7017000
7023800
7030600
7065200
7070700
7076900
7092600
7116300
7128900
7141700
7153400
7160500
7173000
7177300
7194000
7204700
7210500
7230900
7237000
7244200
7251600
7257300
7261500
7298200
7323800
7342100
7348300
7352700
7363500
7372100
7379600
7391800
7407300
7419900
7450500
7466400
7481100
7487900
7500600
7505000
7515300
7519900
7524200
7535100
7541600
7546800
7553100
7559400
7565300
7573300
7578600
7593200
7600700
7621200
7630100
7641900
7647500
7666800
7674000
7682800
7688200
7702600
7707900
7714900
7724400
7728700
7746700
7754800
7786600
7792900
7819200
7823800
7830000
7834100
7856500
7861200
7873100
7898300
7903200
7913300
7917600
7933300
7939300
7945000
7949800
7960900
7968000
7975500
7982600
8014800
8025200
8048400
8055400
8076100
8083300
8090000
8103100
8119800
8129300
8139000
8143600
8152900
8160700
8171500
8177400
8197300
8206600
8214500
8229500
8242300
8247400
8275100
8287100
8294800
8306000
8310300
8325600
8331100
8347400
8353800
8359800
8369300
8386200
8391100
8396700
8417700
8459000
8479100
8484900
8498500
8505500
8516900
8525200
8554400
8559400
8569800
8577500
8591200
8614300
8624800
8629000
8638600
8659600
8668000
8679800
8693000
8701900
8707900
8724800
8732400
8745300
8751500
8766800
8782300
8817700
8824800
8832100
8841000
8846400
8862100
8868800
8873400
8893600
8919000
8924600
8930300
8936400
8946000
8964800
8971300
8997900
9005600
9018900
9041100
9049800
9055100
9061500
9066900
9082700
9106100
9117600
9150400
9177700
9182100
9186500
9196800
9200800
9207800
9215200
9236800
9248800
9258500
9266500
9276200
9285000
9293300
9303900
9308500
9339400
9349800
9370100
9377100
9393800
9398800
9409200
9421000
9425100
9436800
9451700
9463500
9477500
9492700
9499600
9518600
9534700
9564400
9578800
9588200
9596000
9600300
9614100
9619800
9630100
9635300
9645600
9665500
9685500
9693200
9697700
9712900
9729800
9737200
9748600
9768000
9779500
9794200
9798300
9811100
9823800
9848500
9859900
9863900
9876000
9880000
9898500
9913300
9924100
9928900
9934800
9940400
9946000
9956700
9965000
9974900
9978900
9999500


