# repro call number: 0
# mode: 2
# signal: 1
# stimulus file: /extra/setup/oel/stimuli/receptorInfo/gauss_st6_co200.dat
# carrier freq (kHz): 5
# stimulus length (msec): 1000
# pause between stimuli (msec): 700
# length of ramp (usec): 1000
# desired firing rate (Hz): 100
# standard deviation (dB): 6
# cut-off frequency (Hz): 200
# repetition number: 0
# duration (msec): 1000
# intensity (dB): 92.381
7300
10500
13500
16500
21900
25700
29800
37400
41200
46700
50200
53700
60100
63800
68300
75200
81100
85300
89000
93500
104900
129500
136100
145600
149000
155400
159400
173000
182400
186600
190800
198000
202000
210300
214000
218200
221900
229100
234000
245300
255700
261900
269600
285700
300000
303900
307300
312700
336500
343300
346900
353100
362900
369400
373700
383800
388100
397800
401700
405900
418900
428500
440100
456400
462300
468900
474700
480500
484200
489700
497600
504500
529800
538300
548200
555400
559000
564600
584800
590000
596300
607200
611900
615800
627000
631800
635800
660300
670600
674500
678200
683600
690500
700000
705700
717000
723900
729200
741400
745300
759800
771200
791700
795600
802200
814100
823200
829200
836000
850100
857900
865800
870000
883500
894300
900600
905600
920700
929300
936800
940800
958800
963100
968400
972800
979500
992300
1003400
1008200
1025100
1031000
1057300
1068200
1073800
1080800
1088500
1096300
1114300
1126700
1134200
1139200
1146000
1153300
1157600
1178000
1186200
1191900
1199600
1212700
1223800
1235900
1240800
1245500
1253100
1257800
1268300
1275100
1286500
1291500
1297200
1304200
1313300
1340100
1345600
1365400
1390200
1394800
1400600
1406300
1412700
1417900
1432000
1452000
1467900
1478800
1488200
1501300
1517400
1532200
1543000
1547900
1553900
1581400
1589200
1594400
1611000
1617900
1628600
1638100
1657700
1663300
1672000
1680100
1685500
1693700
1701000
1706500
1711700
1722700
1735800
1743200
1757800
1781000
1788400
1808800
1815500
1827000
1834900
1841700
1857100
1870200
1878700
1890700
1900300
1915400
1936000
1951500
1961400
1967500
2002700
2017200
2030600
2035600
2048200
2055400
2068300
2073900
2080600
2088800
2100600
2107600
2116500
2136200
2142400
2163500
2172600
2178600
2184100
2194000
2214200
2236600
2243400
2257600
2266600
2278300
2295400
2303800
2318400
2333200
2346900
2372200
2378100
2383700
2390500
2402700
2413900
2434900
2442800
2455200
2461100
2482400
2493700
2502200
2513000
2522700
2528500
2547800
2564000
2573700
2579800
2586200
2595700
2601400
2613900
2625500
2640500
2650600
2658500
2675600
2691100
2698800
2715400
2726400
2741200
2751700
2757500
2763800
2770400
2777600
2798300
2804800
2810600
2817900
2824600
2833400
2839900
2850200
2861500
2878600
2888100
2898500
2915900
2933200
2938900
2949100
2957900
2969200
2984000
2997100
3010300
3017200
3027400
3042900
3056100
3065600
3081300
3090800
3098000
3113700
3123200
3135400
3165100
3174200
3180500
3189000
3201100
3212900
3230800
3236800
3250400
3256300
3263700
3272300
3279800
3286600
3298100
3323300
3340700
3352200
3363500
3377300
3385500
3393100
3399500
3409900
3424400
3432400
3452600
3471100
3477800
3483900
3494700
3508200
3514900
3538900
3548000
3554800
3571500
3580700
3590200
3597800
3610000
3623400
3643300
3650500
3662300
3673900
3680900
3688000
3713800
3723700
3747000
3757300
3763700
3779700
3787400
3796100
3804700
3820900
3835900
3845300
3867800
3880000
3892200
3901000
3918200
3932700
3956900
3974900
3986700
4002600
4012900
4019800
4045400
4052400
4063200
4075700
4085800
4099700
4107000
4123100
4133900
4170300
4177600
4192900
4204800
4218200
4225600
4234800
4251900
4264400
4283700
4295000
4306100
4316700
4324100
4333600
4350100
4370500
4388800
4395000
4402100
4408500
4417000
4427200
4443100
4455800
4465700
4472200
4479200
4486600
4509100
4525300
4536600
4547200
4558800
4565900
4578400
4591600
4601800
4612300
4641800
4652600
4668000
4686000
4708600
4715400
4730200
4741000
4749600
4756500
4793200
4804100
4824400
4836200
4850500
4874000
4883700
4896200
4902600
4926600
4934400
4968500
4981200
4991100
4998500
5019800
5026500
5033800
5059300
5074600
5088900
5113700
5133800
5146500
5157500
5163600
5175800
5184100
5207400
5213700
5225300
5244300
5258900
5266300
5278600
5287500
5295700
5303300
5326900
5334700
5349700
5365300
5373100
5388100
5397300
5422400
5434600
5450800
5461700
5471800
5478100
5497800
5513800
5520800
5531000
5545700
5562200
5569500
5576200
5593600
5630700
5645700
5652200
5662500
5671800
5681000
5689500
5706200
5732500
5756400
5765100
5772300
5786900
5794800
5802500
5811300
5828400
5834800
5844900
5851200
5863500
5870700
5886300
5900300
5917400
5923900
5940400
5962700
5992500
6009300
6032100
6038200
6053700
6067400
6074600
6096400
6111300
6117800
6148000
6163200
6174500
6190400
6200800
6207100
6222000
6248600
6257600
6271500
6280200
6297600
6306100
6314800
6331800
6347400
6388800
6402400
6408500
6417500
6427200
6438600
6445000
6455300
6468500
6474500
6506400
6525000
6539200
6551100
6558600
6572100
6579800
6601200
6616400
6635600
6643000
6656700
6662900
6681600
6689700
6695800
6711800
6722400
6754300
6766500
6783800
6789900
6796200
6812200
6834500
6840900
6853000
6873300
6880200
6895300
6910700
6921800
6933200
6963400
6982500
6992900
7003200
7009500
7018100
7024700
7065900
7077900
7111200
7117800
7129300
7143100
7154300
7161100
7174000
7194000
7205500
7211500
7232000
7238500
7245300
7252500
7262300
7282500
7303100
7316000
7324400
7344200
7353900
7364700
7373400
7391500
7402100
7408900
7420600
7451800
7467400
7482000
7489100
7500500
7506300
7517400
7535000
7542600
7554000
7560600
7566900
7578500
7594200
7602300
7617600
7630800
7642800
7661400
7668200
7675400
7685200
7703700
7709800
7716300
7723800
7747900
7756600
7787200
7793600
7819700
7831100
7859900
7874000
7901700
7913100
7921700
7935100
7944200
7955600
7961800
7970300
7976600
7986600
7993600
8015700
8025200
8048000
8055300
8077700
8084500
8090800
8104800
8115300
8122600
8131500
8140300
8153600
8161700
8172900
8198500
8208500
8230300
8243700
8275400
8295000
8306100
8326500
8348000
8354900
8361100
8370500
8387600
8397200
8418600
8444500
8460400
8480600
8486500
8499100
8512800
8525200
8538400
8557600
8565100
8571600
8582800
8592500
8614600
8622900
8660500
8668100
8681600
8694500
8703400
8709600
8725900
8734800
8746100
8752600
8768100
8782800
8797500
8818700
8825700
8832900
8842400
8862000
8869600
8892200
8919700
8925800
8937400
8947400
8965300
8972500
8998700
9006600
9019900
9040900
9050600
9057400
9067600
9083800
9103900
9118600
9136700
9149700
9179500
9198500
9208800
9215500
9237300
9250700
9259700
9267900
9277400
9288200
9294000
9308900
9318900
9342200
9350900
9371100
9392300
9400000
9409800
9422300
9438500
9452700
9465000
9478800
9495000
9520300
9535600
9564900
9580300
9589000
9598000
9603700
9615300
9621300
9631500
9647000
9666800
9685600
9694200
9710300
9715900
9730800
9739300
9745800
9769300
9780900
9795500
9824800
9836300
9849700
9860400
9875200
9900300
9913600
9925300
9930700
9936600
9946800
9957800
9965700
9979500
10000600


