# repro call number: 0
# mode: 1
# signal: 2
# stimulus file: /extra/setup/oel/stimuli/receptorInfo/lmd_co200.dat
# carrier freq (kHz): 3.5
# stimulus length (msec): 1000
# pause between stimuli (msec): 700
# length of ramp (usec): 1000
# desired firing rate (Hz): 100
# standard deviation (dB): -1
# cut-off frequency (Hz): 200
# repetition number: 0
# duration (msec): 1000
# intensity (dB): 57.7586
9400
13800
19100
23800
29000
37100
41500
46200
52100
57300
66100
81400
86800
92200
97300
101800
112000
122300
127900
136400
141900
147900
152900
162600
169100
174700
179400
196200
204900
211700
219700
234500
249500
256700
262300
272800
278200
289600
297100
308000
313900
321100
326400
331300
338800
347500
354400
360400
367300
376000
382700
391300
399200
406400
413700
425700
434800
449800
456700
464300
476000
481200
492400
499900
507200
516500
524000
539100
545800
553400
559200
570200
584600
593300
602900
608500
615400
623700
632100
647600
652600
658600
664700
679900
687900
693900
698900
706300
715800
731900
740900
749500
755500
761100
769800
777200
787800
794800
801100
808200
820600
835800
843700
850900
856000
870100
877100
883800
888900
909700
920200
931500
941700
950300
955600
961300
974800
985200
999200
1011800
1017600
1032900
1040300
1047000
1053300
1064100
1072700
1078200
1085400
1095600
1104400
1113300
1119500
1124300
1137800
1144200
1152700
1159100
1168900
1180200
1187600
1200000
1214800
1220100
1225500
1247800
1262200
1277800
1290100
1298800
1306000
1313900
1320000
1327300
1335300
1341700
1350700
1361300
1372500
1379900
1389200
1402900
1411300
1429200
1438400
1445700
1461300
1466600
1475400
1482100
1488500
1500900
1510800
1527900
1535200
1542400
1548000
1554300
1559600
1566700
1577500
1583500
1594000
1604500
1614800
1627600
1637300
1644700
1659000
1665600
1673100
1683900
1691100
1699000
1706200
1711800
1744300
1753200
1758900
1765400
1772700
1794600
1809600
1828800
1841900
1849200
1863500
1868700
1875600
1882900
1892800
1899700
1908200
1925700
1934600
1941600
1949500
1958400
1971200
1978400
1985400
1992700
1998600
2015600
2032500
2038000
2043500
2048900
2059200
2064600
2071300
2078300
2084800
2101500
2114900
2121400
2131400
2142900
2149300
2157600
2178800
2194400
2201500
2207000
2213000
2219200
2229900
2237100
2245600
2252800
2275000
2284800
2297300
2306500
2312600
2319400
2326300
2341600
2348300
2360300
2366100
2371800
2378800
2387300
2395000
2404900
2412400
2426200
2432300
2444800
2461500
2469400
2478900
2490100
2502000
2508300
2514200
2526900
2533400
2551900
2559300
2566300
2574600
2597200
2607000
2613200
2622400
2629100
2643000
2648800
2654300
2659300
2676600
2686400
2695900
2701100
2726500
2740500
2747500
2770800
2777800
2787000
2797100
2806900
2814800
2819900
2830000
2835500
2851600
2864500
2871300
2882100
2890600
2900200
2913900
2920600
2926100
2934600
2943100
2956400
2962800
2975200
2984100
2993600
3000100
3010300
3017600
3022900
3036500
3050000
3057300
3066400
3077300
3089100
3097500
3116100
3125300
3131900
3156000
3169800
3178100
3184600
3197500
3213800
3229500
3237900
3245800
3261900
3271900
3280000
3290900
3301300
3308600
3314000
3331800
3339700
3350100
3357000
3386900
3394200
3399800
3406300
3414600
3425600
3434700
3446800
3462500
3470100
3476600
3484900
3491500
3501800
3509900
3516900
3529700
3539400
3550400
3566400
3579000
3590700
3608200
3617500
3627200
3634700
3640600
3657500
3664500
3671300
3679200
3689600
3695100
3699900
3715100
3731000
3741300
3753300
3759200
3767200
3772500
3781000
3787300
3794700
3799700
3809000
3817700
3823600
3829000
3835500
3853200
3859500
3873400
3886100
3892200
3911600
3923200
3930600
3937800
3950100
3967300
3973800
3984100
3992200
3998800
4010700
4019400
4032000
4038700
4045200
4056200
4063300
4073400
4080100
4088900
4096600
4103500
4110300
4126500
4132400
4139700
4146700
4156500
4163200
4169600
4176000
4182400
4189300
4207300
4216500
4223400
4238600
4257100
4263400
4269300
4281500
4293100
4318200
4329300
4336500
4343100
4351400
4363900
4390800
4399600
4406800
4413500
4434400
4440200
4446100
4459300
4471600
4481800
4498600
4505200
4516100
4538300
4543700
4550100
4555600
4564200
4573300
4583800
4594400
4602700
4611700
4618200
4636600
4644200
4655100
4664800
4677100
4685400
4692100
4701700
4728600
4734500
4741200
4750200
4759600
4767800
4773600
4784400
4793100
4807400
4823500
4829300
4845800
4870000
4876700
4882600
4890600
4896100
4905900
4915400
4922600
4930600
4936700
4949900
4964400
4972900
4978700
4987000
4996900
5004400
5013900
5034900
5043200
5064300
5078000
5083800
5098100
5105500
5114500
5129000
5142400
5154800
5163000
5170900
5180900
5193300
5206300
5213700
5231700
5238900
5249000
5255000
5260100
5270300
5278900
5285900
5293200
5305200
5312200
5319600
5331700
5337900
5348000
5360800
5367300
5373100
5380000
5388500
5401300
5411000
5421900
5431600
5443300
5449500
5459300
5468800
5477400
5483300
5489700
5510800
5518200
5527200
5535000
5543900
5551400
5558800
5573500
5592500
5599000
5606400
5613800
5630700
5636400
5644100
5649800
5659600
5670800
5694100
5699400
5711400
5718500
5724900
5734300
5743400
5754000
5762700
5776300
5786400
5794000
5803200
5816000
5823000
5834800
5841600
5849900
5856200
5864600
5875200
5885100
5895200
5903200
5909700
5922300
5943200
5952200
5958500
5967900
5974400
5990400
5996400
6010800
6021100
6027900
6033600
6043000
6051000
6065400
6074200
6101200
6113400
6119700
6129200
6137100
6146600
6162000
6169700
6180900
6187400
6195700
6202300
6213900
6222200
6236600
6247100
6255200
6261800
6280200
6288800
6296700
6302300
6311100
6318000
6334500
6342500
6359000
6365100
6373300
6383400
6395000
6401300
6407700
6425500
6432800
6440500
6453800
6460000
6465500
6477500
6484800
6490800
6504300
6515800
6527200
6541100
6564900
6579800
6591700
6601600
6611900
6618500
6628400
6647500
6654800
6662700
6676200
6682200
6697200
6703700
6713000
6723300
6729600
6742400
6761400
6767900
6777000
6782900
6793400
6808200
6815100
6828400
6843900
6852700
6867800
6875400
6883600
6902600
6911600
6923500
6933100
6939300
6947300
6958300
6968900
6977100
6984600
6996000
7004200
7011600
7018000
7025600
7033900
7040800
7047600
7053900
7064200
7074900
7085200
7109600
7119200
7129400
7136800
7150800
7156500
7164200
7173600
7181600
7192200
7201500
7208100
7214200
7221900
7233800
7249500
7260500
7269800
7277600
7286100
7305000
7316000
7322400
7328200
7348300
7360300
7367300
7382600
7392600
7402200
7409300
7421800
7429000
7441700
7459800
7480300
7486800
7502200
7509700
7518100
7524500
7533600
7542100
7548600
7562900
7572000
7581100
7604600
7610400
7616000
7631000
7638700
7649400
7656200
7669200
7676300
7691400
7698600
7704600
7715100
7721300
7727600
7740600
7757500
7769200
7777200
7786000
7793700
7804900
7812400
7823400
7837700
7847200
7863700
7879200
7887000
7894300
7903000
7908300
7914700
7920900
7940700
7948000
7954200
7959600
7972500
7978600
7992500
7998200
8009400
8021000
8028500
8038100
8048600
8062600
8076000
8083400
8099100
8107200
8112700
8121400
8136400
8146700
8159900
8168900
8178200
8201200
8207800
8213700
8224000
8229900
8237300
8243800
8255800
8262400
8274200
8282400
8302300
8309700
8318200
8329000
8335000
8346700
8355500
8364200
8370600
8377500
8385900
8397900
8410000
8426200
8435100
8441500
8462200
8470000
8476000
8484300
8500800
8512800
8531900
8548000
8555000
8563700
8571300
8595900
8609900
8616300
8630400
8648400
8656500
8662400
8671200
8682600
8690500
8700300
8710700
8719100
8725500
8734200
8744000
8755500
8766700
8778900
8789900
8799800
8820100
8834700
8841900
8850800
8873800
8881000
8892400
8903000
8919500
8928000
8936600
8945600
8952500
8966500
8972300
8988200
8994000
9010200
9016900
9032200
9042000
9056500
9068500
9075900
9082900
9091400
9108700
9127400
9136400
9149500
9172700
9186800
9193900
9203100
9211900
9223800
9231300
9236700
9243200
9259000
9267500
9280000
9290500
9302100
9308500
9314200
9347100
9356600
9370600
9379900
9387500
9394800
9401500
9412400
9424000
9430200
9435400
9448500
9460000
9469800
9487800
9497300
9503400
9510100
9530800
9545600
9557000
9567900
9583600
9590200
9598100
9606200
9615900
9635000
9645100
9653300
9659000
9667400
9674800
9681700
9689300
9707700
9714900
9730900
9745600
9751900
9764800
9773200
9779000
9790400
9799500
9805600
9811500
9823400
9833700
9852900
9858800
9864500
9870700
9882000
9888700
9899000
9911500
9917800
9927300
9939400
9970900
9978100
9988600
9997500
10005800


