

# duration (msec): 1000
# OFFOEL HEADER
# repetition number:1
#



6600
8200
14200
15800
18600
20800
25800
33500
35100
47400
61500
63200
77300
81700
87200
89300
94600
107600
118300
128200
133500
141300
143300
157600
169600
172000
178500
193000
194900
206100
215900
218500
231100
246200
250900
257400
259300
271000
290100
302300
307300
311800
316400
318400
322200
333200
342100
349400
356600
362100
370500
372600
378200
384100
393600
396900
405600
424000
428100
439600
451000
454900
462000
471800
474200
487300
494400
502800
510800
513900
526200
535600
541500
548500
564500
566800
581000
583000
588500
600400
612600
614600
631900
642200
652200
669100
681500
687600
692400
708200
713200
727100
728900
743600
748800
755700
765700
772700
783000
789300
794700
805500
816800
825100
837600
849300
870200
872600
883000
906500
926700
944000
948500
955100
960300
971100
980800
992400
999700
1287100
1914300
1991900



# OFFOEL HEADER
# repetition number:2
#



6500
7900
9500
14200
15700
18500
33200
35100
37500
48000
51000
61600
77200
81800
86400
88700
93600
107200
122300
128600
133900
141600
143300
158100
162400
169500
172000
175400
178100
193700
206400
214700
230400
250100
256700
258800
270800
278100
290100
292200
307000
316300
318200
327500
333800
342000
349000
350900
357000
361800
371100
378700
384100
393800
397400
404100
427700
430700
444800
451100
456500
461100
471400
473300
488100
492600
502100
511200
525500
534500
536400
541800
547900
554100
564700
571600
580800
588000
600400
608700
612500
614500
632000
642600
651800
668200
686800
689500
692100
709000
713300
727200
729100
743800
749000
755700
766700
771800
788400
794700
805200
816900
832700
838800
848000
870900
872900
882800
890300
901900
906500
914200
928000
944100
947200
949600
955400
959700
971300
982100
992600
1069700
1098600
1142300



# OFFOEL HEADER
# repetition number:3
#



6800
8300
10000
14000
15900
18300
20900
31900
34100
36000
47000
50800
62100
76500
81200
86100
88700
93800
106300
121900
128400
133400
141900
143700
158800
169700
171700
174100
178800
193700
206500
214300
225800
230000
245500
250200
256900
259200
270900
284300
291400
306100
308200
316200
318300
323000
333600
342400
348800
356500
362100
371200
377900
383900
395300
404100
420700
423500
429500
446200
456300
460400
471200
474300
492400
502000
511500
519400
526600
535900
541400
553700
564500
580300
582100
601500
608900
613100
620700
632200
642100
652000
668000
687300
691100
693300
712700
727200
729800
744000
749000
755800
764400
771800
776600
788900
794500
800500
815900
833100
839300
847900
851500
870600
872600
883200
906400
916300
927900
937400
944200
947900
954800
961400
971000
981600
1425600
2062500



# OFFOEL HEADER
# repetition number:4
#



5300
7100
8600
14100
15700
19100
33400
35000
37500
46100
61100
63000
77600
81800
87100
89100
93500
96100
107200
121700
127900
133900
141500
143300
158400
163700
169500
173000
178600
194400
205800
214600
217900
245000
251000
256900
258600
266400
271100
289900
306200
312000
316800
318500
326600
333100
336500
341300
348800
352400
356500
362500
371200
378100
383300
385600
393600
396900
405100
420900
437800
450300
455600
460400
471100
473200
492600
497400
511300
525700
535700
541800
548400
554200
564600
566500
581200
588800
594400
600700
608600
612200
614700
619800
626100
632100
642000
653000
668900
681900
687400
691800
693700
712600
727700
730900
742900
749100
756200
765200
772400
783300
788200
794800
801700
816000
824500
837800
848300
871300
873600
882100
883900
905100
913700
928700
944000
948100
954200
961300
971100
981600
992300



# OFFOEL HEADER
# repetition number:5
#



6900
8600
14400
16000
19400
26600
33100
34900
37500
48800
61500
63400
77000
82400
86600
90300
94000
121200
127800
136200
141900
143500
158400
169400
171600
179100
193300
206400
214400
216400
245400
250400
256800
259000
271100
278500
290600
307400
311400
316300
318400
326700
334300
342200
349100
361800
363800
370900
377800
383800
385700
393200
397600
405500
420100
428600
445600
449700
456500
460900
471600
473700
486800
503600
511100
515100
526600
535500
537400
542500
548500
564700
580600
582400
588800
600800
608600
612400
615400
631800
641900
652500
667800
687500
690700
693400
712500
727500
735300
743900
749500
755400
766100
771500
775100
783700
794600
796400
801300
816400
836800
848800
869900
872800
882600
906700
914000
926400
944200
946100
949400
955000
961000
971300
981700
999300
1453800
1465300



# OFFOEL HEADER
# repetition number:6
#



6900
8400
14100
15800
18500
32000
34600
36300
46300
50700
62000
76900
82000
87300
92900
107300
122500
129400
134400
141700
143500
159200
163700
169600
172600
179900
193600
206500
215400
231000
245800
250900
257500
271000
283500
291000
307300
316400
318300
327000
333400
342900
348600
350400
356500
361900
370600
378600
383600
393600
397500
404100
409000
420700
427000
429700
450900
455200
460800
471300
473100
490300
494200
504300
511000
514600
526600
535100
541700
548000
554400
564400
573200
580800
583100
588900
600900
603100
608700
612600
614800
619900
626300
632600
641700
651700
668400
680500
687600
691300
693100
700000
709300
713500
727400
730100
744300
748600
757900
764600
772200
774600
784300
787900
794500
800700
804500
815500
837300
847700
850900
865600
870900
882800
906400
913800
929400
936300
944100
948100
954700
960600
966200
971100
981700
998500
1118800
1155200
2054400
2089300



# OFFOEL HEADER
# repetition number:7
#



6800
8200
9900
14200
15900
19300
32500
34700
37000
46900
51500
61800
76600
81700
84000
87100
94000
106700
122500
128400
134000
141800
143400
158000
163100
170200
172100
174300
190900
194300
206200
215100
230700
245500
250700
257200
259100
270900
277300
291100
306700
316800
318400
322200
333500
343200
348400
350300
362000
371200
377600
383900
394500
398200
403900
424300
429700
445500
460300
471300
473500
492500
500900
504000
510900
519600
526400
534900
542700
548300
564700
567100
580300
588500
600700
609100
612900
615000
620100
632100
641900
652100
686700
691100
693000
695700
709200
713000
727500
743100
748800
755600
771500
775000
783000
788600
794400
805100
816300
838000
848900
871000
873000
882900
885000
901700
915600
925600
944300
948200
955500
961100
971100
981400
1039900
1679000
1719500



# OFFOEL HEADER
# repetition number:8
#



6500
8200
10000
14400
16300
19100
33900
35700
47100
61100
62700
81000
83600
87200
92800
95000
107800
118400
123800
134500
141500
143100
158000
169500
172400
179200
193400
206100
215100
230400
250500
257000
259500
270500
272900
277800
291200
307000
316400
318100
327000
333200
342100
348900
351500
357100
362300
370700
377900
384000
393900
396800
404500
414200
429000
439400
448800
455800
463000
471400
473200
486600
498900
504400
510700
512800
527100
535100
537000
541300
550500
565000
580700
588600
600700
612400
614500
620200
631600
641800
652400
669000
681400
687200
691700
693800
700000
710700
713300
727500
729400
742600
749000
756800
771500
773700
783200
789400
794500
805400
816200
824800
838300
849800
870900
873600
882100
884100
906400
914500
927800
944400
948000
950100
955700
960500
972000
992200
1817700



# OFFOEL HEADER
# repetition number:9
#



6700
8200
10000
13900
16000
20800
32600
35300
37400
46700
49300
51500
61600
63400
76900
81500
87400
93800
95800
107800
122400
129100
133700
141700
143700
158200
169400
172000
178400
193600
206100
215100
245900
250700
252600
257200
259800
270800
290600
307000
315900
318000
322600
333100
336000
342500
347900
350300
355500
361900
370900
377600
383800
393700
397100
404700
409900
423900
429100
444300
450700
460400
471200
473100
487000
493600
499800
510100
517800
526200
535300
542400
549100
554800
564800
572000
581000
588300
601100
603100
609200
612100
614500
620200
631900
641800
652300
668800
681700
687000
690500
693300
712100
728000
735500
743400
748300
757300
771300
773000
784100
788300
794300
799900
805200
816200
825200
837800
848300
864900
870100
872400
882300
884700
890500
905000
914400
926100
943700
946000
948600
954700
960900
965900
971300
981500
992300
1552700
1576800
1601200
1825300



# OFFOEL HEADER
# repetition number:10
#



6600
8100
9800
13800
15500
18600
21300
26100
31900
34300
36200
46100
50100
52600
61000
63100
76600
81800
84800
87200
89600
93100
95100
106600
117500
122000
128000
133700
136100
141300
143200
157300
162500
169300
171600
173700
177500
192900
195000
206000
214400
216700
224900
230500
245500
250300
252400
257000
259300
270600
272700
277200
290400
302100
306300
309400
312100
316300
318500
325700
332800
334800
341900
348500
350400
356300
361800
370400
372700
377500
383700
386100
393300
397200
403700
408600
420200
425500
428500
438600
444000
449100
456000
461300
463700
471200
473400
485900
492200
497600
502900
510700
513500
517700
521400
526100
535300
537400
541700
547900
564400
566400
572200
580900
583100
600900
608600
612800
620200
625100
631900
641700
651900
668200
670800
680500
687200
691700
693500
699100
708700
713200
727400
729300
734900
742300
744900
749200
755700
758900
766200
772000
778800
783400
788300
794400
801300
806200
815800
837100
847500
849700
869700
872000
875200
882500
884900
891000
905400
915100
927200
943300
945700
948600
954400
960500
966400
970800
981900
992100
999500
1491800



# OFFOEL HEADER
# repetition number:11
#



6700
8400
10200
14100
15700
18700
20800
25800
33000
34900
37000
45900
49900
61100
64000
77300
81500
83400
87200
91600
94300
106300
118000
121700
128000
133200
136400
140900
142800
157400
162500
169500
171500
174300
178100
192500
195100
205800
208200
214800
217400
230600
245200
250400
256700
258700
270900
272800
277600
290200
303200
306700
311100
316400
318500
324300
333100
335300
341900
348200
350200
356500
361600
364000
370000
372200
377600
383900
393200
396200
404300
412400
423600
429300
438000
449500
455200
459700
462200
471400
473500
487300
493300
498200
504500
511400
514400
521400
526000
535200
537500
542900
547900
564600
567000
580600
583000
588000
595000
600600
608700
612600
614600
620200
626000
631500
641500
652200
661900
668100
681000
686100
689300
692700
694600
708200
713400
727000
729100
735300
742600
748300
751100
756700
764300
771600
776800
788000
794400
796600
804900
816200
824100
837500
847800
850400
865200
870100
873300
882300
885100
890200
905000
914100
925600
929800
937100
944400
947500
950000
959800
971100
980900
992100
998700
1159000
1808400
1834600



# OFFOEL HEADER
# repetition number:12
#



6400
8000
13900
15700
17800
19800
25900
32300
34500
37000
45300
47800
51700
61000
63900
76600
81100
84500
87500
90200
93400
96500
106600
118400
122500
128400
133700
141600
143400
157500
163200
168800
171200
173900
178300
191100
194400
206000
214600
217100
230200
239700
245500
250600
257300
259300
270400
276200
290500
297500
306100
311300
315900
318000
322600
327000
332700
335900
342500
347700
349900
355800
361700
364100
370800
377500
383300
393800
396600
404200
407500
420400
425600
429300
438400
444800
455500
459800
462300
470800
473300
486400
491300
496800
502500
510300
513700
520300
525900
535000
537200
541900
548300
554200
564200
567200
580300
582400
588300
594500
600500
608300
612200
614400
619900
627000
631800
641800
645200
652200
661000
668400
680800
687200
690500
692700
699100
708500
712400
727100
729100
735600
742000
748700
755300
758300
764800
772200
776000
782900
789000
794100
799400
805100
815800
832800
837700
848000
852000
858100
870800
873500
881700
884100
889500
905900
914200
926700
936400
939800
944200
947900
954400
960100
966100
971300
980600
993900
1449400
1891500



# OFFOEL HEADER
# repetition number:13
#



6200
7900
9800
13900
16000
18900
21200
26200
32900
34700
36700
41800
47200
50200
61500
63800
77200
80900
83100
87200
89500
92900
94900
107500
121100
123900
129200
134300
141500
143300
157200
163000
169700
171800
177700
190300
193700
205300
207800
214300
217900
225500
231300
244600
250600
256900
259400
270800
277900
290300
305700
308100
311700
316300
318400
322400
326500
332600
335300
342400
348800
350800
355700
362100
364100
370900
377600
384000
392500
395200
399300
404100
415000
421100
428200
431400
439400
444900
449300
456500
460700
470600
472800
475800
487200
497100
500100
504800
510900
515400
520200
526300
534500
536800
541800
548000
564800
571000
580600
583100
588200
600600
602800
609800
612800
620000
626600
632200
641700
644700
652200
667900
681500
688100
691100
693300
699100
709000
713000
727100
729200
742800
748500
755200
758200
766600
771500
774400
782200
788700
794700
804800
815900
832800
837800
848600
858600
869800
872300
878700
882400
901300
905700
914100
926800
937100
944300
948100
950600
955000
960300
970900
980600
992600
999400
1258700
1902600
1920600



# OFFOEL HEADER
# repetition number:14
#



5900
7700
9800
13800
15500
18800
21800
26000
32900
34700
36700
46100
50600
61400
63400
76400
81300
83200
87000
89000
92200
94300
106800
118100
122700
128400
135000
141300
143100
157700
168700
171800
178100
190900
194300
206100
214800
218200
245600
250700
256300
258800
270300
272600
277300
290600
297200
306800
310700
316600
318600
324000
327300
332800
335600
342500
348200
350400
356200
361800
370600
372700
378100
383700
393800
396800
399600
404300
420900
429500
445400
449800
456200
460300
465200
471400
473600
493200
498400
502500
511000
514400
520500
527900
535300
541100
547800
549700
555800
564300
566500
581000
588400
595600
601000
609000
612400
614900
620200
626700
632000
642100
651500
668200
679600
687500
692000
694300
702400
711900
714400
727100
729200
742900
748900
755700
765600
771300
775400
783500
788500
794700
800500
805900
816100
831300
836400
846200
849300
859300
870300
872600
882000
883900
890500
905800
914600
926800
937100
944100
948200
954600
960100
970900
980900
995400
2000900



# OFFOEL HEADER
# repetition number:15
#



6800
8400
13700
15300
17100
19600
26000
31700
33600
35800
39300
46800
50400
61300
63200
76900
81300
83600
87100
89600
93800
96300
107100
117500
121100
128600
133300
135600
141800
144000
157800
163300
169300
171900
177600
190100
193300
205700
214800
222700
230400
245100
250200
256900
259300
265600
270800
273600
277700
290100
306600
309100
312300
316000
318500
322900
326300
333400
336600
342400
348400
351000
356100
362000
370100
372200
377600
384100
394100
397600
404000
409700
426200
430100
439200
450500
455100
460400
462900
471100
472900
485900
491800
497800
504100
510600
520400
526300
534100
536400
541800
547900
564000
566200
580600
582700
594600
601000
608500
612400
615000
619900
626100
631600
641900
646600
652300
667900
681400
686700
690900
693200
701000
708600
713100
727400
729800
743000
748700
755500
759900
765500
772000
774400
782800
788300
794100
804900
815900
825100
832600
838800
847700
850000
858300
866200
871100
873500
882900
885500
891300
906500
914400
925100
929100
944300
948200
954600
959900
965300
971200
981400
999600
1185100
1803400
1810400
1883700



# OFFOEL HEADER
# repetition number:16
#



7000
8500
14300
15900
19100
25700
32400
34700
36800
47600
51000
61500
77300
81200
83600
87400
90400
93500
95600
106900
118300
122900
128300
135100
142000
144600
157500
162900
169800
172400
177800
193100
200400
206600
214800
218000
230900
245900
251000
256900
270600
275500
283900
290600
306200
310000
316600
318900
323400
326300
333900
336400
342400
349000
355900
362100
370200
372300
377900
383600
393000
397400
403600
420200
429600
438600
455300
459400
462300
471600
473800
487000
491900
497100
504100
510500
513500
526200
534900
537600
542300
548900
554500
565000
570700
580900
587200
595100
601300
610600
613000
615300
620300
633300
642300
652200
668100
681000
687300
691500
693800
702800
713000
727000
728900
736100
743600
749100
756900
765200
772100
782700
788100
794600
805100
816200
837600
848300
851000
864900
871100
874000
882300
884300
890000
902000
907000
914200
925900
936400
943700
948300
954800
960400
971100
980800
999000
1031100
1062100



# OFFOEL HEADER
# repetition number:17
#



6500
8100
14200
16000
18800
26100
32300
35100
46300
61100
63000
76200
78100
81800
83800
87700
92800
95000
106700
118900
122200
128300
133900
141500
143400
157900
162500
169700
172600
178300
191900
194200
205900
214600
217600
230100
245100
251100
256900
259000
270600
273200
290200
302600
307600
312500
316700
319500
324600
333000
335700
342400
348600
350700
356600
361900
371000
377800
383700
394400
398300
403900
420700
427000
430500
439500
451600
455700
460700
471100
472900
476300
488200
492200
498300
503300
510700
514100
519400
527100
535100
537600
542200
548600
564300
580700
582900
588700
601100
609100
612600
620100
626200
632600
643200
652200
668500
674800
686900
690800
693000
708300
712800
727200
729700
735900
743400
748600
756000
771600
774000
784100
788900
794000
796500
800800
816300
832000
837900
846500
849300
865000
870800
872800
877900
882600
884900
906400
913800
927500
937500
944500
948700
954800
960000
971000
981200
999700
1343900
1986400



# OFFOEL HEADER
# repetition number:18
#



6900
8500
13700
15500
18700
20800
25600
32700
34700
36800
46100
51200
61300
63700
76800
81500
83600
87200
93600
107000
118200
122600
129200
134500
141700
144100
158300
169700
172800
178100
191600
194000
205900
214400
230500
245600
250500
256500
270600
276900
283000
290300
296700
307700
316100
318100
327400
332800
342400
348600
351900
356800
361700
364300
370900
377400
383600
394100
396600
404200
414100
420800
429600
439200
449200
454400
461600
471800
473900
492200
499300
502300
511600
515400
521600
535200
541300
547600
553900
564300
570900
580200
582500
589200
596000
601500
608600
612800
619700
627000
632900
643100
652900
660600
669100
681100
687300
691700
693900
697100
709200
712900
727300
729500
743000
748000
756800
771100
773700
783700
788500
794000
801400
815800
837800
847400
849800
865700
871200
882300
884800
902300
906300
913800
926600
944500
947900
954700
960400
970800
992600
999000
1052000
1067300



# OFFOEL HEADER
# repetition number:19
#



6600
8100
13800
15500
18300
20200
26100
32200
34400
36500
47000
51900
61500
63400
78100
81700
84000
87400
93800
96200
106700
121700
128600
134100
141900
143700
157600
164100
169300
171500
173900
178600
192900
195400
205700
207800
214800
230600
245100
251400
257200
270900
272900
289800
296800
307000
312400
316600
318900
325900
333300
342000
344500
349100
355700
362100
364100
371100
378000
383600
393900
396600
404000
420900
429800
438900
446000
451400
460200
471400
473900
486700
498700
504000
510700
513100
534700
537400
542600
548500
565100
580800
583200
588400
600900
608600
612700
614700
620100
631400
642000
652000
669300
680200
688200
691600
694500
698500
708400
713200
727300
729600
735400
743000
750200
757000
766300
772600
776700
787800
794400
800300
805100
816600
825300
837700
848100
870500
872800
882600
884600
906200
914600
925500
944800
948100
954800
960300
970900
992400
1183400
1791400
1814600



# OFFOEL HEADER
# repetition number:20
#



7100
8600
13300
15200
17600
19700
32400
34400
36300
45800
50800
61200
63000
77100
82100
87100
89500
93900
108600
127600
135500
141500
143400
158100
162700
169800
172400
178800
189900
193500
205700
214300
218000
225300
230700
245600
251400
256800
260000
270500
276900
290700
296900
306700
316500
321100
326100
333200
342100
348400
350700
356400
361800
370700
373300
377900
383700
394300
397900
404300
410800
425800
429600
438500
444800
455400
460300
471900
473900
491500
498300
503400
511200
515500
526600
535000
537100
541400
549600
564700
571900
580800
588200
600900
610100
612900
615400
619800
627300
641800
652400
668600
688000
691400
693600
708600
713300
727500
730000
736100
744300
748900
756200
766800
771000
773700
783500
788300
795200
801600
804800
816000
824800
837900
848500
864500
870900
874000
882300
890500
906600
916400
927900
936200
944300
948200
950900
955200
960400
971600
980300
1176100
1197500



# OFFOEL HEADER
# repetition number:21
#



7100
8600
14200
15900
19200
26100
32400
34800
37000
46900
52000
61700
63600
77300
81400
85300
88100
93600
107600
118500
122600
128100
136200
141800
143900
158200
169600
172000
178600
193200
205900
214800
218200
230500
245200
250700
257000
259100
270700
277500
290100
306900
312100
316700
319500
326300
333300
341800
348600
351300
356800
362200
371100
377500
384200
393400
397400
404100
425400
429300
440000
449600
460500
471500
473400
486700
492700
498700
503400
511100
525900
534500
537800
548100
554300
565000
580500
582800
588800
594900
601600
609700
613100
620100
626600
632600
642000
652100
668500
680000
686900
692000
708300
712800
727300
729500
744900
749000
759200
765800
772200
776400
783000
789300
794300
804800
816900
826300
839100
849400
870000
872400
882500
895800
906200
914100
927600
936500
944700
948200
950200
955400
960200
971300
981300
992700
1549600
2209400
2226500



# OFFOEL HEADER
# repetition number:22
#



6600
8300
14000
15900
19900
26300
33000
35500
46600
50700
61600
63300
76700
81700
83800
87400
93300
95800
106700
122200
129300
135500
141600
144300
158200
162900
169500
172000
178000
190800
194800
206500
215700
229900
250900
257100
261300
271700
290500
306800
315900
317900
321700
327400
332500
342200
348700
351000
355900
362300
370700
377900
383900
394400
397400
403700
425500
430000
445600
455800
460800
464100
471500
473700
487100
491400
498400
504200
511100
520800
526400
535600
542200
548400
564500
580400
587700
594800
601000
608700
612500
620000
633000
641500
652000
668800
680100
687100
691200
693500
708300
712600
727500
729600
735500
743700
748600
755900
765200
772000
774300
782500
794100
803500
815900
837800
848900
870100
872700
882400
884400
906600
913700
927800
937500
945100
948800
954800
960700
971200
981200
993400
998900
1316500



# OFFOEL HEADER
# repetition number:23
#



6800
8300
10000
14400
16500
18800
25600
31600
33500
35300
38000
47800
51900
61400
76800
81900
84900
87600
90000
93700
106500
121600
128500
134000
136400
141600
143600
158300
163500
169400
172100
179200
190600
194200
206000
214700
217700
229600
245600
250500
257400
259200
266500
271000
289900
292200
305900
311300
316400
318500
322600
325500
333000
342300
348500
350800
356500
362200
370700
372900
378500
383900
394200
397400
404200
422900
430500
439000
449700
455600
460700
471400
473400
487900
497700
502100
505600
511200
521800
535100
537800
541900
548800
564900
580300
582300
588100
601800
608500
612900
615400
621000
627700
632900
642700
652600
668600
682000
687600
691400
693800
711400
713800
727600
734800
743100
749600
756600
771400
774600
782600
789300
794400
801100
815600
831300
847200
850400
865700
870300
872600
882400
884600
906300
913800
928000
937300
945000
948400
955000
959600
971600
981400
992500
1366500
1963300
1976200



# OFFOEL HEADER
# repetition number:24
#



7000
8600
14000
15600
17900
20500
33200
35500
46900
50400
61800
63300
76200
82100
86600
88800
93700
96100
107600
123200
128600
133200
141600
143500
157900
163100
169800
171700
193500
206400
214800
230500
245700
250500
257000
271100
276500
290700
307200
312100
316600
318900
322100
333400
336100
342400
349100
351900
356500
362000
364300
370900
378100
383400
393500
397000
405200
423100
428800
444200
450700
459200
463000
472000
474100
485100
492200
502800
510800
513500
526800
535100
538000
541900
548900
564400
581000
588400
600900
603200
608300
612300
614500
620500
626500
633300
643500
651900
667500
680800
687300
690300
692600
709200
712700
727300
729400
736100
742800
748500
750600
756300
765000
772800
788000
794400
800700
806700
816400
833500
846700
849700
870800
874000
882200
884000
905900
914000
927400
937000
944000
948200
954700
960500
971600
981400
1372000
1391000
1440400



# OFFOEL HEADER
# repetition number:25
#



6600
8200
10200
14400
16700
19300
32600
34500
36500
46600
52600
61500
63700
77200
82300
86300
89200
92900
95200
107100
121900
128200
133500
142100
144700
157400
160000
170200
172900
178500
192700
194800
206100
215200
218900
231200
245400
251500
257600
270500
272700
290300
306900
315900
317800
321600
326800
334000
341900
347900
350300
357000
361400
363400
371800
379300
383600
393900
397400
404100
410200
425300
429800
445100
456000
459600
463100
471400
473400
492400
499900
510800
516000
527100
535000
537400
542000
548300
564300
566200
580800
588000
601400
608600
612300
614400
619900
631900
641800
647100
652200
669200
686800
691000
693000
709100
713100
727000
728700
744100
748900
755800
764700
771700
783700
788300
794400
806500
816300
824600
838400
847300
850000
871000
873500
882200
883900
905500
915300
930200
936400
944300
947900
954800
960200
965800
970800
981300
993500
1383200



# OFFOEL HEADER
# repetition number:26
#



6900
8500
14000
15600
19500
26300
32500
34500
47100
52000
61500
63200
78100
81700
86200
88600
93300
95800
107100
122000
128400
134600
141600
143600
157900
162800
170000
172500
178100
193200
206400
214900
218000
230200
245700
250500
257100
270600
290900
306400
311200
316200
318300
325300
333300
342100
348400
350900
356500
361700
371300
377400
383800
394700
397500
403900
420500
428800
438300
450600
455700
460600
471600
473600
492100
497200
501400
510500
520900
526000
535700
542000
548200
564500
566200
580800
587700
594500
601400
610400
613400
619700
626000
632600
641900
652600
668400
681000
687100
691500
693800
701800
709400
713300
727100
728800
735300
749100
756500
771500
775600
783700
788400
794700
802000
805900
815600
818000
837900
848500
870100
872400
882100
884000
905100
913900
917000
926100
936300
944300
948600
955200
960700
979900
992500
999500



# OFFOEL HEADER
# repetition number:27
#



6700
8300
14200
16000
18900
25500
32200
34200
35900
46500
50200
61700
63300
76700
81800
83800
87100
89300
93900
107500
119300
128600
133600
141700
143300
158800
169100
171100
173600
178700
192400
194900
206200
215300
244600
250600
252400
257000
270200
273800
278600
290200
297300
306400
316100
318000
320700
327200
332400
335200
341900
348100
350800
357100
362000
371300
378000
383600
386200
395700
403500
409700
428500
438100
455600
460200
471400
474000
492100
497500
503900
510800
515600
521800
535300
541700
547800
553900
564400
580800
588100
600800
609500
612600
615000
619600
626700
632700
641600
652400
667800
680400
686600
690500
692500
712300
727800
735000
744600
749200
755800
764800
772100
782900
794700
800000
805900
816000
825200
837800
847600
850400
870500
873100
882700
890300
906400
915400
929100
937100
944500
948700
954700
959500
971300
981300
993600
999000
1379900
1997800
2024600



# OFFOEL HEADER
# repetition number:28
#



6700
8100
9900
14500
16100
18400
31600
34200
36600
45800
50200
61200
64000
76800
82100
85300
87700
93300
95500
107700
118600
122500
128300
135000
141600
143800
157600
163200
169700
172100
177300
193500
206300
215300
229800
245200
250800
257000
260000
266200
270900
277100
283900
290700
306900
316400
318200
321500
328100
332900
335300
342800
348300
350400
356900
362000
371200
378300
383700
393800
397900
404000
409800
421000
426000
428900
439700
450000
455600
460800
471400
473900
493300
498700
503300
510900
514500
534100
536700
541600
547800
553900
565000
580400
582400
589200
600600
607900
613300
620000
626200
631900
641400
652100
668600
674400
687200
690000
692300
694500
697800
709400
713000
727100
729100
742600
748700
756500
771400
774700
784000
788600
794200
796600
806300
816300
832300
837300
847900
850600
865600
869900
871900
882300
884700
889700
914000
926500
937600
944200
948400
954900
960900
971500
981400
993700
999100
1072500
1115800



# OFFOEL HEADER
# repetition number:29
#



6700
8200
13900
15500
18000
20100
25800
32200
34500
36600
46400
50700
61300
77300
81600
86900
89400
93200
95600
107100
117700
128100
133900
141000
142800
158400
163100
169500
172300
179400
191000
194500
205800
215400
231300
245100
250700
257000
258900
270100
272000
290500
296700
305800
311600
316000
318200
322300
326800
333900
342700
348700
356200
362000
371100
373400
378300
384400
394600
397600
403900
407000
414900
428800
439500
445000
450500
456700
461500
471400
473300
493300
499300
504600
511100
513800
526200
535000
538400
548000
554300
564700
580300
582600
593800
601400
609700
613100
615100
620700
626900
631600
642100
653000
669300
680700
688100
691400
693600
699200
708500
712800
727800
735800
744000
748500
755900
765200
771900
783100
788200
794200
802200
815800
837700
846100
849900
870100
872600
882500
905400
914200
928000
936800
944400
947900
950400
955100
960000
966000
971500
981200
993500
999200
1243600
1842600
1921600



# OFFOEL HEADER
# repetition number:30
#



6900
8400
13900
15700
18900
20900
26000
33100
35100
46300
50200
61600
77200
82100
87000
92600
94700
107200
121500
123500
128800
134900
141800
143500
157600
163700
169600
171600
174600
178900
191700
194700
205700
207900
214300
216300
230700
250400
252700
257500
270500
277800
290200
297000
306900
311200
316700
319000
322500
333600
336900
341900
348600
351100
356600
362100
371100
377500
383600
393400
397500
404200
408700
429600
445100
454300
460700
470900
472900
486900
493700
498600
505900
510500
513500
526000
535100
537000
541800
548100
554300
564400
580800
583100
588700
594600
601300
612600
614500
620200
632300
641700
644800
652400
668400
680200
687400
692100
694200
709000
713800
727200
729700
735500
743500
749900
757000
766000
772600
784100
788400
795000
802100
806300
816500
836800
848400
870500
872900
878500
882600
889500
906000
915300
925900
937000
944700
948500
954900
959800
971900
981500
992100
1000100
1309600



# OFFOEL HEADER
# repetition number:31
#



6300
8200
10400
14200
15900
18400
26400
32200
34700
36700
46500
51000
61500
63700
76800
81400
83800
87600
92700
94700
106700
122700
129400
134900
141600
143300
158800
169500
172300
178300
193600
205600
214200
216700
230100
244500
250500
257200
259400
267100
271200
276400
290500
306800
316600
318300
325700
333600
342000
348800
350800
356600
361900
370500
372700
378100
383300
385400
393600
397100
403800
415100
427600
431000
438800
444700
455100
460100
462400
471500
474000
486500
497100
503300
511300
520800
526100
534800
541800
548400
553800
564300
566600
580300
582200
588600
600900
603500
612800
614900
619900
632500
641900
652000
668300
680700
686800
689100
691800
694200
708900
713600
727900
730800
742100
748600
755800
771100
773400
783500
788200
794300
800400
806600
816500
824900
837400
847600
850800
865200
871400
874100
882500
906100
914800
928100
944300
947400
950500
960300
970700
980900
992500
998700
1316300
1916800
1918500
1993500



# OFFOEL HEADER
# repetition number:32
#



6100
7800
9600
14100
15600
19300
26000
31500
33400
35700
47300
50300
61600
77100
81500
87100
89200
93000
95500
107000
118300
122700
129500
134400
141600
144200
157700
169900
171800
178200
189200
194300
206600
216600
230300
244800
250400
256100
258700
270600
277300
291500
306900
311500
316100
318300
323800
333400
342500
349100
356100
362000
370900
373400
377700
384600
395100
398200
404400
414300
426200
429100
445300
455300
461200
471300
473900
491900
498200
503900
511000
520400
526600
535400
541800
548000
564500
580500
582300
588500
596800
601400
607700
612700
615500
620000
626400
633100
641400
651900
660000
681000
687900
691600
693500
708300
712500
727600
735600
743000
749100
758700
765600
771800
774300
782600
789100
794800
800700
815500
818300
823400
839000
848600
870100
872300
882500
906200
915100
928200
937100
944700
948600
955500
960600
965300
971100
981400
993200
1333100
1349700



# OFFOEL HEADER
# repetition number:33
#



5600
7100
9000
14000
16000
21000
25600
31200
33400
35400
42500
49600
61900
76400
81400
83800
87100
88800
93000
95200
106400
122100
127800
133600
141800
143500
157800
169500
171600
177600
191100
194400
205600
215400
219400
230300
245500
251100
257100
259600
271100
290800
305900
308700
316100
318300
326000
333400
336100
342700
348500
350300
357100
362300
370800
378400
383600
385800
393500
397600
403900
421700
426800
438700
455600
460400
471600
473500
485900
492100
498300
503800
510900
513600
527100
535300
542400
548200
564700
571600
580800
588300
601100
608700
613000
615500
619900
626500
632800
641700
652100
668500
682600
687600
691700
699400
709800
713300
727200
729200
736200
743700
749400
756800
766200
772100
774500
783200
788300
794700
805200
815800
837800
849400
864900
870700
873200
878300
883000
889800
906300
914000
928000
943900
948300
954800
960200
971300
983000
1000100
1260600
1880700
1911500
2264300



# OFFOEL HEADER
# repetition number:34
#



6900
8200
10100
14200
16000
18400
20900
32700
35200
46700
50800
61200
63300
76500
82400
87300
89200
93300
95300
107400
118700
121800
128000
141500
143300
157900
163300
169600
171600
178200
190100
194400
206200
208400
215500
245500
250800
256800
258800
271300
277700
284100
290500
302800
307200
316300
318700
325800
333900
342400
348400
350400
356800
362700
370500
377800
383700
394000
397800
405000
415000
428700
438700
450900
456100
460500
471300
473300
494600
502500
511000
517000
526500
534500
537400
547900
555200
564200
567400
572200
580500
582700
589100
595800
600800
608900
612900
619500
627700
641800
646400
652800
668200
687400
690600
692500
698500
709400
713400
727100
729400
744300
748400
755600
758300
764900
771800
774400
782300
788600
795200
801100
815600
824700
830400
837800
848300
865100
870600
873400
882200
885000
901400
906500
915500
926700
945100
948800
954800
971800
981000
998300



# OFFOEL HEADER
# repetition number:35
#



6700
8200
14100
15800
19400
21800
26400
32300
34900
36700
46500
62000
77500
81900
87400
93500
95500
106900
119600
129100
132800
141800
143700
159000
162900
169500
171600
173800
179200
193500
195800
206000
215300
244400
250600
256400
258400
267100
271000
282700
291100
296900
306700
313000
316900
318900
326800
333700
342400
349100
350900
356300
362200
371200
373000
377600
384500
394000
397900
404700
425800
430200
439000
456800
461100
471300
473400
494200
500400
505500
511100
517600
526000
535600
541800
548800
564700
580500
582900
589100
600800
609000
613000
626400
633800
641400
652500
659900
669000
686300
691200
693300
697900
712700
727900
730200
744600
750700
755600
765200
772200
775900
783800
788300
794800
802000
806900
817300
838000
847900
870500
872600
882300
884000
905700
914700
936600
944500
948100
955700
959900
970700
980900
992500
1237500
1822500
1829400



# OFFOEL HEADER
# repetition number:36
#



6600
8200
14100
15900
18300
20000
25700
32800
35100
37100
48000
50800
62300
77300
81500
83400
88200
93900
107000
122600
128000
134500
141800
143700
158100
163400
169600
172400
174900
178600
193800
206400
215200
230400
245600
250800
256300
258300
270700
272800
277600
290300
307100
316100
318100
323400
332800
336700
342000
348600
350700
356300
362200
370700
378500
384000
393700
396800
404400
428800
437900
444700
456000
461000
471700
474300
492300
497800
503900
510300
514800
526500
535500
537800
541800
548100
554300
564500
566800
580100
582200
588300
595400
601400
609300
612500
614800
620300
632400
641700
652300
669000
681200
687700
691600
693900
697800
709400
712900
728200
736000
743300
749400
757400
771500
774000
783200
788800
794700
804800
816400
825500
838700
846700
849500
870800
872900
882500
884700
905500
914200
927100
943400
947600
954600
960400
970800
981300
1234500
1248500



# OFFOEL HEADER
# repetition number:37
#



5600
7400
9000
14200
16000
19300
31700
34300
36500
47000
50300
61500
77000
81600
83700
87900
92800
94600
106700
121800
128100
134400
141600
143400
158100
163100
170100
172500
178700
193500
206300
214900
217600
230800
245700
250900
256600
258300
271200
277300
290700
306200
307900
316900
318600
321800
326600
333600
342300
348600
350400
356200
362600
370900
373300
377800
383800
393400
397100
404500
408900
427300
437900
449800
455800
460700
471300
473300
486800
498000
503600
511400
516100
520200
526000
535800
541800
548100
554600
564700
580600
582900
588600
598200
601400
612200
614100
620000
625500
632000
641800
647100
652600
659000
675200
680600
688200
691600
693500
708600
712800
715100
727200
735300
748600
751500
756400
764800
771500
775400
783300
789000
795200
800800
816700
837600
846700
850200
865800
870500
872900
882500
884800
890200
906500
916300
925500
937800
944100
948000
955000
965500
971100
981500
998500



# OFFOEL HEADER
# repetition number:38
#



6700
8100
9800
14200
15700
17400
20100
26100
31600
33700
35800
38100
46400
50600
61200
63100
77100
81400
83700
87500
90500
93800
106300
122500
128000
133000
136700
141900
143800
157500
163700
169500
171700
173900
179100
190900
193700
205900
208400
215300
225000
245100
250600
256600
258800
271400
276800
290300
297600
306600
316100
318400
324800
333000
341900
348500
350600
355700
362100
370800
372800
377700
383600
393200
397200
403800
409200
420500
428400
446000
449700
457300
461400
464800
471500
473600
486300
494400
500100
503700
512100
526600
535900
541400
548100
554800
564800
580600
582700
588700
595000
600400
602500
609700
613400
619700
626800
631800
642000
652000
659900
681200
687100
691700
694500
711600
714400
727000
729000
735300
743900
748500
756700
758800
771800
774400
783600
788400
794400
805900
815700
837900
846600
849500
869800
871900
882300
884400
890200
900900
905600
927100
937400
944200
948200
954400
959900
971400
981000
992500
999500
1752600
1787500
1837300



# OFFOEL HEADER
# repetition number:39
#



6500
8000
9700
14100
15600
18200
20600
25000
32700
35000
38200
47500
51700
61500
63300
77000
81600
83600
87800
93000
95000
106800
122100
128500
134400
141400
143600
157800
163900
169300
171500
178400
190800
193500
205600
215500
229600
244200
250500
256900
259500
270700
277400
290600
305800
310900
316200
318700
323200
327300
333000
335900
342400
348500
350800
356300
362500
370400
372900
378700
383700
394000
397300
404100
419300
428900
438900
448700
456000
460300
463500
471600
473900
485800
498900
502800
511000
515700
526700
535200
542700
548100
564500
566600
579800
581700
588200
595800
602000
608900
612300
619500
626000
632400
641700
651500
662200
668300
680400
686800
691800
694100
699600
708600
713000
727800
735100
743500
749700
756200
764900
772000
774800
782600
788800
794500
800200
804800
815700
818200
825500
838700
847500
851000
865600
870700
873300
882100
884400
905400
915000
926900
945100
948200
954500
960300
971200
980300
992600
999800
1084300
1115600



# OFFOEL HEADER
# repetition number:40
#



6800
8300
10100
14300
16000
19500
25500
32000
33900
35900
43200
46800
51200
61700
76600
81900
84100
87900
92800
95300
106900
121500
127900
133700
141600
143700
157900
162900
169100
171900
175000
178700
193100
195900
206200
215000
218900
228200
236200
245700
250800
257000
258900
271300
276900
291100
306200
311800
316400
318600
326600
332900
341900
348500
350700
357400
361900
371100
373400
378400
383600
386300
394000
397500
403900
414400
420800
429500
437700
445000
460200
462500
471600
473600
493300
497900
503700
510900
514900
526000
535400
541900
548000
553700
565000
581100
600700
609700
613100
620700
627900
641600
646900
652100
668200
680300
687400
691800
694100
708300
713500
727100
729100
748600
755600
759300
771300
775600
783700
788400
795000
801100
815900
837400
847600
866000
870600
873500
882500
885300
902500
906100
913800
928300
944300
947300
949700
955100
960800
971500
981000
992900
999100
1187300
1197500



# OFFOEL HEADER
# repetition number:41
#



6900
8400
11000
14000
15700
19100
21600
33200
35000
37200
47400
51600
61900
63900
76600
81900
84100
87700
92800
94800
106100
117500
122700
128800
134300
141700
143500
158500
163100
169500
172000
178000
192700
195200
206300
214600
229700
246300
250800
256900
270500
273600
291000
306800
312300
316300
319500
326800
333300
336600
343100
349000
351900
357100
362100
371100
378400
384400
393500
397900
404000
409900
421300
430800
447700
455700
461600
471700
473500
486200
492700
497400
504100
510800
514700
526500
535100
537800
548500
564100
566100
580900
588500
600600
603500
608200
613100
619800
627400
632300
641500
652700
662200
668700
687300
691500
693700
708200
713300
727200
729100
742800
749100
756700
767100
771400
774900
783500
788500
794500
800300
815500
819500
837100
847700
850400
870500
874600
882300
884200
901000
906800
914000
927600
930200
938100
944900
948500
959900
971600
980900
1000300
1008400
1932700



# OFFOEL HEADER
# repetition number:42
#



7100
8500
14300
16000
18700
20900
25600
32200
34000
36100
47100
50300
61300
63800
76900
81300
84000
87000
89500
93300
108100
121500
128400
133500
141400
143500
157500
164000
169700
171800
178400
190600
194300
205600
207500
215300
230500
244600
251000
257000
270700
278100
290800
306100
310000
316200
318100
320800
323900
327300
334900
341800
348700
351000
356500
362200
370800
373100
378600
384400
393600
397300
404500
426200
430900
445400
450400
461100
471400
473700
487900
492600
497100
503700
510800
514500
521700
527000
535300
541900
548400
554100
565100
580800
587900
594400
601300
608900
612800
614900
619900
631900
641200
652100
669300
680900
688100
691800
693700
708900
713600
727500
730300
736600
744200
748700
755900
764800
772400
782900
793800
804300
816500
831700
838400
848300
850900
864500
870300
882100
884100
905700
915200
930500
943700
948200
950500
954800
960600
971300
983000
999700
1044700
1722700



# OFFOEL HEADER
# repetition number:43
#



6900
8400
14300
16200
19300
32900
34700
36900
47100
51100
61700
64300
76700
81600
83500
87500
91000
93800
107200
118800
123400
128400
134600
141700
143300
158200
169000
172100
175600
193900
206200
215500
232000
250500
256800
258500
266900
271400
290800
296700
306600
311900
316400
318400
323800
327000
333400
342400
348500
350400
356200
361900
371000
378700
384000
394800
398000
404300
420300
425800
429000
450800
455400
461100
471800
474000
490800
497100
503400
510700
513600
521600
526300
535500
541800
548400
564900
567000
580700
588200
595600
600900
608100
612900
615200
619900
626400
632200
641900
652900
668200
686500
688600
692100
708400
712900
727600
743000
748800
756200
766100
771400
773700
788600
794900
799800
805800
815500
825300
837100
848300
851700
864400
870400
872800
882300
884700
905000
915100
944800
948200
955100
960600
971100
981200
993400
999700
1904100



# OFFOEL HEADER
# repetition number:44
#



6300
8200
13900
15700
18100
20700
26000
32100
34200
36700
47000
50600
61400
76400
82000
87100
89000
93700
106800
117800
123800
128600
133500
141900
143800
158100
169100
171800
178400
191500
194200
206200
216000
245300
250300
252400
256600
258600
271000
290700
297200
306800
311800
316100
318000
325400
333800
336500
343100
349000
356600
362100
364100
371200
378100
383800
394300
397700
404400
426200
430300
439400
445600
455900
461100
471400
473300
487500
493400
503100
511500
517000
535800
538100
541500
548500
564700
580800
588300
594400
600900
612200
614100
620900
632000
641700
652900
668900
680900
690700
693000
712400
714400
727400
729100
736000
749200
755500
764900
772300
775800
788200
794800
801700
816000
825400
838500
848900
870900
873400
879000
882400
884400
890500
906200
915600
926400
937900
944300
947500
960300
970900
982700
1000100
1575700



# OFFOEL HEADER
# repetition number:45
#



5500
7600
9400
14300
15900
19100
26200
32400
34500
36400
46900
51600
61400
63300
81700
83800
87900
93500
96100
109000
122700
128100
134900
141200
142900
158400
170100
172400
178800
192500
205700
215100
218200
230700
244900
250400
257300
259600
270500
272400
277000
284000
290900
307300
311900
316000
318000
325400
333600
342600
348700
350900
356400
362700
370900
373000
377800
383800
392500
397800
403700
408300
424800
428600
438800
459500
462700
471900
473900
486900
493000
503000
510600
513700
526300
535600
542600
548300
565000
580200
582400
588300
601000
608500
613000
615000
619900
626700
632200
642100
652200
668800
686700
691000
693200
710200
713500
727800
734800
743300
749000
755800
771400
788200
795000
801500
816200
833100
839400
848200
870800
873200
882400
884200
906600
915400
929100
936000
944500
948400
955000
960200
971900
992200
999500
1269400
1285000
1381200



# OFFOEL HEADER
# repetition number:46
#



6800
8200
10000
14000
15800
19400
26000
32600
35000
47200
52900
61700
63700
77700
82200
87200
89300
93400
107200
121900
128300
136100
141800
143600
157900
169600
171800
174300
178700
191400
193800
206200
215000
230800
246200
250800
257000
258900
271600
290800
297200
307300
312500
316600
318700
333300
342800
349000
351200
357000
362200
371100
378800
383800
393700
397400
404800
428900
444900
449900
460800
471400
473500
493200
502100
510800
512800
526200
535400
542100
547900
564800
581100
588200
594600
601400
612600
615000
621400
632300
641600
652700
680700
687100
692000
693900
707600
712700
727400
730100
743800
749400
755400
772000
782800
788400
794500
801100
806200
816300
824700
838100
849600
871200
873500
882700
890800
906400
914900
926000
944100
948300
959800
970900
993100
1179500
1831100
1850500



# OFFOEL HEADER
# repetition number:47
#



6600
8300
14400
15900
18900
21000
25800
34500
36300
43000
50700
61900
76900
82000
83900
88100
92700
94500
107100
122600
128200
141800
143500
159400
162900
169500
172600
179000
192900
206100
215500
231500
245500
250300
256700
259200
266700
271000
290100
292600
307500
316100
318100
323300
333400
336800
342800
348600
350400
356900
362000
370600
378700
384100
393200
397500
404900
425200
429400
446100
457600
462000
471200
473100
476600
492800
497700
504300
511600
515300
526400
535800
541700
548300
564600
567400
580800
582700
595100
600500
608900
612400
614600
619700
632300
642600
647700
652200
662900
668600
682500
687000
691400
693600
709100
712800
727300
729300
736900
743600
748800
755600
758000
771700
773800
783300
788900
794700
800800
805300
817500
833100
839300
847400
850000
870500
872800
882800
885100
890900
907100
915100
936700
944400
948000
950100
955300
959900
971900
981600
1215300
1244600
2188000



# OFFOEL HEADER
# repetition number:48
#



7200
8700
14200
15900
19100
25800
32500
34500
36400
47200
52400
61500
63400
78000
81600
83600
87500
94100
108100
121700
127900
135200
141700
143400
158500
163500
170200
172500
179300
193200
206200
214700
218200
231500
244900
250600
257000
259600
270800
277900
290100
307000
311600
316500
318800
327000
333900
342100
349100
356600
362000
370700
378100
384000
393400
397600
404500
424400
429600
446200
455800
461300
471400
473500
492400
503000
511200
521500
535100
537000
548400
554500
564700
566600
580900
588400
594800
600700
608800
612900
614800
626900
632200
642300
652100
686800
690900
693700
698700
712600
727600
729900
736000
745500
749500
756000
772100
775900
788700
794600
799800
816300
824500
839000
847600
850000
871800
882200
884000
926100
936400
944300
948200
955400
959900
971800
981200
999300
1406400



# OFFOEL HEADER
# repetition number:49
#



6900
8200
10200
14800
16400
19600
25500
33300
35100
37400
42100
50200
62200
64200
78000
82100
85500
88400
94300
107700
128800
141200
143000
159300
169500
172000
179200
191700
205800
215400
231100
250800
256500
258800
271300
290600
306200
316700
318500
321500
333400
342700
348300
356900
362500
371100
377600
383800
394000
396700
404500
420300
429500
457700
460900
471700
473600
493900
500400
510900
535500
541700
548500
564900
567000
580600
582800
588000
601200
612600
614300
619600
627800
632400
642400
651600
668800
686500
691600
696700
710200
713300
727400
729400
744100
749200
757000
765000
771900
783800
788200
794600
801400
806300
815900
837000
848900
870800
874100
882500
884500
906400
914600
928000
936400
944600
948300
955500
960400
971800
981500
993500
999700
1197200
1225400
1269800
2187000



# OFFOEL HEADER
# repetition number:50
#



6700
8000
14200
15700
19100
26000
33100
34700
36600
47000
51900
61400
63600
77500
81100
82900
87300
89700
93700
107100
122100
128700
134000
141900
143800
158000
169300
171400
178300
193100
206300
215400
230800
250600
256900
259600
270800
277600
290400
306700
316700
318700
324600
333900
342200
349200
350900
357800
362100
371200
377600
384100
393700
404200
421500
429400
444800
456400
460200
462800
471500
473300
485400
503200
510600
515700
526400
535200
536900
541700
549400
564900
582000
588100
600700
603700
612700
614400
620800
626800
642300
652800
668400
681800
689300
691500
694000
712700
727500
730100
742200
748600
757200
771400
773500
787800
794700
802600
806400
816900
837200
848700
871300
873700
882500
884700
906200
913100
928700
944000
948100
956000
960500
972000
981400
994000
1104400
1719200



# OFFOEL HEADER
# repetition number:51
#



6700
8200
13900
15700
19500
27000
33400
35200
46900
49400
61600
77700
81600
87600
93600
95700
108100
119500
123900
129100
135500
141700
143500
158300
168900
171500
174900
179800
193800
206300
214400
216900
230700
245900
250500
257200
270600
276900
290500
306900
316000
317900
324000
334400
342600
348500
350300
356200
362400
371300
378200
383600
394400
397900
404700
428700
438700
446600
460600
471500
473300
493300
510100
514300
526700
535500
541600
548500
553800
564800
580500
583000
588400
595100
601000
603300
611900
613900
620400
626400
632700
642500
652300
668600
686400
691000
693000
695700
713000
727000
729000
744400
748800
755900
765100
772000
782900
787900
795100
804800
815700
838200
848300
864800
870700
872600
882300
884000
905900
915200
926700
936100
944100
948800
954500
961500
971600
981500
992200
1727600



# OFFOEL HEADER
# repetition number:52
#



6800
8400
14000
15800
18300
25800
33100
35000
37000
47600
50800
61400
77700
81900
87600
93900
107200
122300
128400
134800
141800
143600
158900
169400
171700
178300
192700
194500
206100
215100
225200
245100
250500
257000
259300
270900
276800
290600
306500
312600
316400
319100
327000
333300
342100
348600
351200
356600
362600
370300
373000
378600
384300
395100
404500
429500
438900
455800
460900
471200
473300
486900
498800
504600
511800
526900
535400
541500
547500
555900
564700
580900
587900
600900
612400
615300
620400
641600
652600
669100
680600
687200
691600
694400
709400
713200
728000
730700
743600
749200
756400
771500
773800
783400
789100
794300
801000
806600
815300
837800
847600
865600
871200
873600
882500
884600
907300
915700
927000
937100
944100
948000
955000
960100
971800
980900
999100
1126400
1733600
1746500



# OFFOEL HEADER
# repetition number:53
#



6700
8200
14300
16400
19700
33300
35400
46600
52300
60900
62700
81100
83100
87600
93400
96000
106900
121800
128500
135500
142100
143700
158000
164000
169700
171500
177100
193700
206200
214000
217500
225500
231200
245300
250800
257700
270400
273400
290500
306900
312100
316800
319100
333100
341400
349300
356300
362100
371300
378300
384200
393600
397600
404300
423900
430700
445000
455600
461100
471400
473300
491600
498900
503400
511200
517100
527000
536100
542000
548400
554500
564600
566900
580600
583000
595600
601600
608700
613000
614900
620000
627200
642000
652000
668400
682000
687800
691100
693000
712800
727700
729900
736600
743700
748500
756300
765400
771900
774300
784000
788400
794800
801200
815700
825100
836700
848300
870500
872900
882400
884300
906300
913700
916000
930600
937200
944500
948800
955200
965800
971400
981800
992900
999100
1482500



# OFFOEL HEADER
# repetition number:54
#



6900
8300
10100
14300
16000
18900
32900
35300
46300
61200
63400
76300
81800
83800
87700
93300
107600
118500
123300
129900
135000
141900
143900
158300
163700
169200
171900
193200
195600
206600
214800
230500
245200
251000
257000
270700
290200
307400
316500
318500
325700
335200
342200
348900
351000
357600
362600
371200
378200
383900
394000
397400
404900
424700
429000
460100
462200
471600
473500
493200
501500
510100
513400
526600
534700
542000
547800
564200
566600
580800
595100
600700
602600
612600
614500
620800
642300
652400
668000
681000
688300
692300
700900
713100
728100
730300
736400
744200
749900
756400
758700
772400
774700
783600
789100
794400
805200
816500
835700
849100
870900
882400
884800
906100
914000
927700
944300
948800
954700
960600
970900
981900
1439800
1457500



# OFFOEL HEADER
# repetition number:55
#



7000
8400
13900
15600
18200
20700
25100
33300
35600
51200
62000
81300
82900
87200
93500
107400
118100
128300
135200
141400
143000
157700
169200
172200
178500
191100
205800
214900
218200
230200
245100
250700
256800
258900
270700
276900
290700
306700
312400
316800
319500
324800
333900
342000
348800
350800
356200
362000
370900
372600
378300
384300
393500
396800
406000
409900
425200
429200
450300
457100
461400
471300
473400
494900
502900
511400
516800
535200
538600
542000
548200
564800
566900
580300
582200
588500
601100
608800
613200
615100
620300
626000
633100
642100
652400
668700
688000
691600
693800
699000
713200
727600
729400
744300
749200
756400
772200
774100
783100
788200
794600
803500
816200
824800
837900
848200
851600
870600
872900
882300
884100
901100
914500
928600
943800
947500
949900
955800
960400
971900
980600
1896900



# OFFOEL HEADER
# repetition number:56
#



6900
8400
14200
15900
19900
33200
35500
37600
47100
51900
61200
78400
81900
84000
87400
93100
95200
106800
121600
128300
135500
141700
143400
158000
170100
173000
178300
193100
206600
214500
217900
230300
245400
250800
257000
270900
290700
306500
311500
316700
318600
325600
333000
337100
342800
348400
350500
356800
362500
371800
378000
383800
393300
396700
404700
421000
430700
444300
455300
460800
471500
473500
492700
503800
511100
515800
526400
534900
536700
541900
548400
564700
581200
583200
588300
601800
609700
613000
615100
620700
626500
633100
642200
652700
667700
681300
687300
691300
693500
712300
714500
727900
737400
743500
749100
756000
772300
774900
783500
788600
794300
801000
807300
816700
824100
837600
845700
849400
870900
872700
882300
884200
906600
915500
925700
937100
944300
947800
950400
955900
960500
971600
982800
993900
1402200
1422900



# OFFOEL HEADER
# repetition number:57
#



7000
8500
13600
15100
16800
19600
32700
34800
36700
46700
51600
61800
77800
81500
84100
87800
90000
93900
107800
118200
128500
134800
141300
143300
157900
162500
169500
172000
179000
190700
194600
205600
214400
230700
245400
250500
257100
270100
277800
290700
306100
315700
318500
326300
333300
343300
348600
350400
356700
362600
371800
378100
384100
393600
397200
405000
424400
429100
439300
445400
455700
460400
471700
474100
492400
496700
504400
511600
514900
526300
535100
537200
541900
548400
564200
571800
580700
594700
601000
608700
613000
615700
620500
632900
642200
652600
668700
679600
688300
691600
693900
712500
727100
729000
743800
748400
756300
764900
771500
773900
788300
794200
801100
815200
825100
838400
847900
850300
871000
873900
882500
884700
906100
914800
928200
937800
944000
946800
950000
956100
961800
972000
981000
999600
1885300



# OFFOEL HEADER
# repetition number:58
#



6700
8200
10300
14400
16000
19500
26100
32600
34700
42500
49700
61200
63800
76700
81700
83400
87100
91600
94500
106300
108200
122100
128600
132800
142000
143700
157500
169800
172500
178700
190500
194600
206200
215600
231300
245500
250700
257100
259200
271300
276800
290900
306700
312500
316700
320400
326500
333300
342500
348800
356400
362100
371000
377900
383600
393400
397200
404700
420600
428800
445600
455800
462100
471500
473400
487700
493600
497600
503900
511500
527200
535000
536700
541700
548200
564900
581000
588900
601600
610000
613300
620200
631900
642400
652200
668900
686000
690500
692600
708700
713300
727900
730100
744400
749700
756200
765500
771500
774000
782700
789500
794900
802000
816300
837600
848100
851100
865800
871500
883000
885000
905400
914200
928000
944800
948500
955500
960300
971100
981700
993200
1078900
1688100
1720800



# OFFOEL HEADER
# repetition number:59
#



5300
7000
8700
14500
16700
19600
26000
33600
35300
38000
47700
61400
63200
76300
81800
86600
88500
93800
96200
122000
129000
134100
141000
142800
157700
169900
172100
175400
179600
190600
193900
206000
214900
230600
250100
252200
257500
270200
289900
307100
311600
316200
318100
322700
334000
342200
348600
356700
362000
370700
372500
378100
384600
393300
397900
404900
414400
429800
438800
450300
459800
462500
471900
474000
492900
502300
510800
516300
526100
535700
537800
541400
548500
554800
564300
581000
588100
594400
600700
609400
613100
615900
620300
632300
642300
652500
660000
668300
680500
687300
691000
693600
709200
712800
727600
730000
743200
749100
756100
766000
772000
775500
782700
788600
794300
805000
816100
824700
838700
848100
850800
870300
872700
883100
906400
914900
928100
937900
943700
948300
955100
960400
971000
983200
992400
1635300



# OFFOEL HEADER
# repetition number:60
#



6400
7900
9600
13800
15300
19300
21800
26400
33100
35200
37400
45500
51900
61200
63200
76700
81700
83700
87700
93300
96000
108000
118000
121600
127500
135100
141900
143800
157200
163200
170100
172400
177900
193100
205900
213400
216100
230200
245300
251000
256700
270300
272000
290900
306600
311900
316300
318600
322000
333500
342300
348700
350300
356500
362500
371000
377500
383900
394400
397900
404300
421800
429100
444300
455900
459900
471000
473000
492900
501700
505200
510300
514500
526200
535100
537500
541400
548300
564400
567100
581000
583300
587900
601300
609200
612200
620800
626200
642100
652600
668000
680800
685900
691300
694000
712900
727900
729700
743500
748200
756300
758500
765200
772700
787800
795100
801900
805600
817100
838000
847600
850200
870300
872800
882500
884400
906100
929900
943900
946600
949100
954500
970800
981500
992500
1184000
1805000
1825500



# OFFOEL HEADER
# repetition number:61
#



5600
7700
10200
14300
16300
20600
25800
34200
36100
47000
61600
77100
82000
87300
91400
94100
107100
121400
128400
137100
142100
144000
157800
170500
173300
179100
192900
206000
214300
245800
250700
256800
258400
271200
292200
306400
312000
316900
319100
333700
343100
349000
351200
357000
362400
371800
378300
384100
393600
397800
404300
421500
429200
438600
455600
460500
462700
471700
473400
488200
494800
499300
504500
512300
526400
535500
537500
541900
548600
564300
566200
580900
582700
588100
595000
601000
608600
613200
620200
627100
632000
641400
643100
652400
669100
680800
686500
691100
692900
708600
712400
728100
735200
743900
749500
756400
765200
772500
782700
789300
794300
800500
806400
816600
824300
838800
848200
851100
871000
873800
882900
884800
905600
914200
928600
944300
948600
954800
960800
971200
981900
998900
1211400



# OFFOEL HEADER
# repetition number:62
#



6800
8300
13700
15100
17500
20200
26700
32200
34700
36600
46800
50500
61400
76000
81500
83800
86400
89400
93300
96600
118400
122200
128600
134600
141400
143700
157900
163200
169600
171200
173300
178700
190600
193700
206600
214500
217100
230400
245300
250800
256700
258600
270900
273300
277900
290500
306000
311600
316300
318300
323300
333300
343000
348500
350400
357000
362100
370900
377900
384000
394400
397800
404400
407300
415400
429400
445100
455500
460800
471300
473100
495600
501100
510600
513000
526000
535600
542400
548400
564900
580500
588400
594400
600800
608500
613100
619600
632500
642000
652800
668400
681500
687000
690900
692900
699700
709100
713800
727500
735800
744000
748700
756600
764600
772600
783200
789000
795000
805400
816000
818100
837600
848800
870900
873500
882400
884100
906300
914100
929900
935700
944100
947900
950100
960500
971600
981600
1349700
1352400



# OFFOEL HEADER
# repetition number:63
#



6700
8300
10300
14200
15900
19000
32500
34400
36100
46600
50500
61600
63300
77100
81600
83100
88400
93500
95700
107100
122700
129200
136100
141500
143800
157300
169600
171900
174100
179300
194100
206300
214600
218700
230500
246100
250700
257000
259200
271300
290500
306900
312200
316500
318400
326900
333400
342500
348400
350800
356800
362000
371300
373500
378200
383400
394700
397300
404500
428000
431600
450200
460600
471000
472800
487100
492600
499400
503300
511700
527200
535300
537300
548600
554000
564500
566700
580900
582800
594100
601100
602900
609700
612800
620000
627000
633600
642400
652700
668600
686800
690300
692700
709300
712800
727900
737700
748500
757600
765800
771900
774000
784900
788400
794800
802500
816200
825100
838000
847000
849500
870300
872000
882900
885100
901800
907100
915400
936300
944400
946800
949000
955200
971400
981000
999400
1274500
1307300



# OFFOEL HEADER
# repetition number:64
#



6900
8300
10300
14200
15900
18400
21300
26600
32400
34600
36800
46700
61600
78100
81500
83700
87400
93500
95300
106900
119200
129000
133400
141500
143600
158100
169300
171900
191400
194400
206500
215700
217700
245200
250700
256600
258700
271100
277700
290800
307100
312700
316200
318400
326100
333300
335700
342800
348500
350200
357200
362100
370700
378000
384300
388000
393600
397800
404400
409700
420700
429500
438200
451000
460500
471500
473300
486400
502300
510500
514500
525700
535500
537300
541700
548200
564500
580900
588400
600200
603100
609500
612800
619900
631700
642100
652600
670000
681400
687400
691700
697500
709600
713500
727300
729800
743300
749500
757900
764800
771100
775000
783000
789500
794500
805900
816300
824300
838400
847200
870500
872600
882100
884300
905600
915400
927200
937100
944700
948200
955900
960200
971300
999100
1164000



# OFFOEL HEADER
# repetition number:65
#



7000
8600
14100
15700
19800
31800
33900
35800
46100
52400
61400
63900
77400
81900
87700
93100
106700
122200
127800
135100
141800
143800
157900
169500
171700
178400
193700
206400
215200
230300
245200
250500
257000
270800
290600
303100
308500
313700
316700
319000
322800
333600
342400
348700
350800
357100
362000
371100
378400
384200
394600
398700
404200
428800
446300
454700
460600
471800
473900
494800
505100
511200
515600
526000
535400
537100
542700
548300
564800
580800
588100
600300
603100
608900
612600
615100
621500
627000
633200
642500
652900
668900
681400
687500
691300
693400
700500
708800
713200
727700
736400
747600
750500
756500
772500
783100
788500
794900
801100
806100
815600
837800
849000
871500
873700
882800
885000
889700
906600
915100
936200
944300
948300
955000
961400
971500
982100
992200
998500
1578800
1603800



# OFFOEL HEADER
# repetition number:66
#



6300
7900
9600
14400
15900
18000
20100
31600
34500
36600
47000
49000
61500
63400
78200
82100
85600
88300
92900
95000
107900
122200
128400
134700
142000
143900
158700
164200
169800
172300
179300
193900
206400
216300
230600
245700
250700
256400
258900
270600
273100
290700
306900
316700
318500
323300
327200
333000
342100
349200
350900
356900
362200
371100
372800
377700
383800
394000
404400
408700
425100
429200
439000
445000
451200
460700
471200
473100
486500
491400
502600
511500
525900
535500
537200
542000
548600
554700
564800
571900
580500
582600
588800
601100
603400
608900
612300
615100
620200
626500
634400
641600
644300
653200
662000
668700
680900
690100
692400
698000
708700
713000
727600
729700
744600
749000
755700
765000
771900
783100
788400
794400
796700
816500
825300
838100
848100
871000
873000
882400
890000
905700
914000
927300
937500
943900
947500
949800
955200
960400
965800
971500
981200
1000200
1292300
1323500



# OFFOEL HEADER
# repetition number:67
#



0
7000
8500
13900
15400
17600
19300
26800
33300
35000
36900
46700
51000
61500
63200
76600
81500
84400
87300
90700
94000
107800
117900
122200
129000
133200
142100
143900
157900
169500
171400
174500
179400
192500
195400
206200
215200
230300
244900
250300
256800
258600
270700
276900
289900
306700
312300
316500
318700
322100
325900
334900
342500
348900
357100
362100
370500
372600
378000
384200
397400
404800
423800
428600
445700
450300
456300
460900
472100
473900
486500
492900
499100
505300
511100
514800
520300
535100
541400
548800
554200
564300
566500
581000
583100
588100
601400
608700
612300
614600
619900
626300
632200
641900
652200
668200
680300
688500
691700
696500
708800
713000
715100
727500
729500
743400
748600
755300
771800
774800
783100
788300
795000
800200
815700
837700
848300
850700
871200
882900
905600
913700
926800
936300
944300
948200
955400
960800
971200
980400
982800
999700
1580400



# OFFOEL HEADER
# repetition number:68
#



6800
8200
9800
14000
15700
18700
20400
26500
33000
34900
37800
47200
51000
61400
63300
77200
81700
83900
87400
89300
94400
96700
107200
121400
128200
134300
141700
143600
158000
170400
172400
193300
206600
216300
230700
245900
251100
256600
258300
270700
277300
290600
306300
312600
316200
318300
322600
326900
333100
343000
348800
351200
357000
361900
364200
371100
378100
384100
394300
397800
404600
419900
430500
449900
455900
460300
471300
473100
485700
493300
502700
511000
513200
528100
534800
537100
541700
548500
564600
567700
580600
588000
601400
608700
612400
614800
620800
626800
632000
641700
644900
652100
668800
675200
680600
687300
691700
694100
712200
714300
727100
729300
743000
749100
755800
771300
774100
783900
788500
794600
801300
806900
816200
824900
838200
848500
865600
870800
872800
882700
906400
915000
925800
943800
947600
960000
966900
971300
981400
993200
1282800
1317400



# OFFOEL HEADER
# repetition number:69
#



6900
8400
13300
14900
17200
19200
26200
32800
35100
46900
51200
61400
63200
76300
82500
86900
88900
92600
94600
106200
118900
127900
134900
141700
143700
157900
163500
169600
171300
174400
179900
190400
194300
206000
215300
230700
245300
251000
257100
260800
271100
290900
306200
316900
319100
324500
333600
341700
343700
349400
355500
357500
362300
370900
378200
383700
394800
397600
404600
429200
449500
456600
461200
471500
473400
492000
499100
503100
511700
514700
535600
542200
548200
564700
580700
582500
588500
601800
609800
613300
620300
632100
642000
652100
668000
687300
690900
693200
709800
712900
727900
730100
743300
748600
756400
764900
771800
774400
783500
789000
794900
800800
816600
838200
846900
848900
871200
882500
889700
906400
915400
929300
944200
948200
950700
960500
971400
982000
1581200



# OFFOEL HEADER
# repetition number:70
#



7000
8500
10100
14200
15700
18700
33000
34700
36500
46900
51700
61500
77400
81600
83700
87400
90100
93600
95500
107000
122100
129000
135100
141900
143600
158500
168900
170600
173100
178500
193700
206100
208300
216000
230700
245400
250900
256900
258700
271200
290100
306700
312700
316200
317900
322100
325900
334200
342100
348400
351800
357000
362400
370200
372200
378300
383700
393500
397300
404300
414700
430100
446400
456200
460700
472200
487000
492100
498100
504800
511300
526600
534300
536600
542100
547900
553500
565100
572400
580800
588200
601000
609000
612300
614500
620300
632000
641700
644100
651800
669200
686900
689200
692000
694000
710600
712900
727800
729800
745000
748800
755800
765400
771100
773200
780900
783500
788400
794400
805400
816200
824900
837600
848500
864800
871100
873700
882600
891000
895600
906300
914600
929000
938500
944300
947500
949800
955200
960100
971100
981500
1453600



# OFFOEL HEADER
# repetition number:71
#



6700
8100
10000
14300
15900
19400
26400
32800
34700
36600
46500
50900
61600
81200
83300
87500
92900
94900
107100
118800
122000
128800
133900
141500
143200
159000
163100
169000
171200
173500
190700
194400
206000
215200
217400
229800
245400
250400
256700
258600
270500
272400
283900
290300
306300
316400
318200
322600
326700
333100
335000
342400
348800
350900
357500
362500
370300
377500
384300
393500
396700
404100
411000
420900
429400
450400
455800
460300
471600
473400
486300
497400
503500
511900
515900
526200
534900
538000
542200
548500
565100
580700
588200
595300
601100
609300
612900
615100
620400
627500
632500
641700
652600
660300
668800
681000
686900
690300
693000
697800
709000
713300
728000
730300
736400
744000
749400
757100
764000
771800
774100
783100
788900
794500
801800
815500
825200
837800
848700
870500
872500
882300
884400
902200
906900
914800
926600
944500
948100
954900
960400
970600
982100
1193400



# OFFOEL HEADER
# repetition number:72
#



5200
7000
8700
14200
15700
18700
25300
32600
34500
36400
47600
52100
62000
76600
81700
83600
87500
90300
94000
106900
122300
128300
134400
141500
143300
158200
169400
171800
179000
191300
194000
206400
215000
231000
250600
256600
258800
271200
290600
306300
311700
316700
318700
324600
334400
343000
349000
351100
356900
361900
371100
378300
384600
394700
397900
404100
421700
429100
439800
445600
461000
471500
473600
486500
494100
497900
511700
520700
526500
535800
542300
548200
554100
565500
572100
580800
582400
588800
595500
603000
610400
613300
620000
632800
642200
651900
668500
680200
688800
691900
694800
709700
713900
727600
729600
743300
749100
756200
771200
773700
788400
794700
806300
816300
837600
848100
865300
871900
882400
906500
915400
936800
944000
948200
955800
971100
981300
992200
999500
1038600
1679700



# OFFOEL HEADER
# repetition number:73
#



5600
7700
10600
14200
16100
19300
25600
33100
34900
37700
47000
51400
61900
76700
82300
86500
88400
94300
106600
122100
128700
133800
141700
143700
158100
169400
171000
173200
178600
193600
206300
215900
218600
230000
245600
250800
257200
259400
270700
272700
290800
297300
307700
313000
317200
322600
333100
342600
348400
350600
358100
362200
371800
378200
384300
393700
397300
404400
428700
445100
450400
460700
463800
472200
474300
498400
510500
514400
521100
535300
542100
548300
553400
565200
581000
588300
600900
608500
612700
615600
620400
626400
632200
642200
645300
661500
680800
686800
690100
693300
709400
712200
727100
729400
743400
748700
756600
765100
772100
784300
788300
794700
804900
816100
824700
838000
848500
865900
870900
873600
882800
906200
914100
927900
936200
943900
948300
955200
960600
971200
1000000
1340800



# OFFOEL HEADER
# repetition number:74
#



6700
8300
14400
16200
19300
33300
35200
37400
46800
50000
61700
77300
82100
87000
92600
94600
107200
122200
129000
133500
141300
143300
158200
163000
169800
172900
193800
205900
214800
230300
246300
250500
257300
260000
270800
290200
306300
311700
316300
318200
323800
326300
333200
342700
348600
350600
356800
362200
371000
377700
383800
395500
404200
409900
423400
428900
444800
455400
460700
471300
473800
486900
491500
499900
504200
511200
527100
534700
536600
542800
548400
564800
580900
588000
600600
608800
613200
615200
621000
632200
641800
652200
661400
668600
680600
690100
692700
698400
712400
714600
727600
731100
748200
750800
756700
771800
774000
782400
787800
793900
804900
816500
837400
848700
852000
870700
872600
882400
884400
905100
913800
929400
945000
948200
950500
955500
960200
971300
982900
999900
1593400



# OFFOEL HEADER
# repetition number:75
#



7000
8400
13900
15400
17500
20600
26400
32600
34400
36700
45800
49400
61200
62800
76300
81900
83600
87400
89500
93800
107200
117600
122400
129100
134900
141600
143200
158100
169600
171700
179300
193200
205800
215400
224400
245000
250300
256900
258500
270500
290400
298200
307800
311700
316500
319000
326000
333000
336000
342600
348900
351100
356400
361900
371100
378700
383800
394300
397800
404500
426200
438000
450700
455800
460200
471500
473500
486200
492500
501000
504900
511800
521400
526500
535500
542000
548100
564700
566700
581300
588800
600300
609300
612800
620600
628000
632800
642300
652400
669300
687500
691100
693700
708500
712500
727700
729400
735500
744200
748900
756000
764500
772700
783200
788500
794500
807200
816500
824900
837400
847800
870900
873200
880000
882900
901500
912200
927300
936700
943800
949100
954900
960500
971100
981400
993100
1464900



# OFFOEL HEADER
# repetition number:76
#



6600
8400
14000
15600
17500
20400
32400
34500
36300
46500
50500
61700
63600
76300
81700
84300
87400
91800
93600
107000
116100
122300
128700
133900
141800
143600
157400
163100
169700
172600
177900
193600
206000
215700
231500
246000
250700
256500
258300
271100
277000
291600
306600
311500
316600
318700
323500
332800
342200
348700
350700
356400
362700
370800
377800
383500
385800
394000
397500
404200
421300
429200
437500
444600
450800
455700
460700
471800
473700
488000
497900
502500
511300
526900
535700
541900
547600
554300
564700
580400
582200
588500
601100
603700
612100
614200
625500
632500
643300
652100
668600
680900
687100
691400
693400
708700
712700
727400
729400
744100
748700
756800
771900
775200
782700
788300
794100
799700
805600
816400
836100
838600
848700
871000
873200
882700
884700
890600
905900
915200
928100
936900
944400
948600
954800
960700
971500
980800
999200
1036100
1674900
1693300



# OFFOEL HEADER
# repetition number:77
#



6900
8600
14000
15500
19300
21200
25900
34000
35700
46500
51200
61000
62800
77800
81200
83300
88800
93500
95900
105900
117800
122300
128300
135500
142000
143800
159000
168900
170900
173100
178000
190700
194800
206500
215100
230200
245500
251100
256700
259700
270700
277300
290400
297200
306300
312700
316500
319000
323000
327500
334000
342300
348700
350800
356400
361900
370500
378000
383700
387300
393700
399100
404700
426300
429100
444300
456200
460800
471400
473300
487100
500300
504100
511200
513900
527600
535300
541400
548200
564600
581000
588200
601000
608400
612400
614400
620200
626400
631800
642600
652000
654300
668500
681400
687400
690000
692000
708500
712700
715200
727300
729800
735200
748100
750300
756000
764600
771800
775800
782900
788200
794700
804900
816400
825300
837500
849000
870600
872900
882500
884600
895800
914200
929100
937800
944500
948300
954900
960000
971700
981800
1667800



# OFFOEL HEADER
# repetition number:78
#



6600
8300
13900
15400
17500
19800
32500
34300
36200
42700
50100
61600
76800
81500
84400
87400
93600
107300
117300
127800
134300
141700
143300
158900
164200
169700
171900
178200
193200
205900
214800
217600
231300
245400
251200
257100
261300
271700
277500
290600
307100
311400
316300
318300
321800
326000
333500
341900
344000
349200
357200
362100
363900
371200
378500
383800
393200
395900
405600
410200
414300
421900
429000
445000
455300
460200
463400
471500
473300
486400
493300
504300
510300
515300
520700
527000
535300
542100
548300
564100
566400
580500
582500
589000
601000
603000
608500
612900
620100
626400
632100
641800
652400
662500
686800
691000
693200
709100
713400
727500
729400
744200
748400
750800
756200
764900
772200
775900
782700
788100
794600
800900
805600
815900
826600
837200
848600
865400
871200
874500
882300
885300
906300
916200
926600
943500
946000
949700
955400
960200
966200
972300
981800
992200
999800
1158100



# OFFOEL HEADER
# repetition number:79
#



5700
7600
9200
14000
15700
19600
26200
31800
34300
37200
46800
61200
63000
81700
84000
88300
93400
95700
107100
118400
122600
133200
141600
143400
157400
163500
169400
172000
191200
193400
206000
215500
230300
244500
251000
257100
270600
277000
290700
306300
312400
316600
318600
323600
327300
334000
342200
348700
351900
362400
364300
371200
378100
384000
393900
398000
403500
424600
429600
439100
458700
461300
471500
473900
492500
504400
511000
514900
526400
534800
548000
550000
564900
580200
582400
588200
601200
609100
613000
615100
626300
633100
642100
652700
667900
681500
686800
690900
693400
708600
713100
727500
729500
736600
743100
750200
755900
772100
774100
788900
794500
800800
815900
824500
837200
847400
849400
870500
872400
882200
884600
906800
913400
922600
937300
944700
948200
955200
961000
981100
992600
1541000



# OFFOEL HEADER
# repetition number:80
#



6600
8200
13900
15400
18900
25800
33700
35500
50600
61500
64200
78700
82000
86800
93700
107600
117900
128600
134300
141700
143600
157600
163900
169600
171900
178600
192800
195200
206900
215500
224800
231300
245900
251100
257200
270500
290600
306200
311900
316700
319100
325900
334100
342400
348800
352700
362200
371000
378100
384000
396800
404400
420900
429800
446400
455700
460600
471800
473900
492000
497600
504500
511500
520500
525700
535600
541700
548600
554300
565100
572200
581000
583000
595700
601600
608400
613200
620200
626600
632500
641800
651900
681200
687600
691600
694200
709700
713000
727400
729600
744700
748700
755000
772300
774200
788600
794500
804500
816400
825900
845000
849600
865300
870900
873200
882900
885000
905900
914200
916300
925400
943900
948500
954900
961200
966400
982600
1000800
1165700



# OFFOEL HEADER
# repetition number:81
#



7000
8400
14100
16100
19600
31700
34500
36200
47500
52200
61800
77100
81600
84300
87700
93200
95100
106800
121700
129000
134300
141900
143900
157800
169600
172700
174700
178700
192500
206400
215600
230700
245500
251200
256500
258300
271100
291100
307400
316300
317900
322600
327300
333700
342300
348800
351000
357300
362200
370900
378300
384200
394600
397400
404300
428500
445700
459700
471800
473400
493400
501000
510500
514000
535500
542100
548100
564800
580800
588100
594800
600700
611300
613300
620500
633200
641800
652400
669100
686600
690200
693400
709200
713200
726800
729400
736400
743800
748900
757500
766800
772800
783800
794600
802300
816500
838500
849100
865400
870800
882700
905300
914100
925900
937700
944800
947200
955700
960400
970900
981400
993100
1411500
1989700
2130300



# OFFOEL HEADER
# repetition number:82
#



6500
8100
9900
14200
15800
18200
22700
26300
33000
34700
36900
47300
51400
61200
63100
76400
81700
83600
88000
93000
95300
107000
122300
128800
134200
141200
142800
158100
169300
171700
178600
189700
194000
206300
214900
218100
230800
250500
256800
258700
265900
271600
278100
290000
303400
306500
316800
318700
325700
332900
335500
342600
349200
356900
362300
371300
377700
383800
395300
398100
404700
424800
429100
439400
450000
456100
461300
471400
473100
486500
493000
503100
511900
514500
526100
535800
548400
554300
565000
580900
582600
589100
595300
600900
609500
613000
620500
631600
642700
652400
669200
679900
687900
691200
693600
713100
727100
728900
742800
749200
756000
764400
772000
774700
782400
788700
795200
800500
805900
815800
825000
838400
845400
848500
865000
871200
873400
882800
884900
906400
916300
943800
946000
949300
956300
971500
982300
999400
1487200



# OFFOEL HEADER
# repetition number:83
#



6900
8400
10600
14500
15900
20300
33200
34900
43000
47700
61800
76700
82100
85500
88600
93000
95300
122200
128200
134100
141500
143300
156800
163700
169900
172300
194100
205900
207900
214700
245500
250600
257100
270600
290600
302800
307800
316400
318400
323100
333300
342000
349000
351700
356200
362500
370900
372900
377600
383900
393800
397500
404000
409100
429300
445400
449600
456600
460700
471600
474100
503300
510600
513900
526500
535400
542100
548400
564900
580700
582400
588300
594900
601100
608800
612500
614600
621200
626500
641800
644700
652900
681200
687700
691500
693400
708800
712800
727800
729700
736300
743800
749500
757800
765800
773400
782800
788500
794700
805400
816900
832500
838400
848300
865200
871300
873500
882100
884200
905700
927000
929800
943600
945700
949400
955400
960300
971400
981600
993200
1236000



# OFFOEL HEADER
# repetition number:84
#



5500
7100
9200
14300
16300
19200
31700
34400
36100
38300
47700
61300
63800
76800
81900
83600
88000
93300
95000
122100
128000
132900
141800
143500
159200
164200
169500
172700
178900
190300
194400
206400
214900
230600
245000
250900
257200
270900
277500
290300
306500
311600
317000
319200
323200
333900
342300
348400
351400
356200
362000
371000
378000
384200
394300
397800
404600
409800
414700
427200
429300
438000
450300
461000
470900
472700
475300
495100
501900
510500
527200
535600
541900
548300
565200
580600
582500
587800
600900
609400
613200
620300
626700
633100
641700
652500
668800
681400
686700
690900
692700
694600
700800
709700
713300
727700
729600
743400
748800
754900
772200
775000
788200
795500
804500
807500
816100
825300
838600
848500
865300
871100
873000
882300
884300
891500
906000
915200
926700
936800
944300
948300
955700
961300
972300
980900
992800



# OFFOEL HEADER
# repetition number:85
#



6900
8300
13800
15400
19400
25100
31800
34800
37100
46300
51300
61600
63300
76700
81500
85000
88100
91300
93900
96500
108000
122900
128400
134600
141500
143400
158400
169700
172100
179500
192700
205600
215400
229800
246200
251200
256500
260000
270500
273200
290800
307100
310700
316600
318300
326700
333500
342400
349100
351300
357000
362100
370800
377900
384000
394600
404700
408400
421100
430400
437500
456200
460700
471400
473100
485300
492500
503700
512000
520800
526500
534600
536900
548200
564700
580400
582500
589200
601000
611900
614200
620000
633000
642400
652200
674700
687200
691300
693100
702500
709600
713400
727700
730200
743200
748300
756500
764500
771600
788900
794500
805300
816200
818900
833200
838000
845000
849200
865200
870800
873700
883100
901900
915100
927700
937700
944000
948400
954500
960200
971400
981800
991700



# OFFOEL HEADER
# repetition number:86
#



6600
8200
10400
13900
15700
18100
22400
31400
34400
36800
47600
51000
61600
77400
81800
83900
87300
93200
95200
106600
117500
123200
128800
134200
141800
143600
158800
169400
171800
174500
192600
194600
206200
215400
230000
245400
250100
257500
259400
270600
290000
297300
307200
312000
316900
318700
323300
333400
336200
342100
349200
351400
357200
362500
371100
378300
383800
392600
397700
404500
421100
427300
438100
444600
456300
460800
471200
472900
486000
493900
504600
510800
520400
526500
535200
537600
542900
548500
564900
581200
583100
588400
600800
609000
611600
614200
620300
632400
642300
646300
652900
668600
680700
687000
691800
694200
710000
713600
727500
735400
743300
749500
756600
771400
783300
787900
794600
796500
806800
815800
825300
837600
848000
870600
872900
883100
890300
905600
915700
928300
944100
948100
950100
955500
960800
971300
981900
1476800
1705700



# OFFOEL HEADER
# repetition number:87
#



6400
7900
10000
14000
15600
19100
25300
32100
34700
36500
46500
51800
61800
63600
77500
81900
87300
89100
93800
106900
122400
128100
134800
141900
144400
157400
169500
171800
178300
192100
195200
205800
207900
217500
245100
251100
257100
259800
270800
278500
290800
302300
306900
311700
316600
319200
333100
342800
349000
352200
356800
362200
371600
378100
383900
393500
397500
404300
424800
429800
445800
450700
461300
471100
473100
486800
498300
510300
512700
526400
535000
537200
542700
548700
564400
566300
580700
588400
600600
602900
609000
613000
620200
632300
642900
652800
669100
680900
687200
690400
692800
703600
713200
727200
729300
742600
749000
755600
758700
771800
773700
783000
788900
794800
804400
816000
818200
837600
848700
870800
874000
882500
884400
890500
905800
915500
926400
943800
945600
948900
955200
960200
971400
981100
999600
1896400



# OFFOEL HEADER
# repetition number:88
#



7000
8500
10500
14100
15800
18600
20600
33400
35600
46200
51400
61600
64400
77700
82100
87800
90300
93300
96000
106800
122500
133700
141500
143400
157500
169300
171700
174300
178600
194000
205900
215100
218800
230900
246200
251400
257300
260400
270800
274100
291200
306700
316900
320200
326900
333000
336300
342200
348900
356500
362100
371200
378600
383800
393800
398200
404300
424200
428900
455900
461700
471900
473700
487000
498700
504000
511200
527300
535900
538400
542500
549100
554500
564700
581100
588400
594600
601600
608200
614100
620400
626800
632800
641800
652500
668700
680400
688300
691600
693500
700700
710300
714000
728000
744200
748800
756400
765000
772600
783500
788900
794600
801700
805000
816500
837700
848300
864800
870300
872400
882300
884100
902000
906000
913700
929100
937000
944800
949100
955300
960600
966100
971700
994300
1000000
1463000



# OFFOEL HEADER
# repetition number:89
#



5200
7500
9000
13800
15900
18800
21400
27100
33300
35500
46500
51000
61500
63600
76900
81800
87100
89700
93600
96300
107200
118200
122300
128300
133600
141900
143700
163100
169700
172100
177900
192000
194700
206500
214800
230500
245400
250700
257100
259400
271100
277100
284600
291200
308100
316100
318400
323800
334000
341900
348300
350800
356300
362200
370600
373100
378000
384000
395500
404100
424400
430600
456200
460300
462300
471500
473300
486600
502400
510600
514200
526600
535200
539500
548200
564600
566600
581300
589300
600900
603400
608900
613000
619900
626500
632000
642200
652100
669600
680300
687900
691500
693400
702800
708600
714200
727900
729900
743200
749700
755900
766000
771800
774800
788700
794800
805000
816200
847000
850200
858900
870600
873400
882800
885600
906300
915100
929400
937400
944400
949000
960000
971600
981400
992700
1245800
1890700





