# repro call number: 0
# mode: 2
# signal: 1
# stimulus file: /extra/setup/oel/stimuli/receptorInfo/gauss_st6_co200.dat
# carrier freq (kHz): 5
# stimulus length (msec): 1000
# pause between stimuli (msec): 450
# length of ramp (usec): 1000
# desired firing rate (Hz): 100
# standard deviation (dB): 6
# cut-off frequency (Hz): 200
# repetition number: 0
# duration (msec): 1000
# intensity (dB): 88.8889
6300
13900
23800
27500
37300
43600
47400
52100
60100
65600
79600
86100
92000
103500
119000
128400
135500
145400
148300
156900
183600
189800
199800
208600
213100
218400
225400
233700
243900
257600
269000
285100
299800
304600
312100
335100
344100
349000
353200
362000
368300
372200
385800
396700
399800
404400
413600
417900
427300
440400
455500
460200
465000
473800
479900
482900
488800
496200
503500
528400
536700
548600
554200
557300
563700
583400
589700
596300
606300
611700
615300
623800
627600
632800
659600
670000
673600
681600
689800
704000
715800
719300
724800
739800
742800
749000
758300
769500
775700
790300
793100
800900
812500
823000
834100
843000
849200
857000
864400
881500
892800
903300
912600
923800
929300
935300
938900
958000
961500
967000
972200
978500
991200
1002200
1008000
1024300
1030000
1041100
1055500
1065900
1073100
1080300
1087200
1095000
1107700
1113200
1127900
1138100
1145500
1152500
1158100
1175800
1188600
1198000
1205500
1212300
1223600
1234800
1240600
1245200
1251700
1256000
1267100
1275500
1284900
1290300
1296100
1302900
1311500
1315400
1326600
1338500
1343700
1364500
1378600
1384800
1391200
1398300
1404100
1411800
1418700
1430300
1440100
1446600
1451400
1467500
1477800
1486700
1500000
1511300
1529200
1542300
1552500
1587000
1593000
1595900
1609800
1618200
1627200
1635200
1638900
1641700
1654800
1660100
1663700
1671900
1678300
1692700
1704700
1708300
1721000
1731700
1736900
1741900
1752800
1756600
1771200
1781400
1787300
1811200
1815500
1825400
1833900
1855400
1869100
1877600
1890600
1899700
1911000
1915300
1934500
1950000
1960100
1970600
1987000
2001100
2016100
2019200
2031000
2034300
2041300
2049900
2057800
2067300
2073100
2078800
2083700
2087600
2096700
2105000
2109700
2115300
2118300
2134500
2138400
2146200
2161200
2172500
2180600
2192200
2200300
2212900
2224700
2235200
2241700
2246900
2257100
2262500
2266500
2277700
2281100
2288800
2294900
2302100
2311600
2318300
2341000
2346400
2357600
2370500
2376600
2382900
2392100
2401400
2407000
2412700
2425000
2434000
2441700
2453200
2459600
2480500
2492400
2498200
2502000
2510800
2518400
2526700
2545600
2562700
2587700
2594200
2599200
2606200
2613700
2623600
2628100
2638500
2649400
2657800
2663700
2674400
2689900
2697800
2707300
2720100
2725700
2739300
2750300
2755800
2761900
2768700
2775300
2796700
2808700
2815900
2823100
2826200
2836800
2842600
2849200
2859800
2864900
2876600
2886000
2895600
2903800
2914000
2925000
2936900
2940900
2947500
2957100
2962100
2968500
2981700
2991900
2996800
3003900
3013900
3025900
3039000
3054600
3062600
3089200
3096300
3101700
3114000
3134900
3146100
3152400
3163700
3168500
3175000
3187700
3197500
3209900
3213800
3230300
3235200
3247700
3255000
3261600
3271200
3279100
3286400
3291000
3321800
3338000
3350200
3358900
3367500
3375400
3385600
3392200
3397500
3404300
3423300
3431600
3450200
3455600
3465500
3470600
3476800
3482100
3493200
3496600
3506800
3513300
3538000
3543500
3548300
3554300
3562700
3570900
3579400
3588400
3596700
3608900
3620300
3632800
3642100
3650600
3660600
3673200
3679100
3686500
3689800
3704900
3713800
3722900
3731700
3745600
3749700
3755100
3759500
3766600
3772000
3777100
3785700
3798800
3803600
3808300
3811400
3819300
3833200
3836900
3843500
3859900
3878500
3885200
3892300
3899800
3904100
3914700
3921200
3931200
3941000
3956100
3973300
3985100
4002100
4006200
4011500
4026600
4035700
4044700
4056800
4064300
4067800
4075500
4084100
4088400
4098300
4104100
4118700
4124900
4130900
4169600
4176400
4190400
4205100
4217100
4224800
4228200
4233900
4239500
4250300
4258000
4263400
4280400
4294100
4298600
4304800
4314800
4320800
4325300
4331800
4339600
4349400
4369300
4383700
4393500
4401900
4407700
4425400
4432300
4441400
4446500
4454400
4464800
4471100
4476800
4485700
4492000
4502200
4508000
4524200
4534000
4539900
4544900
4556700
4564100
4575600
4589700
4593800
4600000
4610100
4640100
4651400
4662600
4673200
4686400
4708700
4714600
4728900
4739800
4742700
4748000
4755700
4763000
4777800
4793900
4802400
4808500
4822400
4834200
4845400
4851500
4869800
4876800
4882700
4895200
4901100
4908500
4924700
4932400
4975300
4981500
4988600
5000100
5003600
5017700
5024100
5032300
5035700
5044500
5056900
5060800
5074200
5085400
5088900
5092800
5096100
5111700
5115400
5139000
5151600
5156400
5159900
5170900
5181800
5197700
5206700
5211800
5218100
5224400
5242500
5256600
5274900
5279000
5286000
5293800
5301400
5313100
5326200
5333500
5347400
5354400
5364600
5372100
5380600
5390600
5396200
5418400
5422200
5432900
5438000
5447900
5456900
5460400
5469400
5475900
5481200
5496500
5513000
5524200
5529600
5540100
5544900
5560400
5568400
5575200
5579100
5590100
5621400
5634200
5644100
5648900
5654300
5662900
5670100
5679500
5688900
5692500
5704600
5710600
5731000
5755500
5760300
5764800
5770800
5785300
5793200
5801200
5809000
5819200
5832100
5839500
5843900
5849700
5861400
5869200
5884800
5899300
5911600
5921800
5927100
5938000
5945500
5960400
5993800
6007200
6016900
6029800
6036900
6051700
6057100
6064200
6072600
6094100
6098700
6108500
6120600
6129200
6145200
6162700
6176100
6183200
6190400
6193200
6199800
6205800
6210900
6220000
6248100
6256000
6269400
6273600
6277700
6296300
6300000
6306500
6313400
6329200
6335800
6344100
6349000
6370700
6381700
6401200
6414200
6425000
6437300
6443900
6453400
6467100
6472300
6477900
6504400
6509100
6523900
6541900
6549600
6557000
6563200
6570600
6578700
6584400
6597400
6604200
6614600
6625100
6634600
6640400
6646500
6656400
6688300
6696300
6702900
6712000
6720700
6738600
6751400
6760100
6765800
6782400
6788400
6795200
6800300
6809800
6814200
6832200
6839700
6851100
6864800
6872400
6878900
6893700
6897400
6905800
6910100
6931500
6936800
6942700
6955700
6962200
6971900
6981400
6992600
7003900
7008800
7016400
7022500
7026500
7030300
7041200
7064100
7070100
7075900
7084800
7108200
7119600
7141500
7153400
7158300
7172400
7175900
7185800
7194400
7208800
7225000
7230700
7236000
7243900
7251200
7255800
7260900
7296100
7315500
7323000
7328800
7337400
7347200
7352500
7363100
7371800
7376400
7390100
7396800
7407300
7419800
7433100
7455600
7467000
7479600
7487200
7498800
7504400
7515100
7520100
7525600
7534200
7540600
7548600
7558700
7564500
7573600
7586000
7593100
7600000
7605800
7614800
7621900
7629000
7641400
7647300
7658600
7666400
7674400
7687300
7701300
7707700
7714800
7720200
7727400
7736200
7746200
7753500
7765800
7781300
7787500
7818700
7824800
7830300
7834800
7852100
7860200
7864800
7872200
7890100
7898900
7907900
7914400
7918500
7923900
7933100
7938500
7944400
7952300
7959700
7967000
7973300
7982600
7989900
8014400
8021000
8025000
8032800
8045200
8054900
8064600
8075400
8082800
8089600
8103400
8116000
8121700
8130100
8139200
8143900
8152000
8160700
8175200
8196700
8205700
8213200
8228100
8242000
8247000
8258800
8273900
8293100
8296200
8304500
8309200
8325000
8330900
8346300
8354300
8359800
8368400
8385700
8396300
8413600
8418900
8423600
8458700
8479000
8484000
8497600
8500900
8505400
8515000
8524300
8534400
8546100
8555000
8563100
8569800
8590600
8596900
8613700
8624600
8638100
8659200
8666500
8679500
8692100
8700400
8704600
8713400
8725200
8732300
8744400
8750900
8760600
8766500
8781000
8785700
8796000
8811600
8817000
8824800
8830500
8840700
8846400
8854900
8863000
8872800
8884900
8891300
8902700
8918200
8925300
8930600
8936800
8944400
8961900
8970600
8977900
8987400
8996800
9005000
9008600
9018200
9040000
9049200
9056000
9061800
9067100
9070500
9082300
9098900
9116600
9120500
9134200
9148400
9162200
9177300
9182000
9195300
9199000
9207300
9213600
9230200
9236600
9248800
9257500
9267100
9276200
9284000
9289800
9298300
9307400
9312600
9322000
9339600
9349200
9364600
9370800
9379200
9391300
9397800
9408700
9420000
9428900
9436400
9446600
9451100
9462500
9476500
9482000
9492500
9509800
9516700
9532200
9559600
9566500
9578900
9587100
9595800
9600900
9612400
9618800
9629600
9644900
9664800
9677100
9683500
9691300
9697300
9707400
9721300
9729600
9739100
9756800
9766700
9779300
9792300
9796500
9822200
9846900
9859600
9873500
9879800
9899000
9912600
9916600
9923500
9929300
9935300
9944700
9955900
9964500
9972400
9978300
9987800
9998900
10010000


