# repro call number: 0
# mode: 3
# signal: 1
# stimulus file: /extra/setup/oel/stimuli/receptorInfo/gauss_st6_co200.dat
# carrier freq (kHz): 3
# stimulus length (msec): 1000
# pause between stimuli (msec): 700
# length of ramp (usec): 1000
# desired firing rate (Hz): 100
# standard deviation (dB): 6
# cut-off frequency (Hz): 200
# repetition number: 0
# duration (msec): 1000
# intensity (dB): 70.8929
6300
8700
10900
13700
16100
24300
26700
30100
37700
42300
47100
51700
60700
68000
80100
82400
86700
93300
105600
129300
136000
145300
147500
150000
157700
180800
185200
199400
210000
213100
215600
218600
221300
229900
245400
255900
259400
269600
285600
289600
300300
305100
311500
336000
343100
345900
353100
361600
368700
371300
374600
387900
397100
399400
403600
418000
420700
428000
456300
461800
464200
469200
475200
479900
482300
484800
488700
496900
530600
537900
548900
554700
557100
559600
563700
584300
590200
606400
612600
615600
618400
627000
632800
635200
659700
672000
675200
677500
682800
690300
705100
716700
729800
740700
743200
748600
759300
770400
791000
793500
801000
803800
813700
828900
836400
842400
849500
857600
860200
866200
868600
893800
903600
906100
929700
937300
940000
958500
961300
968400
973000
978900
1002400
1007900
1025300
1029500
1032100
1067500
1080000
1082600
1087300
1095300
1145600
1152600
1155100
1158100
1198200
1204300
1211700
1214200
1235100
1240100
1244500
1247200
1251500
1256300
1267700
1285700
1290600
1293400
1296800
1303900
1311900
1314400
1317600
1339100
1346000
1365600
1379400
1393400
1396000
1400000
1412000
1414600
1419300
1430600
1451200
1466500
1478500
1480900
1487700
1499900
1511400
1543300
1550600
1575900
1588000
1593200
1595800
1616100
1628100
1639300
1641700
1644500
1657000
1662200
1673400
1693100
1705100
1707600
1721700
1734000
1742800
1745600
1756700
1759400
1780100
1815500
1826200
1828800
1834200
1841800
1856600
1869500
1878400
1892800
1899600
1915200
1934900
1937500
1950700
1960300
1966500
1971400
1974000
2016100
2018500
2034600
2047200
2067700
2072800
2079400
2083800
2086400
2100100
2109900
2115000
2117500
2135100
2137500
2140300
2171100
2182900
2185300
2212700
2236600
2256800
2259300
2266100
2268900
2277700
2280800
2283400
2295400
2303000
2319400
2327600
2346300
2348800
2371600
2377100
2383200
2385800
2401800
2404300
2412700
2434100
2436900
2442300
2454900
2459900
2481100
2492700
2497400
2499900
2511600
2526900
2529700
2583800
2588800
2594000
2599600
2602200
2613200
2615900
2624900
2627700
2630400
2638800
2649900
2657500
2662900
2697400
2700000
2739700
2742300
2751300
2756600
2768600
2771200
2775900
2797800
2809000
2817000
2824400
2827200
2837900
2842500
2845000
2849100
2860500
2863100
2878000
2895900
2914900
2931900
2936800
2939200
2941800
2947500
2957700
2960800
2968400
2983900
3005300
3015100
3026500
3038000
3044600
3056900
3089500
3092000
3102400
3135200
3153100
3163900
3166400
3177900
3188200
3200300
3213100
3215700
3230100
3235100
3237700
3248100
3271100
3285800
3290700
3296400
3322000
3339000
3351200
3361800
3368400
3384800
3400900
3403400
3423300
3430700
3451300
3455500
3458100
3470500
3476600
3482600
3489700
3494400
3496900
3506800
3538200
3540700
3545400
3553500
3570800
3573700
3580300
3596200
3610500
3620600
3632900
3643200
3650300
3672600
3687200
3689700
3714600
3724200
3746100
3749900
3755700
3758500
3771200
3773700
3803600
3808500
3811000
3820500
3834600
3837200
3843600
3862300
3878900
3885300
3891800
3899900
3902800
3916000
3921400
3931700
3956900
3974900
3985200
4005600
4008200
4011700
4045000
4058200
4064900
4067400
4073000
4076900
4084300
4088300
4090800
4122000
4133100
4177500
4191000
4193500
4198900
4217400
4223700
4227400
4229800
4233800
4238700
4241300
4250900
4264900
4284000
4298200
4304800
4307500
4315000
4319600
4325600
4331800
4370900
4392700
4395200
4401700
4407500
4414600
4425900
4432500
4440200
4446800
4453900
4456800
4470400
4485800
4490600
4507800
4524000
4534200
4539700
4546000
4557600
4564200
4573300
4590100
4599300
4601800
4612400
4640800
4651300
4672100
4674800
4697800
4714600
4717200
4729700
4740200
4742700
4747000
4760400
4792600
4796400
4802500
4809000
4811700
4823600
4835300
4851700
4873000
4882900
4885600
4894900
4900600
4903400
4912700
4925100
4927600
4933800
4981100
4985400
4989700
4996600
5001600
5004200
5025200
5033100
5035800
5058600
5061400
5073400
5087700
5090200
5093300
5095800
5112200
5115200
5138400
5145500
5157600
5160500
5166800
5174700
5182600
5206400
5212500
5217800
5223700
5243500
5246400
5264000
5277400
5280000
5286600
5295400
5303200
5326100
5348100
5364300
5367000
5371700
5397200
5421800
5428000
5433600
5437900
5440400
5454900
5459800
5469000
5476300
5480800
5483600
5496800
5502800
5513400
5518400
5529700
5532300
5539000
5560800
5568400
5575200
5578200
5640200
5645500
5649000
5654600
5661600
5680700
5686600
5689800
5692300
5705200
5707800
5711400
5731200
5751900
5756300
5763900
5766600
5771300
5786700
5801800
5804400
5810100
5828900
5834300
5842900
5849800
5852300
5862100
5865100
5872200
5885200
5899100
5921600
5924900
5928200
5939200
5961600
6008400
6012200
6035800
6052700
6056500
6065500
6073300
6095400
6098000
6109500
6115200
6121500
6124200
6148400
6162800
6176500
6190500
6193100
6199700
6206600
6209400
6220700
6223300
6248100
6270300
6273900
6276400
6297200
6307400
6313500
6316100
6335900
6338400
6348900
6387700
6401700
6407500
6414400
6425300
6437100
6443100
6466300
6472100
6474800
6478600
6504600
6507700
6537200
6543800
6550300
6555000
6558500
6570900
6578200
6583200
6598800
6615600
6634800
6637300
6642300
6657300
6689000
6696000
6720000
6734200
6758700
6765600
6782600
6788000
6790600
6795000
6797900
6814800
6832900
6839400
6842000
6851200
6854700
6864500
6872000
6877900
6880900
6896200
6898700
6909300
6921000
6932000
6938100
6943300
6962200
6982100
7003300
7008800
7011400
7016700
7022700
7025200
7028400
7065200
7070200
7076200
7109000
7130400
7153200
7172400
7174800
7193200
7195700
7204700
7230400
7237200
7244300
7247500
7251200
7257400
7260300
7302100
7308300
7324700
7341900
7347700
7352400
7363200
7365800
7371900
7374500
7379400
7390700
7406800
7420300
7429500
7450200
7466500
7468900
7481100
7483800
7488100
7499300
7504300
7515500
7520300
7526400
7533500
7541200
7546700
7552600
7558800
7565000
7592400
7595000
7601100
7621500
7631000
7641300
7643900
7661500
7666800
7682300
7687700
7692100
7702200
7708000
7714900
7721600
7727500
7748400
7786300
7792300
7814900
7822900
7825500
7830500
7855700
7860600
7863300
7865700
7868300
7872400
7913700
7916300
7918900
7924000
7933200
7938600
7944000
7947300
7960900
7967700
7975800
7985100
7988600
8015100
8017800
8025200
8028500
8054000
8075800
8086500
8090200
8103300
8121700
8128900
8138200
8143300
8153300
8161300
8176000
8197100
8205900
8208500
8220200
8229700
8232400
8246900
8249400
8294300
8296900
8305100
8309200
8311800
8325600
8331500
8346600
8353900
8359400
8362300
8368900
8386500
8390900
8396200
8417800
8423500
8460000
8474800
8484600
8487500
8498300
8500800
8503400
8507900
8522800
8539600
8559600
8569200
8579800
8591800
8594300
8614200
8621800
8625700
8639100
8659800
8666900
8669400
8680200
8682900
8693000
8695900
8702300
8724800
8733400
8744600
8747600
8751700
8766700
8782000
8784600
8795100
8817300
8824500
8827100
8833100
8840800
8846700
8854400
8861800
8872300
8895700
8918400
8924300
8929900
8936600
8946400
8963600
8997800
9005200
9007700
9010900
9019400
9049100
9051800
9062300
9068900
9071400
9082400
9099600
9117500
9120100
9135900
9151000
9178300
9181800
9184600
9198900
9207400
9210400
9214900
9236100
9239200
9249800
9252300
9258500
9266400
9276200
9287700
9308000
9310600
9349500
9370100
9377600
9386300
9392500
9397700
9408400
9421300
9424200
9437000
9451800
9463000
9465700
9478000
9480600
9493400
9557500
9579100
9587800
9599500
9604200
9612100
9619600
9629700
9634900
9645400
9665200
9686200
9693500
9696200
9714700
9729300
9731900
9740800
9757900
9767900
9794900
9797400
9823100
9828300
9860000
9862500
9876100
9879300
9898400
9908800
9913200
9916300
9924100
9929500
9934900
9945200
9956700
9963500
9967800
9978000
9980600
9998800
10001400


