# repro call number: 0
# mode: 1
# signal: 1
# stimulus file: /extra/setup/oel/stimuli/receptorInfo/gaussModality_co200.dat
# carrier freq (kHz): 3.53553
# stimulus length (msec): 1000
# pause between stimuli (msec): 700
# length of ramp (usec): 1000
# desired firing rate (Hz): 100
# standard deviation (dB): -1
# cut-off frequency (Hz): 200
# repetition number: 0
# duration (msec): 1000
# intensity (dB): 77.2727
4500
6900
10400
19900
22200
32400
39400
41600
55300
57600
71000
80800
83300
87700
94400
97300
102800
118300
125900
135300
162800
171000
179600
182100
185500
191800
197500
210000
221900
230600
232900
238000
243800
255200
257700
265800
286000
294600
303300
305800
308700
318900
321400
324800
340700
343400
355000
357700
362200
367500
370400
377200
382900
399000
406000
417000
419800
430100
447300
452300
454700
459700
467900
482800
488000
502800
508700
521100
528800
547700
551900
565000
567700
585100
591300
594600
600400
624000
635600
639500
655700
666200
686200
701900
712400
715300
724900
727500
739100
745900
753400
759600
769900
776800
789200
791600
804700
814000
821800
830600
837500
840700
854100
862000
872800
886900
889500
900000
903500
914300
919700
933000
937000
953500
957800
964300
966900
979100
986200
1000800
1006600
1013900
1020100
1022800
1033900
1045300
1048100
1059900
1072600
1075600
1082000
1093200
1095800
1116200
1126900
1140500
1143400
1170000
1174100
1176600
1183900
1190600
1201400
1206400
1216400
1229500
1253600
1259000
1265100
1279700
1295000
1314600
1322600
1325100
1332600
1338400
1344000
1352900
1356400
1363900
1372600
1379600
1394600
1406000
1417100
1423300
1426000
1429400
1446000
1465400
1483600
1491300
1498200
1503700
1507800
1510700
1518800
1527300
1544900
1563700
1570000
1574400
1580400
1586500
1595100
1612000
1614800
1618300
1624100
1635200
1641100
1649100
1654200
1666000
1677400
1679800
1684300
1699300
1704200
1714600
1729600
1738300
1741900
1766700
1769200
1787300
1792400
1799200
1805600
1823400
1826100
1843500
1848700
1861000
1869900
1880500
1886600
1900700
1903200
1908100
1918200
1933900
1939400
1949600
1955200
1957800
1961100
1967000
1973200
1989000
1992600
1995100
2000800
2016200
2041000
2047800
2061200
2066400
2070200
2072900
2083100
2089800
2096400
2103200
2106300
2108800
2143700
2146800
2149400
2159500
2162200
2173600
2179000
2198900
2215600
2222600
2228600
2245800
2248700
2270900
2276000
2283200
2305600
2338500
2345700
2361200
2364100
2368100
2383300
2389600
2406600
2419100
2430800
2436700
2444600
2452500
2455300
2471400
2495600
2506100
2510200
2513000
2526300
2529200
2552000
2568900
2580300
2592700
2606500
2616900
2626900
2638700
2642300
2655000
2663300
2685600
2695800
2701700
2707200
2725200
2733300
2738700
2742000
2753000
2758000
2779200
2781600
2791000
2796800
2808700
2837800
2844600
2852600
2859100
2864100
2883200
2888200
2894900
2899000
2909700
2946400
2949300
2960600
2966400
2969300
2977500
2990400
3005400
3024000
3029900
3047800
3056400
3068400
3082800
3093700
3100100
3105600
3114800
3120500
3129100
3135700
3139100
3164200
3173000
3185100
3200800
3212200
3217100
3220100
3225600
3242500
3246500
3253500
3259500
3270900
3274400
3285400
3294200
3308300
3320000
3324600
3327800
3331700
3353600
3359200
3363800
3373400
3375900
3393600
3399700
3410000
3415300
3420400
3426900
3432700
3437900
3441500
3451100
3460800
3472600
3490900
3508300
3513900
3521600
3524200
3537200
3547800
3555200
3569700
3576400
3588200
3606400
3621400
3630600
3633300
3639600
3650300
3667900
3672600
3678400
3699100
3709300
3722800
3729800
3736100
3748400
3763900
3766800
3789700
3795100
3797900
3816800
3821900
3839300
3847200
3851400
3854300
3861700
3868000
3871100
3876400
3879000
3898600
3912000
3920600
3923700
3928800
3934400
3938900
3957600
3963900
3976400
3990700
3993500
4001800
4005100
4015000
4020800
4023700
4037100
4052600
4059300
4068900
4089600
4094900
4113600
4127000
4140600
4143200
4163000
4175800
4183200
4211800
4214600
4219900
4227200
4232000
4237300
4250500
4258600
4267400
4285200
4290700
4308800
4313900
4319800
4343500
4353400
4359200
4364200
4379100
4394600
4399500
4410800
4415900
4422500
4432000
4457000
4481100
4487100
4503200
4513300
4515900
4526400
4531700
4545600
4575500
4589600
4596900
4602300
4606800
4609800
4618500
4627000
4630900
4655200
4660300
4673300
4686800
4689600
4700500
4713200
4718500
4724800
4729400
4740700
4746400
4757600
4763400
4796100
4813400
4824100
4835500
4842900
4850800
4856300
4875500
4887700
4890400
4896500
4922000
4936000
4938600
4944800
4959300
4978900
4981700
4985800
4993400
5002500
5010700
5027000
5042900
5063300
5070200
5089100
5096100
5099000
5110200
5113100
5116000
5130600
5135500
5138300
5141100
5177600
5192700
5196300
5223500
5228500
5258300
5264300
5288900
5294200
5298500
5301100
5305600
5319500
5322200
5328000
5360100
5367000
5389100
5400800
5407600
5417400
5420500
5444000
5453100
5457100
5463900
5468300
5475900
5478600
5504500
5513300
5524700
5527200
5530800
5544000
5555300
5563300
5566300
5574400
5579100
5586100
5601400
5607900
5617700
5627600
5635900
5642900
5646000
5664200
5667200
5682000
5690600
5698300
5707600
5714100
5725100
5737900
5741100
5755500
5768700
5781800
5785800
5796600
5813600
5818800
5824700
5862500
5869600
5897100
5908300
5914800
5924100
5931100
5938700
5945700
5966200
5993200
5995700
6004600
6012800
6031500
6045300
6047900
6067600
6074500
6087100
6093300
6106800
6112000
6123800
6129300
6140000
6144900
6150800
6154700
6167600
6174200
6186300
6192900
6201100
6207200
6212200
6217700
6247700
6258100
6265400
6289300
6300200
6302800
6319400
6324000
6328400
6339700
6344900
6359900
6372000
6377900
6392400
6398700
6403500
6415300
6420200
6426600
6436600
6449700
6458700
6461700
6486400
6499700
6505100
6512900
6523600
6542600
6549500
6584900
6587800
6594600
6606000
6634300
6641300
6651200
6656200
6667600
6678200
6686100
6703300
6712600
6719100
6726700
6734600
6741400
6750400
6752900
6767200
6775000
6782600
6798100
6817800
6825000
6831500
6842700
6857600
6860300
6868700
6884200
6899900
6924100
6926800
6934700
6940700
6947500
6956100
6969100
6972700
6981700
6984500
6996300
7011300
7018200
7027500
7039900
7043400
7067700
7071700
7077900
7097400
7112200
7120800
7124900
7131200
7137200
7155400
7181000
7191800
7200700
7221600
7225100
7227800
7243100
7246500
7258700
7266000
7272100
7277800
7310800
7319100
7326300
7338100
7357300
7360800
7383700
7392600
7404500
7432800
7458900
7468300
7488600
7491100
7498900
7501500
7507100
7511000
7522800
7554900
7557400
7579600
7582300
7590600
7601000
7604100
7626800
7630100
7642800
7647900
7653500
7656300
7667400
7679900
7686000
7707700
7715600
7732200
7743300
7748700
7767000
7774100
7780600
7786800
7798100
7814500
7818200
7832300
7841000
7855800
7870500
7875900
7886600
7897000
7906700
7909500
7914400
7941300
7947900
7958300
7968300
7971800
7975000
7995300
8013700
8017000
8027300
8038600
8047800
8057400
8061000
8075500
8087200
8090000
8102300
8113900
8141300
8160900
8163600
8171500
8182600
8190900
8203200
8206100
8209600
8223400
8231300
8247000
8249800
8255100
8273000
8288100
8298000
8303900
8312600
8334800
8343000
8345800
8351600
8363800
8390800
8397500
8423600
8430600
8446200
8454600
8468300
8482400
8488600
8491400
8518900
8521600
8527200
8538000
8541400
8558200
8562700
8568700
8574400
8579000
8592300
8603400
8619200
8624800
8645000
8654500
8661100
8683800
8697500
8700500
8709100
8718200
8725200
8730000
8734600
8746600
8769600
8776500
8789500
8798700
8813500
8818900
8828700
8841300
8857400
8866300
8874400
8881400
8885000
8900400
8903200
8917500
8920800
8935200
8943900
8946700
8967300
8969900
8986800
8992900
9016600
9022600
9031000
9043600
9046200
9069700
9084200
9086800
9101200
9106800
9116600
9129600
9132300
9150700
9157600
9161800
9172400
9180300
9193900
9203200
9208600
9219500
9228100
9231300
9247000
9251200
9263600
9277800
9280900
9300600
9315800
9321800
9331800
9342600
9353100
9376500
9383300
9389000
9395500
9406800
9409700
9416900
9425300
9431100
9440600
9443400
9470000
9480400
9496100
9507700
9511800
9514700
9520400
9530500
9559800
9571400
9577300
9579900
9587900
9606900
9620100
9623500
9632600
9637700
9643600
9651400
9679500
9687300
9690000
9711400
9716600
9722800
9730500
9742500
9763700
9766300
9772800
9775700
9788100
9799700
9802700
9817900
9820500
9838100
9849700
9863600
9873900
9881000
9894900
9898000
9906900
9913800
9928300
9940600
9946200
9971400
9974400
9987700


