# repro call number: 0
# mode: 1
# signal: 2
# stimulus file: /extra/setup/oel/stimuli/receptorInfo/lmd_co200.dat
# carrier freq (kHz): 3.53553
# stimulus length (msec): 1000
# pause between stimuli (msec): 700
# length of ramp (usec): 1000
# desired firing rate (Hz): 100
# standard deviation (dB): -1
# cut-off frequency (Hz): 200
# repetition number: 0
# duration (msec): 1000
# intensity (dB): 68.7255
6900
9100
14200
16500
19500
33500
36700
48200
62100
76900
81700
84900
88100
93500
96300
107400
122400
128700
134400
141900
144300
159900
169700
172700
178700
193600
206200
215400
231900
246100
251400
257400
271200
278200
291700
306900
316500
319200
326100
333700
343100
348700
351200
357300
362300
371800
378100
384400
394400
404600
409600
427500
430800
457700
461900
472400
475600
486000
493600
500000
505300
510900
515600
526500
536000
542500
548600
565100
581000
588400
601200
608900
613600
619800
626900
642200
652500
681500
688000
692500
713600
727700
736300
743400
749900
756600
771700
784300
794700
800500
807100
817200
832700
848400
865400
871900
883200
906700
915100
927200
944400
948200
956000
961100
971600
983000
999500
1008500
1012400
1016300
1036000
1042500
1049300
1059900
1068700
1081000
1092200
1108700
1116600
1119000
1132300
1141600
1152400
1164500
1168500
1176300
1196600
1212300
1218100
1222900
1243000
1257800
1273500
1286800
1293700
1310300
1315000
1321900
1338000
1356600
1368200
1380000
1385900
1398000
1405100
1425700
1434500
1446000
1457300
1460400
1470400
1473400
1483900
1497500
1512400
1523700
1536700
1541600
1549200
1552500
1562900
1571800
1579000
1589900
1598100
1621900
1631700
1634400
1640400
1655300
1661600
1672500
1684400
1695500
1703700
1707100
1720200
1735900
1741200
1748200
1753300
1767800
1770600
1789700
1801300
1813500
1825800
1837500
1844300
1861200
1871000
1888500
1892100
1899800
1904600
1921300
1939400
1953400
1967300
1972900
2010300
2014000
2029200
2033000
2043200
2048700
2054000
2059600
2072700
2079700
2094900
2109200
2114200
2120100
2126900
2138600
2144200
2152900
2155800
2176600
2188900
2195600
2200000
2207800
2215400
2225500
2248900
2270100
2280500
2292500
2301400
2304200
2309900
2320100
2339700
2345800
2358000
2360900
2365500
2374900
2381900
2389700
2399800
2407100
2421200
2426400
2435900
2441500
2457000
2465000
2475100
2493100
2502400
2508100
2518200
2526600
2531800
2547900
2553400
2564400
2567900
2572400
2606700
2615100
2622500
2639700
2646000
2649200
2653000
2672200
2687300
2696600
2721700
2737100
2742900
2766600
2772700
2792200
2808800
2813400
2818800
2829200
2832300
2846700
2852200
2865400
2885400
2896500
2908600
2916000
2921900
2931500
2938700
2958100
2978800
2986600
2997100
3011500
3017000
3033300
3046100
3053200
3073400
3082900
3093400
3111000
3121000
3125400
3140400
3151300
3167400
3172800
3179700
3191600
3209700
3225300
3232200
3235800
3256400
3259200
3267600
3276400
3288200
3296600
3332700
3343000
3350800
3387300
3394300
3401900
3421600
3428300
3436100
3442900
3463600
3467600
3474600
3485700
3501300
3509400
3520200
3530800
3534900
3546200
3562300
3574200
3587100
3603000
3613100
3629900
3634800
3657200
3663000
3686500
3692300
3710300
3726700
3736500
3749200
3752100
3763400
3766400
3775500
3782700
3787800
3791400
3813500
3817600
3823600
3832500
3853400
3881100
3885800
3888500
3902300
3919000
3931600
3935500
3945800
3962800
3967000
3979800
3987200
3994900
4002700
4012700
4018900
4033500
4037200
4041700
4051500
4061600
4072600
4078800
4098000
4105200
4126800
4133800
4150600
4157700
4164400
4177400
4191200
4203000
4218100
4235700
4252500
4255300
4277400
4287600
4313300
4330400
4334400
4339500
4342600
4347200
4361500
4386200
4407000
4428300
4433100
4436900
4441100
4476600
4488200
4498200
4512900
4534000
4538300
4547100
4553500
4560300
4579300
4589000
4591800
4597700
4601100
4610800
4616800
4632800
4638700
4645400
4652600
4659700
4672000
4680900
4691200
4696600
4724900
4734600
4744900
4754600
4761000
4766500
4780500
4788000
4803800
4819600
4824500
4842300
4865100
4870700
4879200
4886200
4900300
4911500
4918200
4930200
4945300
4948200
4962400
4972500
4977000
4982800
4992700
4998200
5008800
5016400
5030600
5034800
5040400
5056000
5071900
5093600
5100900
5109500
5125200
5128700
5138100
5145300
5151000
5166300
5175100
5197300
5203200
5207900
5227300
5237500
5244600
5253200
5265000
5272200
5287200
5299400
5305400
5310100
5316300
5330700
5346000
5362600
5368000
5374600
5383800
5399800
5406500
5416200
5426100
5442400
5449200
5462500
5472900
5478100
5506500
5512200
5524700
5530300
5535200
5544200
5553400
5556600
5568200
5587600
5594000
5603000
5607900
5626300
5629800
5641400
5658100
5665500
5689100
5692200
5696800
5712400
5719700
5737700
5748300
5758100
5771000
5781800
5798000
5814800
5824800
5831900
5844200
5850600
5860500
5874900
5886700
5896400
5901500
5937400
5946700
5949900
5954300
5963700
5970200
5989700
6006100
6016200
6027000
6046200
6061700
6070800
6086100
6096500
6111800
6119200
6125500
6131400
6157300
6166500
6176300
6192400
6195400
6209800
6224000
6232900
6239700
6245100
6249500
6275600
6283100
6288700
6296300
6299500
6313400
6329600
6335300
6356500
6360500
6366700
6376700
6380400
6391300
6395900
6421000
6427200
6436000
6448100
6454500
6467600
6473900
6481000
6487000
6501000
6509900
6513500
6528800
6556400
6561600
6575100
6598100
6612900
6623300
6636700
6643100
6672500
6683000
6694800
6706800
6717600
6726300
6736300
6746400
6757500
6766900
6782200
6797800
6809900
6823100
6848600
6862400
6877900
6898400
6906000
6918000
6922500
6932200
6935100
6953100
6956400
6971300
6977300
6999000
7007400
7012700
7028200
7034200
7041700
7050300
7060500
7069100
7079000
7105200
7115100
7128500
7143700
7151000
7159100
7169000
7175900
7201000
7211500
7217500
7228100
7236300
7244600
7262400
7268500
7279600
7285100
7300400
7311800
7316900
7321800
7345800
7356700
7364900
7386400
7403400
7417500
7423200
7430900
7437800
7457800
7474900
7485900
7498100
7504700
7509100
7516200
7528000
7536200
7542100
7562300
7568000
7575500
7598500
7603500
7616200
7626400
7634200
7643800
7663500
7672500
7687900
7692100
7698800
7703400
7714000
7723300
7735300
7738600
7755500
7764200
7782600
7788800
7799500
7805100
7817100
7833200
7842900
7859300
7869000
7883100
7888500
7898500
7909700
7913000
7933700
7939100
7944000
7949900
7966000
7972100
7990100
8004300
8015600
8022700
8026700
8034500
8056700
8078200
8084800
8093800
8099900
8104900
8108400
8119500
8132100
8140800
8154800
8172300
8200100
8202700
8208400
8219000
8226300
8232100
8236100
8250500
8256000
8270800
8276400
8299200
8305300
8311600
8319200
8324200
8328600
8342300
8350600
8359200
8371100
8377900
8393000
8396200
8421500
8431000
8434100
8457300
8469000
8496500
8507900
8521500
8538400
8543900
8559700
8565900
8591600
8609800
8616200
8626300
8644500
8651900
8656900
8662500
8668100
8678200
8685000
8689700
8705300
8710300
8717200
8728700
8738200
8748600
8760000
8773300
8785000
8795900
8815100
8835200
8846800
8862100
8870900
8875700
8888300
8897300
8923100
8931100
8946900
8962700
8972800
8987800
9006300
9011600
9028800
9038000
9049500
9055300
9070900
9084400
9105100
9125300
9131800
9144700
9164800
9175800
9182500
9189300
9192800
9198800
9218600
9229100
9232200
9241000
9254600
9264200
9275300
9284800
9298000
9305900
9310500
9351000
9362100
9367400
9373300
9382800
9394600
9407500
9424600
9429100
9438100
9453700
9464600
9481900
9490800
9497500
9504800
9529400
9551100
9562400
9565900
9574700
9585600
9593100
9610100
9647800
9652100
9661100
9682300
9704400
9710200
9720100
9741500
9759100
9767500
9772900
9783900
9795600
9801200
9817300
9821700
9833200
9837300
9856700
9876100
9884900
9905300
9907900
9912500
9922100
9935000
9966900
9973200
9985500
10000700


