# OFFOEL
# duration (msec): 1000
# repetition number: 1
8600
13600
21300
25000
28800
32300
36700
43200
46700
52700
59200
63100
74700
80200
87000
92300
98700
102500
106300
111200
117400
123500
128500
132800
155300
166100
170800
176500
182800
188300
196500
213400
223700
227700
234700
238700
242800
247900
257200
262200
268900
285400
300500
306600
310900
322800
327200
332400
339000
344700
359200
366600
372000
376200
381500
402400
409900
420900
433500
441300
450400
456800
465200
470800
477000
487800
493200
506400
511600
516900
524200
534500
551700
558800
571500
582400
589800
603600
617600
628400
639100
643700
654300
660200
671400
688900
697600
706100
717300
729500
738900
748500
758900
762800
773800
781100
792600
797900
803200
808100
819400
833300
838900
844700
857300
866800
876700
893300
902900
911500
916500
923200
940500
957500
963000
970500
983500
997800
1005800
1012300
1024200
1029500
1040300
1046400
1051700
1063500
1071300
1077500
1084700
1092900
1098400
1103600
1131100
1145200
1150400
1166800
1175900
1181000
1190200
1194300
1203400
1220200
1233700
1247100
1257100
1269800
1282700
1300700
1313600
1318600
1327400
1336500
1340400
1349100
1357000
1362500
1375100
1379500
1392100
1410100
1423800
1429200
1434800
1450600
1468900
1486500
1496100
1503100
1508500
1512700
1517700
1524900
1531600
1549700
1556900
1570300
1577400
1583400
1590200
1598600
1607700
1614600
1622100
1628600
1637100
1645400
1658500
1666500
1675100
1681400
1687400
1694900
1703700
1709400
1720800
1734500
1743200
1766100
1772100
1787700
1794300
1809800
1827400
1833000
1848300
1854300
1863700
1874200
1882900
1890200
1902500
1906500
1919100
1938600
1944100
1954200
1961600
1968000
1977900
1985300
1994600
1998600
2008000
2015900
2032800
2050500
2065200
2071500
2077400
2087800
2099500
2106900
2111700
2131500
2143100
2149800
2154000
2165500
2178000
2186600
2202700
2214700
2221300
2231900
2239000
2251100
2269100
2275900
2280900
2287100
2297600
2310500
2322400
2330600
2342000
2350000
2358000
2366500
2373000
2381700
2388400
2400800
2410300
2421500
2434300
2443000
2450900
2457700
2464600
2479700
2511700
2516800
2532200
2556600
2572500
2586300
2594000
2609100
2619300
2629400
2635800
2644300
2658300
2666900
2685500
2691800
2706000
2713000
2721200
2730200
2743900
2756800
2763200
2773300
2785300
2794100
2803200
2811500
2825300
2842000
2851800
2858500
2863600
2886900
2894700
2900800
2904900
2918600
2939400
2950800
2963600
2971800
2980900
2985300
2994700
3011000
3022900
3029700
3036300
3053600
3062200
3072400
3087200
3098000
3109500
3119800
3125100
3132400
3141000
3176900
3199000
3206100
3218100
3228400
3247700
3258300
3265300
3276100
3289300
3297100
3324800
3331000
3337500
3357100
3365200
3379700
3396600
3405000
3416200
3420900
3431600
3442000
3456000
3466000
3496400
3502300
3519200
3526800
3533200
3539500
3551900
3561400
3574200
3582600
3590400
3596700
3610800
3618600
3627200
3635800
3643000
3655300
3667400
3673900
3695700
3704400
3714600
3735400
3742700
3753800
3769600
3776200
3786600
3800600
3808200
3819800
3844900
3852400
3857100
3873300
3881900
3918000
3926500
3932900
3941500
3949700
3963200
3969500
3982400
3994500
4001700
4008100
4018500
4025700
4034400
4041100
4050300
4058800
4067300
4073100
4099400
4117800
4131600
4142800
4147600
4159700
4166300
4173900
4190900
4204800
4217100
4225500
4235300
4241900
4252600
4274500
4294500
4308200
4314600
4321300
4349100
4355300
4363500
4368900
4384600
4398400
4403100
4420800
4428900
4436000
4443400
4450200
4461300
4476900
4487600
4494700
4519200
4535500
4552400
4563500
4575600
4582400
4593300
4600500
4608200
4613100
4634000
4644600
4665200
4677500
4688000
4706100
4723600
4729000
4750200
4759500
4769200
4800300
4817200
4828300
4839700
4847100
4854600
4861600
4880800
4891300
4896000
4901800
4914000
4927300
4940900
4949200
4972200
4983400
4988800
4994900
5007100
5017300
5033300
5046600
5060400
5067400
5075400
5085600
5091000
5101600
5114200
5120700
5134400
5141600
5146200
5167900
5190400
5198500
5228200
5234900
5253200
5263300
5276400
5292500
5297900
5312000
5323500
5334400
5352200
5362300
5372000
5385100
5393300
5400900
5424500
5433800
5446000
5457100
5468200
5481400
5504300
5518500
5530600
5545800
5552300
5567300
5580600
5590400
5606400
5621100
5633000
5647200
5652200
5664000
5671600
5687100
5695500
5703000
5712600
5733500
5744000
5754400
5761500
5772500
5788100
5795300
5800400
5818400
5825600
5837400
5861800
5875500
5892300
5908500
5922200
5935200
5943600
5951000
5971700
5998900
6008500
6018400
6037000
6052000
6059400
6087600
6107200
6113400
6119900
6142500
6148700
6156200
6174100
6180200
6191400
6201200
6207700
6213300
6218200
6251100
6263200
6283500
6304800
6329000
6334200
6350100
6367400
6376600
6395200
6404400
6422700
6436000
6454100
6463100
6491400
6507000
6516400
6528300
6545300
6561500
6590500
6599300
6610600
6639000
6645600
6652500
6660700
6677500
6687400
6695200
6709200
6718100
6724900
6741200
6747500
6754700
6771400
6780800
6788100
6805100
6821200
6831200
6837600
6854400
6871000
6887900
6903800
6928700
6944600
6953200
6974400
6987100
6993800
7016400
7026500
7043900
7071800
7076400
7085400
7124800
7142300
7147200
7160200
7171800
7189400
7198300
7205600
7214500
7227800
7233000
7250700
7264100
7272100
7283700
7308800
7322000
7331200
7343900
7362200
7374600
7396800
7445200
7467400
7488400
7495800
7504900
7510000
7514800
7528700
7540900
7550900
7560300
7584600
7595700
7607000
7631100
7635700
7656600
7662600
7674300
7687000
7691700
7716300
7732800
7738900
7748700
7754900
7771700
7781500
7789300
7803100
7822100
7831300
7841600
7859800
7882000
7900600
7909100
7916600
7946600
7956800
7966200
7973600
7979900
8000800
8015500
8032500
8042600
8052500
8060100
8066700
8083300
8092000
8098400
8106800
8119200
8128200
8144800
8162900
8176000
8187100
8195400
8209100
8214200
8235500
8248900
8257900
8277000
8289600
8308300
8318000
8329900
8341900
8349100
8358200
8367700
8395500
8413200
8429200
8435800
8451000
8462600
8487700
8495500
8524100
8531000
8542800
8563400
8573600
8583300
8591600
8605000
8623300
8651400
8666600
8688800
8702700
8722700
8735000
8751300
8773400
8779700
8794000
8824000
8835000
8860800
8871300
8877800
8886900
8905200
8921600
8929200
8940400
8949500
8972600
8992300
9019300
9025900
9049500
9073900
9088900
9105300
9135400
9155400
9162400
9185700
9200500
9209200
9215200
9232000
9252600
9268400
9281900
9291700
9308000
9327400
9337100
9348000
9366200
9379400
9388400
9394400
9411800
9421900
9437200
9446800
9477000
9484900
9495400
9509500
9516900
9534600
9565200
9576800
9584700
9593000
9612400
9626300
9640000
9647500
9656400
9685500
9695300
9713800
9728200
9738400
9770700
9779100
9787300
9793600
9805900
9823000
9842700
9866900
9887000
9900500
9917500
9933400
9950000
9974400
9984700
