# repro call number: 0
# mode: 3
# signal: 2
# stimulus file: /extra/setup/oel/stimuli/receptorInfo/gauss_st6_co100.dat
# carrier freq (kHz): 5
# stimulus length (msec): 1000
# pause between stimuli (msec): 700
# length of ramp (usec): 1000
# desired firing rate (Hz): 100
# standard deviation (dB): 6
# cut-off frequency (Hz): 100
# repetition number: 0
# duration (msec): 1000
# intensity (dB): 67.3438
11200
15100
22100
24900
27600
44700
47900
52300
60300
62900
65600
75300
79300
82200
84900
87800
97200
100800
103900
106700
118400
130500
136300
139500
142200
150200
153200
171600
180900
184200
193600
212800
215600
226900
231900
235500
248000
269600
273500
284500
289600
295000
298400
301300
304700
315000
319000
324300
334400
342300
356300
373400
376400
381600
384800
387900
407600
411500
423700
427800
433800
437000
440300
455100
464900
468200
486900
490100
494500
505900
509300
521500
525100
530300
544200
554800
567700
578400
590100
606700
609500
616800
642200
660900
664900
669300
680200
689400
693600
696700
710800
719300
723000
726700
731700
745400
748700
751700
757400
761000
765200
772700
784200
793600
804100
825200
829100
855000
858400
866500
876200
887400
891600
899400
919900
923000
926800
930800
978400
981400
985600
991800
995200
1004500
1014400
1017400
1028100
1037200
1045400
1048600
1051900
1081900
1084900
1088800
1091900
1095800
1104600
1107600
1110400
1119000
1128000
1130900
1140000
1142900
1152900
1161400
1172400
1175300
1187200
1213000
1216000
1219600
1226700
1240000
1250300
1253100
1275800
1280000
1283100
1303500
1307600
1311600
1321600
1324900
1334500
1338400
1345200
1366500
1370000
1384500
1397300
1400700
1424100
1431000
1434500
1451000
1464300
1474400
1477300
1480300
1497400
1500800
1507400
1513500
1516700
1520100
1558300
1562400
1576200
1579200
1584300
1596600
1600200
1625100
1637100
1646200
1649200
1660900
1670300
1677700
1685300
1689200
1697700
1700500
1744600
1748300
1752200
1755700
1767500
1770300
1774200
1787000
1790400
1795000
1797900
1807300
1810200
1813400
1828500
1831600
1843900
1857200
1860100
1873400
1890100
1900000
1903000
1910000
1913100
1923700
1937200
1953100
1957200
1960600
1976300
1979500
1999900
2003200
2011700
2022700
2032100
2040100
2063700
2067000
2071600
2096600
2102200
2113100
2116500
2130800
2134800
2142400
2151000
2154600
2173200
2176700
2186000
2189000
2213700
2219400
2232600
2243600
2271500
2275900
2281200
2284800
2293200
2296300
2307500
2310900
2313800
2322900
2325900
2329000
2343800
2346800
2349700
2364600
2392500
2395500
2405800
2417100
2428900
2440200
2443100
2446800
2469000
2474300
2483300
2487100
2516400
2526700
2529700
2541100
2555000
2558100
2581900
2586400
2602200
2605500
2627900
2631200
2636200
2641400
2649700
2654000
2659700
2662700
2665800
2674000
2682700
2686800
2698200
2713700
2716800
2732300
2744700
2748500
2751900
2755300
2759400
2775200
2794400
2806600
2815600
2840500
2844300
2857000
2861100
2897700
2900800
2909900
2913100
2924100
2947700
2952800
2963400
2966900
2979800
2982700
2985600
2992900
3004600
3009900
3014500
3017800
3022700
3028100
3036900
3046000
3082300
3096700
3100200
3114800
3126800
3139800
3170500
3174000
3185100
3188900
3199500
3208800
3211600
3223600
3234600
3248400
3251800
3282800
3287300
3311700
3339200
3342500
3354300
3357700
3379700
3401700
3413500
3416400
3419900
3444900
3466400
3489200
3492500
3495400
3506100
3512100
3516300
3527900
3541000
3547700
3550800
3554200
3566200
3569600
3579000
3582700
3587300
3591200
3616200
3631000
3662300
3673900
3680900
3694700
3698000
3709500
3712500
3716300
3726900
3729800
3738600
3750000
3753200
3764000
3767200
3770600
3777000
3788400
3801000
3812800
3831400
3834800
3842000
3855800
3866100
3879500
3882600
3894300
3897500
3912600
3915700
3928000
3931100
3934500
3952900
3966100
3969600
3977500
3980400
3983300
4000600
4006300
4021400
4032200
4047100
4056600
4059500
4064300
4070300
4081600
4088900
4091900
4104100
4142300
4145300
4148600
4185000
4194800
4222200
4225100
4234800
4237900
4242500
4246900
4251500
4260300
4266900
4287900
4290900
4307000
4310600
4346600
4357900
4360900
4374200
4383000
4402700
4405800
4416800
4430000
4434400
4444500
4448200
4457400
4481100
4489900
4493000
4495900
4516600
4520300
4523300
4534300
4538300
4541500
4567700
4571200
4575700
4581200
4585600
4603900
4613700
4617000
4637300
4640500
4643500
4673100
4677300
4690100
4703400
4706400
4709700
4718900
4740800
4743900
4753400
4763800
4767200
4799700
4811600
4821200
4824200
4831800
4834900
4838600
4844000
4875600
4878700
4885100
4890800
4905500
4916300
4925600
4929400
4952000
4963400
4975600
4990300
5000500
5003600
5022200
5032200
5035400
5039600
5043700
5047000
5050800
5061200
5073900
5077400
5094600
5102200
5105900
5127800
5131000
5134100
5148300
5159200
5195400
5199000
5206200
5220900
5224200
5227100
5234800
5238200
5248500
5251900
5254900
5268300
5282400
5286300
5296400
5300200
5312100
5317600
5326300
5339200
5342700
5347600
5361700
5397000
5400000
5403000
5415900
5426400
5429800
5436100
5446900
5460700
5469400
5473000
5478900
5481900
5504900
5517700
5521500
5528100
5562800
5566500
5578400
5586700
5591100
5594700
5597900
5601600
5615400
5626500
5629900
5642700
5647200
5651000
5654800
5678300
5683700
5698300
5701500
5708400
5711800
5715500
5740800
5752000
5755000
5766700
5781300
5784800
5788500
5791800
5804500
5825900
5829200
5852300
5878900
5904600
5923700
5926500
5929500
5957700
5961200
5988800
5992300
6015900
6019200
6030700
6033700
6036800
6041800
6047000
6051800
6055200
6059300
6081700
6086400
6091900
6119100
6133600
6142100
6165100
6172100
6175200
6191300
6194700
6198000
6238800
6249100
6252600
6262100
6265600
6276000
6279400
6283000
6292400
6303100
6307600
6314600
6361300
6374700
6380000
6384100
6393800
6408800
6416400
6427600
6450900
6455200
6468800
6472700
6476200
6482500
6486300
6510300
6517800
6544000
6547000
6550000
6557200
6560300
6578300
6608300
6625600
6628700
6631600
6660900
6663700
6685800
6689400
6695100
6707800
6711300
6730300
6747200
6751500
6766800
6776700
6779900
6783400
6798700
6812500
6815600
6834900
6852800
6868300
6877800
6880900
6893100
6904200
6915200
6918900
6922000
6925200
6953200
6956300
6967100
6970100
6990100
6993500
7008300
7011200
7019000
7022400
7025300
7033200
7045800
7055400
7065800
7069000
7097300
7107900
7125300
7128300
7132400
7138500
7149600
7160700
7183000
7211100
7214300
7222300
7225600
7245800
7259400
7267900
7270900
7293800
7298400
7322800
7327000
7336600
7339600
7348600
7363700
7368500
7381900
7434800
7439100
7457500
7461300
7469800
7472600
7497400
7500700
7504900
7510500
7531700
7553100
7580100
7593000
7595900
7598900
7612500
7615700
7627500
7647900
7650800
7653600
7662900
7689100
7694400
7697800
7700800
7716800
7719700
7722600
7728900
7733200
7741300
7745700
7751300
7763600
7794000
7808400
7811600
7821400
7824900
7836300
7840000
7876600
7879800
7883000
7898100
7920900
7924400
7933900
7937600
7958400
7970700
7974300
7977700
7981100
7984700
7988100
7991400
7995200
8015000
8040300
8043400
8046200
8049400
8054100
8058100
8080200
8083100
8086000
8089000
8098000
8126200
8129500
8141000
8145000
8168300
8171600
8177700
8185000
8189700
8198200
8208900
8212800
8229300
8233000
8237200
8250600
8261400
8266400
8272200
8285700
8293100
8298600
8327800
8341500
8360300
8363400
8371400
8374400
8381600
8411200
8417200
8428700
8431800
8441500
8451900
8466600
8477200
8491700
8495000
8521600
8524600
8537600
8541400
8549300
8569900
8582200
8600800
8610200
8613100
8616400
8623700
8640200
8652100
8663400
8676900
8686600
8689800
8703000
8716000
8730800
8747600
8763200
8767800
8770800
8774400
8785600
8801100
8805700
8826600
8829700
8832900
8861400
8869300
8873300
8892400
8913200
8916100
8924200
8927700
8936600
8946400
8964900
8968100
8971500
8974600
8977900
8999500
9014400
9024800
9027800
9037400
9050100
9069100
9081600
9085400
9088500
9092100
9112600
9122900
9128800
9132400
9141100
9154100
9157400
9165700
9184700
9187800
9202100
9211400
9229200
9232200
9235300
9248200
9251500
9262400
9265600
9276500
9285400
9305500
9315900
9327500
9343400
9364900
9375900
9389900
9393200
9396300
9404800
9411200
9420200
9424400
9432900
9447100
9464900
9469300
9482000
9504800
9514800
9518200
9529500
9544900
9549700
9558700
9590900
9601500
9607500
9618300
9641700
9646000
9649300
9658500
9661900
9686000
9700100
9706900
9710200
9721200
9731000
9741200
9745200
9765000
9768600
9771900
9780400
9784100
9790400
9794600
9813200
9824300
9834800
9841200
9851200
9864100
9867100
9870800
9874200
9893200
9916700
9944800
9948300
9951900
9965000
9977300
9992300


