# repro call number: 0
# mode: 2
# signal: 1
# stimulus file: /extra/setup/oel/stimuli/receptorInfo/gauss_st6_co200.dat
# carrier freq (kHz): 2.5
# stimulus length (msec): 1000
# pause between stimuli (msec): 700
# length of ramp (usec): 1000
# desired firing rate (Hz): 100
# standard deviation (dB): 6
# cut-off frequency (Hz): 200
# repetition number: 0
# duration (msec): 1000
# intensity (dB): 89.5652
3800
5600
7300
9400
11400
13200
21600
23500
25500
27600
34500
36500
44000
49000
51600
57200
59200
65500
72100
77300
79200
84400
90100
92200
101500
114300
125700
128200
132500
142600
144600
146500
152800
155400
169500
178100
180300
183600
195200
197900
206700
209800
212300
215000
216900
224000
226300
240600
252300
257500
266000
272600
282300
284200
295800
298600
301900
304000
309800
324400
331500
333600
340000
342400
349800
351900
359100
361200
366400
368500
371600
379000
383800
393800
396100
401500
409400
415500
417600
425000
427600
437700
447600
453500
455700
459200
461300
471100
477300
479400
485400
487900
494000
500700
511000
517400
526700
534600
545600
552200
554400
556500
561200
563400
576900
581700
583800
594200
602600
608400
611100
613700
623500
629600
632600
656400
667200
670000
672700
679600
681800
687300
702000
713800
716500
721200
727300
737900
756100
762800
768200
774000
788200
790500
798500
801000
810100
812600
820600
825800
832600
840900
846900
854900
862700
865000
878800
891000
893700
901800
904000
910500
923300
927400
935000
937300
955300
957600
964700
970600
976400
999600
1006500
1017600
1021900
1027300
1036200
1052600
1063100
1067100
1077400
1085100
1087600
1092800
1109400
1123200
1131700
1141200
1150200
1152700
1158100
1173500
1183200
1189000
1195800
1198600
1208900
1211300
1221300
1232100
1237600
1242300
1248900
1253600
1265300
1271400
1283000
1287600
1294200
1300800
1308800
1311300
1313800
1335500
1338600
1342600
1361700
1364400
1376600
1381300
1388000
1391200
1397300
1402100
1409500
1417400
1428100
1443200
1448900
1464700
1475000
1477700
1484600
1487300
1497000
1509000
1513900
1529200
1539700
1547300
1552900
1577300
1585300
1590500
1607100
1613600
1625100
1631900
1637000
1639600
1648000
1654800
1659800
1662500
1669200
1675200
1689600
1692200
1702700
1705300
1712000
1719100
1730700
1735400
1740300
1754100
1766900
1777000
1786200
1796900
1811600
1823700
1831200
1839800
1852500
1855100
1866700
1875100
1887100
1896900
1908200
1912600
1932100
1946900
1957300
1968900
1984400
1998800
2013600
2028000
2031500
2044200
2053700
2065200
2071400
2075900
2081300
2084700
2096800
2107000
2112600
2124100
2132300
2135100
2160700
2168300
2179200
2182400
2190200
2209300
2212200
2219600
2228400
2233500
2242300
2253300
2263700
2274400
2287500
2291800
2300200
2311500
2315800
2324600
2337500
2343500
2368500
2375200
2380700
2389900
2399000
2409700
2431300
2439900
2451200
2457400
2478200
2489800
2495700
2508800
2519700
2524700
2543100
2559400
2570700
2575700
2586100
2591700
2597300
2610400
2622900
2636000
2639100
2646900
2659400
2673200
2687500
2695200
2711500
2721800
2736800
2739600
2748200
2753200
2766600
2773400
2794100
2797900
2806400
2815000
2821400
2829000
2835300
2840200
2846500
2857200
2860800
2874700
2887200
2890100
2893800
2912700
2922800
2929500
2934700
2939200
2944900
2954700
2965900
2979600
2994500
3011200
3023900
3034800
3038400
3042200
3053100
3059000
3063100
3074700
3079500
3086900
3094500
3101100
3110700
3118900
3131500
3135700
3151400
3161500
3165400
3170300
3185000
3197300
3210200
3226500
3232800
3235800
3245400
3258000
3268800
3277500
3283500
3287800
3293500
3303500
3319300
3326400
3336500
3347800
3355700
3365000
3373400
3382100
3389300
3395600
3399700
3420600
3428300
3447800
3452700
3468200
3474000
3479900
3491300
3504500
3514800
3535500
3542200
3551500
3559500
3568500
3578100
3584600
3595000
3606400
3609800
3617700
3629900
3640400
3647300
3658500
3669900
3684300
3696900
3711000
3721400
3742600
3748000
3753400
3764500
3768900
3782700
3786400
3800200
3806400
3816800
3831400
3835800
3841700
3853200
3858300
3876000
3887900
3891000
3897600
3900600
3912900
3919100
3928600
3953300
3968400
3972500
3988700
3998100
4003000
4009600
4039300
4042800
4049100
4055100
4062400
4070000
4074800
4082000
4086200
4094500
4113400
4129000
4139300
4153600
4160900
4168100
4173300
4184100
4188600
4200800
4209900
4215200
4222000
4225300
4232200
4236600
4248000
4261100
4265600
4279000
4295400
4302300
4312500
4318800
4323100
4329500
4346400
4357300
4368600
4372700
4389400
4398200
4404800
4412100
4422500
4428600
4439700
4445100
4451100
4462100
4467000
4472800
4482500
4488500
4499700
4505300
4521300
4531500
4536800
4554400
4561500
4583800
4589000
4597200
4607500
4622900
4637700
4648000
4660600
4669800
4683300
4694900
4702700
4712200
4726300
4737400
4752900
4758600
4788300
4793400
4801000
4806400
4815600
4821100
4831900
4848600
4869800
4880100
4893100
4898000
4907400
4922300
4931000
4961600
4964800
4977800
4985800
4993900
4999400
5015800
5022100
5029600
5055400
5070400
5080900
5085600
5090600
5108400
5135400
5143900
5154200
5163300
5171000
5180300
5203700
5209600
5215000
5221200
5234000
5240100
5253200
5263100
5275000
5283700
5291400
5299400
5322900
5330900
5345900
5352200
5361500
5370100
5384500
5392500
5414900
5419100
5430700
5435500
5446300
5451700
5457200
5467800
5474600
5479000
5494000
5509600
5515900
5526800
5537400
5543200
5558000
5565600
5573000
5583200
5615900
5632200
5642200
5651600
5659800
5676600
5685800
5702200
5727000
5731200
5736200
5748000
5753100
5761300
5768700
5782300
5798300
5801500
5806800
5824600
5831100
5840300
5847200
5859500
5869100
5882800
5896600
5913800
5919600
5925300
5931300
5936400
5950100
5958600
5986200
5990700
6004800
6027500
6033700
6048400
6054400
6062800
6070800
6085700
6092300
6106400
6113800
6119100
6141000
6146300
6159500
6169000
6180700
6186500
6197700
6204300
6217900
6241300
6245700
6266400
6272300
6293600
6310700
6328000
6333600
6342400
6346200
6368200
6384800
6398900
6404600
6414600
6423200
6435000
6441100
6450300
6463800
6469500
6476300
6502000
6520600
6532400
6540900
6547800
6555400
6562200
6568000
6575800
6581200
6594800
6611500
6623700
6632200
6640300
6653200
6656700
6685000
6691100
6708600
6717900
6732500
6749300
6762800
6775300
6779900
6785700
6792800
6796300
6807400
6811800
6829700
6837200
6849000
6861800
6869500
6876000
6892500
6906800
6917700
6928800
6937500
6941000
6960300
6973700
6979100
6987400
6999100
7005800
7014300
7020500
7026800
7061300
7067900
7073500
7089400
7106200
7114000
7117600
7124900
7139000
7150600
7155900
7170000
7190400
7201900
7207300
7227800
7235000
7241600
7248700
7254300
7257500
7278000
7298500
7306200
7311900
7319600
7324500
7334900
7340600
7349400
7360700
7369500
7387300
7402700
7416900
7420200
7428100
7447300
7463900
7476700
7485600
7496600
7502000
7513000
7517700
7523800
7531600
7538600
7545100
7550500
7556300
7562700
7570400
7586800
7590600
7598200
7613100
7619000
7626400
7638500
7655200
7658700
7664100
7679900
7685600
7698700
7705100
7711700
7721100
7725000
7743500
7751400
7775100
7780100
7784500
7789700
7816500
7820700
7827100
7853000
7857700
7862800
7869700
7895600
7900100
7910700
7915400
7930700
7937700
7942100
7951800
7965000
7971300
7977700
7982200
8012300
8021600
8045100
8052200
8071600
8079800
8087500
8101000
8115700
8119000
8135600
8139100
8150000
8158200
8169200
8173800
8194100
8203500
8207100
8211600
8226300
8239400
8244500
8259700
8271600
8291800
8301800
8306600
8310100
8323000
8344100
8350400
8356000
8365800
8383600
8393600
8410300
8416300
8421300
8436400
8455500
8472900
8476800
8482400
8495700
8501300
8511000
8520700
8524100
8552000
8555400
8566700
8573700
8588500
8611200
8622800
8635900
8656600
8664700
8677500
8689800
8699000
8705200
8711900
8721800
8729800
8733100
8742900
8748800
8757200
8764200
8770400
8779700
8792900
8803100
8814000
8821600
8826000
8837700
8844700
8851400
8859800
8865400
8870000
8888300
8908100
8915800
8921900
8927100
8933300
8943500
8957600
8962300
8968400
8994700
9002800
9016100
9037700
9046700
9058800
9063300
9067400
9080000
9096400
9107200
9115000
9132800
9146900
9174500
9179400
9193100
9197800
9204700
9212400
9233100
9247100
9255300
9264500
9273400
9284500
9295000
9305300
9328700
9336600
9346500
9367300
9375600
9384100
9395000
9401600
9406300
9418400
9434500
9448500
9460800
9474200
9490500
9508400
9514900
9521400
9531100
9553600
9561500
9575900
9584800
9594700
9610200
9616500
9626900
9642400
9661100
9680500
9690800
9701000
9708900
9712200
9717900
9726900
9738400
9764700
9777200
9789300
9793500
9820300
9846000
9856800
9872500
9895000
9910200
9921200
9926100
9933000
9942700
9953400
9961400
9975200
9996200


