# repro call number: 0
# mode: 2
# signal: 2
# stimulus file: /extra/setup/oel/stimuli/receptorInfo/gauss_st12_co200.dat
# carrier freq (kHz): 2.5
# stimulus length (msec): 1000
# pause between stimuli (msec): 700
# length of ramp (usec): 1000
# desired firing rate (Hz): 100
# standard deviation (dB): 12
# cut-off frequency (Hz): 200
# repetition number: 0
# duration (msec): 1000
# intensity (dB): 100
4700
6500
11300
13100
27600
29400
33400
35300
52400
54300
60300
65900
75100
83800
113100
115800
120400
122300
127500
133400
151800
154000
155900
169900
172500
185400
196700
205900
231100
233000
238100
264300
278000
282600
288200
302600
304600
313300
321800
358100
360000
364600
368100
378300
380400
408900
418100
420100
423900
426000
443500
475300
477300
479400
489200
491600
500600
502600
527700
545200
547300
569000
579500
581500
589700
591900
594200
606000
615800
617800
639000
644800
649700
656400
658500
661900
680900
684700
686900
691400
693700
712400
714500
722700
730400
742100
744400
748900
755100
779600
789900
794900
802100
814400
820600
838400
847200
849800
869400
873300
881100
888100
895600
897800
928500
930700
933000
945300
954200
964700
967000
977100
983900
994700
999100
1021700
1030200
1032600
1041100
1062300
1069200
1099000
1104700
1109900
1120200
1124100
1138300
1172900
1175200
1191600
1194000
1204700
1207300
1215700
1221700
1226900
1244000
1265900
1272100
1285700
1296900
1309800
1330500
1341100
1348400
1356400
1360100
1376700
1379900
1392300
1402400
1407100
1413700
1419300
1449100
1454100
1472700
1477700
1489100
1491500
1497800
1503800
1524300
1529300
1545500
1559500
1562200
1565800
1579400
1581800
1590700
1600400
1603000
1609900
1614400
1626400
1630700
1637100
1645300
1651400
1653900
1662300
1687200
1698500
1711300
1717400
1736500
1746700
1749300
1754400
1780100
1786400
1797800
1800400
1820100
1825500
1828100
1851900
1858100
1867700
1883600
1902800
1912800
1928200
1935400
1948100
1958400
1981900
1988700
1997100
2026500
2035700
2041000
2045100
2085800
2108100
2123900
2132400
2153000
2160700
2164600
2173300
2185800
2192500
2211100
2220200
2241300
2270900
2278600
2287800
2293000
2303100
2309100
2316100
2334500
2354600
2369600
2376500
2402900
2424900
2435900
2442700
2453600
2467100
2473300
2477300
2494400
2506300
2518000
2520700
2529200
2537400
2555300
2558000
2573000
2580700
2606400
2610900
2633400
2640700
2652700
2661200
2667500
2673200
2680700
2703100
2708800
2720000
2741000
2747100
2774800
2785800
2790600
2797900
2806700
2820500
2832700
2855500
2869000
2872900
2887200
2908500
2914300
2931600
2934400
2944200
2965700
2979900
2986100
2992100
3011100
3021900
3038400
3041200
3048200
3055000
3059100
3078900
3089600
3096100
3121400
3149500
3161400
3176600
3180800
3192800
3198600
3208900
3219300
3227700
3231100
3248700
3251500
3266600
3279200
3287100
3291700
3296500
3299400
3306000
3314900
3327500
3334200
3339600
3355300
3358100
3366900
3376200
3381100
3392800
3411000
3416300
3421900
3443700
3453300
3456200
3461500
3467000
3476800
3483900
3508100
3514200
3521500
3537100
3556400
3568100
3578500
3589600
3602100
3617000
3631500
3642000
3657200
3667600
3674800
3691500
3704300
3719000
3721900
3741500
3751200
3756000
3802700
3810500
3817800
3843400
3852400
3872800
3882900
3907600
3938700
3964200
3972700
3990900
4003100
4023800
4038400
4047000
4059600
4073900
4098500
4109900
4129400
4141000
4147800
4162700
4169300
4201800
4218400
4224100
4232800
4242000
4245800
4250400
4266300
4277500
4284100
4294100
4299800
4302700
4305700
4317800
4327000
4341800
4345700
4352900
4362300
4376700
4403300
4412000
4424500
4432600
4441200
4452700
4468000
4480500
4507400
4513800
4539500
4544400
4571800
4582400
4586400
4602900
4622800
4630600
4635300
4639700
4655100
4661300
4671700
4681300
4703500
4729000
4747400
4767300
4776100
4785600
4791400
4802400
4822500
4834800
4838100
4842800
4851200
4862100
4874000
4894400
4898900
4903800
4909400
4915800
4921000
4950800
4957100
4969500
4979600
4989700
5025200
5035900
5047100
5054000
5059700
5069300
5081100
5097600
5104600
5107600
5121500
5127000
5148400
5154200
5178600
5185700
5191900
5204600
5231400
5247600
5254200
5271800
5286000
5296300
5331300
5341200
5348000
5352900
5363900
5386300
5393400
5404900
5413600
5424900
5446300
5456600
5473600
5480100
5484100
5496300
5503400
5512500
5518300
5533800
5556700
5563100
5574200
5594000
5615500
5630200
5639300
5651800
5663600
5675500
5680900
5687800
5698600
5710800
5722000
5728400
5754500
5775300
5783600
5808900
5813800
5819100
5825800
5830600
5863100
5867900
5871900
5883600
5899800
5916600
5924200
5939000
5944700
5964400
6015500
6029200
6038200
6044900
6049000
6074500
6091300
6099200
6117300
6124000
6130100
6138200
6147900
6175800
6183200
6188900
6192800
6195900
6207300
6212800
6222600
6226800
6231900
6237800
6251100
6258900
6280200
6291000
6329400
6335600
6356100
6368000
6379400
6405400
6411600
6420500
6425700
6430100
6442200
6449800
6452700
6461100
6476400
6480600
6503700
6509700
6533400
6539600
6547700
6561900
6564900
6572100
6577500
6591600
6601600
6613500
6623700
6628200
6634700
6643400
6654500
6677900
6692300
6709800
6721500
6728600
6740400
6752400
6765100
6777500
6797100
6808600
6814000
6827700
6850000
6857400
6866700
6881800
6893200
6900400
6922200
6941000
6949800
6967000
6984900
6996900
7004300
7012600
7031400
7039900
7059000
7068300
7076700
7083000
7090900
7116200
7128100
7133000
7144300
7165500
7179600
7185400
7188400
7193000
7205300
7218800
7228600
7249900
7256000
7274600
7283500
7291000
7301600
7317500
7320800
7326800
7332600
7344700
7347600
7384100
7406800
7411700
7417800
7427100
7435100
7438200
7465800
7470800
7492700
7504100
7510100
7533600
7548000
7561600
7577000
7588000
7602600
7611600
7620400
7638200
7641500
7649600
7658200
7668200
7683200
7698400
7709700
7716700
7727100
7749000
7762300
7769100
7784800
7788400
7796000
7802500
7825100
7841900
7852000
7873000
7890800
7899900
7909600
7922200
7931500
7941200
7944100
7972200
7975200
7978300
7988100
8003900
8011200
8023600
8041500
8073700
8080400
8089900
8112800
8121800
8125700
8150700
8155900
8167900
8187900
8198400
8204200
8217000
8252900
8259000
8269200
8276500
8281000
8307600
8320100
8338600
8369100
8381900
8388700
8423500
8439400
8452700
8464000
8479600
8490800
8503900
8508800
8519600
8535300
8550300
8556500
8571700
8583700
8593700
8606600
8615300
8642500
8658700
8669800
8679200
8685000
8694800
8710300
8715800
8732300
8735500
8754600
8757500
8765300
8780500
8795000
8810200
8817400
8832000
8841200
8863100
8870800
8890200
8915700
8925300
8928300
8939500
8943400
8946300
8949700
8956600
8963100
8969400
8988500
9015300
9032800
9042000
9055400
9091800
9131500
9134300
9143900
9164700
9192400
9197500
9211700
9228900
9234800
9243400
9253800
9260200
9267300
9291800
9322800
9334400
9343900
9356100
9362100
9372900
9377500
9394900
9401100
9405700
9413100
9419500
9434600
9445000
9459200
9466000
9482800
9490600
9499500
9522100
9528000
9530900
9543200
9548400
9555300
9566700
9585300
9595300
9619400
9634200
9637900
9646600
9659400
9671700
9677800
9683100
9710800
9731500
9737200
9758600
9765600
9780200
9802100
9812000
9822000
9831300
9849500
9854900
9872300
9875200
9882700
9891300
9905000
9914000
9925000
9957000
9963700
9974500
9980200
9987300


