# repro call number: 0
# mode: 3
# signal: 2
# stimulus file: /extra/setup/oel/stimuli/receptorInfo/gauss_st6_co800.dat
# carrier freq (kHz): 3
# stimulus length (msec): 1000
# pause between stimuli (msec): 700
# length of ramp (usec): 1000
# desired firing rate (Hz): 100
# standard deviation (dB): 6
# cut-off frequency (Hz): 800
# repetition number: 0
# duration (msec): 1000
# intensity (dB): 48.3824
7300
11900
14400
16800
21400
27500
41500
45200
50900
55200
64900
69000
73700
80100
85200
94700
102500
106500
112600
123400
128100
138600
143000
151000
154100
160300
163300
166000
188700
192700
197500
201000
206700
210300
228500
235700
241400
245800
251500
255800
261700
266400
276900
287100
295500
300100
306200
315800
322300
325900
330500
335600
339500
342900
347900
356400
370600
377100
384400
397200
410200
415000
418600
426000
432100
440300
447600
451500
456800
483100
486100
491500
500200
507200
526500
535100
541400
548500
560000
568500
573100
577700
584900
590000
595500
607800
623800
636200
649400
653500
659000
668300
672500
678100
681700
689800
703400
706400
709800
714700
718800
722000
726900
736200
740800
751100
754400
759000
766700
775400
781400
797500
804100
808900
821600
833500
842700
850800
854700
858300
873200
889000
892700
895400
898900
903300
915500
921700
924700
933300
941900
946700
949600
953500
962500
969500
974800
978200
1003100
1008900
1012700
1030000
1035600
1040700
1043700
1048500
1059800
1068800
1075200
1080900
1089100
1095800
1105200
1110800
1125100
1131100
1138400
1148200
1162300
1166700
1180600
1189900
1193000
1195800
1209400
1213800
1219200
1227400
1242600
1245900
1253000
1262700
1269200
1272100
1285500
1291200
1294800
1298000
1305400
1310700
1316300
1331100
1340100
1343200
1347300
1351600
1359600
1365700
1373400
1378700
1392000
1395300
1403600
1416300
1433300
1440900
1444300
1456500
1459900
1472600
1477500
1490300
1506400
1516300
1538000
1541200
1544400
1549300
1555100
1566200
1576000
1588000
1597400
1600500
1606300
1612400
1618800
1627100
1644800
1655400
1666300
1672100
1677900
1685800
1692100
1710000
1721500
1731000
1738400
1742800
1748200
1752100
1755400
1760800
1780500
1793100
1802100
1806800
1811300
1822600
1830400
1836300
1840100
1845800
1851500
1855200
1858500
1869900
1873700
1879300
1887200
1904100
1910500
1921400
1927900
1931000
1942000
1948600
1956800
1967500
1986700
2001900
2005200
2009600
2026900
2044700
2066500
2070400
2074300
2084000
2089500
2094900
2109400
2112800
2122900
2128800
2132400
2136700
2147000
2165900
2172800
2175800
2200300
2203500
2223300
2234300
2239900
2245300
2250800
2255200
2258900
2267500
2280900
2303000
2309700
2322700
2333200
2340000
2343200
2353200
2367900
2372200
2382700
2389200
2393800
2406100
2414300
2420600
2445800
2452700
2459800
2465700
2469100
2480800
2486600
2498200
2507000
2511600
2515200
2527400
2535000
2538700
2545100
2558700
2561500
2567000
2577500
2589600
2592800
2602900
2607300
2619400
2622800
2634300
2643000
2646500
2660600
2664500
2671100
2694800
2705200
2710500
2722100
2725800
2729200
2744200
2748900
2752500
2765400
2769200
2780900
2785000
2795400
2799800
2803800
2808500
2823800
2833500
2848800
2851700
2876500
2889500
2896600
2910400
2913200
2920500
2936000
2945800
2949400
2958600
2968800
2973200
2993300
2996400
3005300
3009700
3014200
3023300
3028200
3041400
3045700
3064800
3071700
3077000
3081200
3093400
3098500
3106900
3112700
3120300
3130200
3137800
3144400
3159900
3163700
3167800
3171700
3186000
3193400
3198800
3204400
3224600
3227700
3235700
3244000
3251400
3261400
3265500
3270400
3294100
3298300
3302000
3308100
3320800
3328400
3331800
3344200
3348400
3356500
3373700
3377800
3390800
3394700
3400800
3419200
3428900
3434900
3452900
3459000
3468500
3476700
3483600
3489800
3499700
3510000
3513100
3516300
3527300
3536300
3543100
3556400
3589300
3593600
3597000
3610100
3613900
3618600
3625100
3643300
3647100
3654000
3659400
3662500
3668500
3675700
3688200
3695500
3705900
3709900
3714400
3719600
3724500
3730300
3735300
3743600
3747100
3755100
3759900
3776200
3780400
3788400
3797500
3812800
3831000
3842900
3850500
3863600
3867400
3873700
3878300
3890500
3901400
3909500
3914100
3917000
3940100
3957500
3976500
3988000
3997500
4001100
4008600
4015000
4026600
4034300
4038800
4042000
4046100
4054500
4058200
4065600
4072000
4082000
4089000
4094500
4103700
4115600
4124800
4135700
4143200
4149600
4158000
4160900
4176400
4180400
4188800
4193200
4196500
4202000
4228500
4231400
4234500
4258400
4263800
4272700
4279400
4285500
4310300
4318400
4328600
4341900
4345100
4352400
4356400
4359900
4366600
4376300
4387700
4394800
4401200
4405100
4415100
4420300
4445400
4449100
4455700
4459500
4464300
4480600
4486600
4490000
4493700
4514800
4519600
4527100
4540300
4544200
4549400
4557800
4569600
4580200
4591800
4600300
4608100
4624900
4630000
4639300
4643400
4652800
4656400
4659700
4662900
4680400
4691800
4699200
4715400
4718700
4729700
4737000
4749500
4763900
4767900
4781400
4785000
4792400
4800900
4808800
4815100
4833700
4842000
4851500
4863300
4878100
4887700
4895200
4905200
4913000
4916200
4923400
4926900
4931000
4938300
4943400
4956900
4962200
4991300
4994400
5008100
5012400
5020800
5036500
5042800
5055000
5061200
5065200
5075500
5083300
5090900
5096300
5100400
5112700
5115800
5121100
5125900
5132900
5138800
5155600
5162500
5171100
5176300
5184900
5203900
5208500
5218400
5225700
5233200
5240900
5249700
5254200
5275600
5279200
5295500
5300600
5304400
5322100
5326500
5347100
5353000
5360600
5368500
5372200
5380200
5392400
5405500
5413400
5418100
5442600
5448400
5456400
5468600
5473300
5481800
5485000
5491200
5498200
5501600
5506000
5515500
5518800
5540600
5544000
5563000
5567900
5574800
5578300
5585400
5589600
5598100
5609100
5619700
5627800
5637100
5644700
5653400
5662400
5666300
5671900
5675400
5680700
5691200
5694400
5701200
5705200
5715600
5727600
5741900
5762000
5769100
5772500
5781500
5802100
5806600
5812100
5824600
5836500
5844400
5851700
5855500
5864000
5873000
5878700
5882300
5893200
5901000
5905000
5915400
5945100
5953000
5959400
5968000
5977400
5985900
5990400
5998000
6001700
6024800
6028300
6039300
6044600
6049700
6055000
6058100
6069200
6080400
6093300
6099000
6115700
6124200
6129200
6134100
6150800
6155800
6159400
6163900
6182000
6193600
6197600
6201800
6210900
6219300
6223500
6228200
6235800
6240400
6252800
6257200
6276500
6280200
6299000
6309400
6317100
6324300
6330500
6334600
6361900
6366400
6378800
6388300
6394900
6400900
6414400
6422200
6432100
6445700
6454700
6459700
6466900
6471000
6478600
6484400
6495200
6498800
6508400
6512700
6520000
6526000
6533100
6552700
6558500
6565000
6581100
6586000
6593100
6607700
6611200
6619100
6626200
6631100
6641300
6653800
6656900
6668600
6673400
6685400
6690300
6698400
6701800
6707500
6719300
6730200
6747900
6751000
6758600
6761600
6769600
6773500
6778200
6785000
6789100
6809500
6827200
6833100
6841500
6854200
6863800
6867300
6880000
6894800
6906600
6915700
6919400
6926200
6952500
6974900
6984400
6987800
6994500
7009600
7015600
7033900
7038500
7043700
7054300
7067800
7071600
7076000
7082500
7091300
7102500
7112400
7123100
7127200
7129900
7145000
7148300
7153400
7173300
7179700
7191400
7199000
7203700
7211000
7220800
7228300
7237100
7247600
7251000
7257300
7260900
7264100
7271400
7282600
7286300
7303200
7306800
7316300
7328600
7335400
7344800
7348300
7352500
7357600
7365900
7374300
7382400
7386500
7398900
7403000
7407600
7421500
7443500
7450300
7455300
7460900
7467800
7489700
7495600
7510800
7529700
7533300
7543900
7554100
7558600
7571100
7579500
7590400
7596900
7601200
7609500
7642100
7658700
7662600
7683600
7690100
7697400
7704400
7712500
7717300
7721600
7733400
7737100
7749300
7753400
7768900
7772500
7779200
7785100
7788800
7803300
7806700
7815000
7847800
7858200
7861100
7879000
7894200
7902900
7906700
7911100
7924500
7927900
7941500
7945000
7948400
7955000
7964100
7974500
7983600
7988300
7996800
8004900
8012800
8029500
8033400
8038500
8044100
8050300
8061500
8066200
8073200
8090100
8103200
8106900
8117200
8126200
8133100
8138800
8142700
8147900
8152900
8158000
8163500
8169200
8174900
8192500
8203400
8209900
8217700
8223600
8229400
8236600
8252500
8256900
8262700
8268900
8278100
8283500
8292000
8303100
8306400
8314100
8322700
8326600
8335700
8349100
8363600
8375500
8387200
8401200
8409500
8418000
8428700
8441200
8447400
8454500
8464600
8469900
8477600
8489200
8499900
8503600
8524300
8532700
8538600
8555000
8560100
8573900
8588500
8595300
8601600
8614400
8625000
8636400
8645300
8649100
8656200
8666300
8670200
8674800
8684000
8689900
8693000
8696400
8705000
8708800
8724500
8732400
8749200
8770800
8775800
8786600
8792500
8803100
8811500
8817200
8839300
8848000
8853300
8857800
8862000
8870100
8880400
8886200
8894600
8904200
8911600
8919200
8928900
8935000
8939200
8944000
8948700
8956500
8960000
8969000
8973800
8980600
9000100
9016200
9023000
9027600
9039000
9047500
9061800
9071700
9077200
9088400
9091400
9097200
9104500
9116800
9122600
9131900
9135300
9143600
9148600
9170200
9181600
9184700
9190600
9204200
9219700
9234900
9241500
9250000
9260200
9274300
9292800
9301200
9314300
9325700
9333600
9338700
9358700
9371300
9382000
9386300
9395800
9402600
9419600
9429300
9442900
9447000
9451800
9458300
9471300
9477500
9482900
9486900
9499600
9510000
9513300
9517200
9525600
9532400
9537600
9552500
9562400
9572000
9582000
9592600
9595600
9605000
9614300
9621600
9626700
9632600
9640500
9664800
9678700
9682600
9689300
9714100
9725800
9737600
9752100
9755600
9773900
9782800
9792000
9794800
9797900
9808000
9813800
9830000
9850800
9856500
9867500
9878300
9885600
9899400
9905000
9909700
9912400
9924500
9931900
9937100
9950900
9962500
9974900
9978100
9983400
10000300


