# OFFOEL
# duration (msec): 1000
# repetition number: 1
8000
12300
14500
18500
21200
23600
25800
28600
43500
46000
49000
58600
62900
65500
74000
77000
79500
81900
84400
94200
96800
100900
104100
106800
117100
119700
128900
131600
135000
137700
140200
142700
150200
152700
170300
173200
179500
183000
192500
195100
211100
216300
225000
228400
232800
244500
267800
271100
274200
284100
286500
289400
294100
297100
299500
302300
313900
316400
320200
323800
336500
340500
344600
353700
357100
365400
372800
375800
381400
384100
386900
400300
406300
409300
423600
426600
430300
433400
436500
439500
450800
455600
459200
464300
467400
485800
488300
490900
495000
502200
506200
518300
521800
526600
531300
534900
543500
552200
555100
566700
575700
578800
587800
591100
604100
609800
614500
617900
625800
639300
653800
657900
661300
665200
668400
671900
678000
680800
690300
693900
697600
709600
713000
717100
720100
722900
726300
729400
741600
745100
748200
751300
756300
759600
763300
770100
781300
792300
795300
802800
805900
824800
828300
842800
851600
854500
857200
862300
873800
884500
887900
897300
900700
909700
917900
921000
923700
926500
931400
944100
961900
976200
979100
981700
984700
990300
994400
1002100
1013100
1015900
1026300
1036100
1041600
1044700
1047400
1050000
1077600
1081500
1084300
1087000
1090000
1093300
1101800
1104700
1107900
1117000
1120400
1126000
1129100
1138300
1141400
1150500
1154000
1160100
1163300
1169900
1172800
1184100
1188400
1200300
1211100
1214000
1224900
1227000
1237700
1247800
1250800
1272300
1275800
1279200
1282100
1301200
1304900
1308000
1311500
1319800
1323100
1332900
1336000
1342300
1345300
1348100
1358700
1365100
1368600
1382800
1385800
1396000
1399300
1407900
1421500
1424600
1428300
1432000
1437300
1450200
1453700
1464200
1473400
1476300
1479700
1485200
1494800
1497900
1503500
1509100
1513300
1516300
1542000
1556600
1560200
1564100
1573900
1577100
1581100
1584500
1594200
1597200
1611300
1624400
1636200
1645500
1648400
1658900
1668500
1671800
1677600
1683600
1686900
1695800
1698800
1729400
1740000
1744100
1747000
1749700
1753200
1756400
1765700
1768700
1773600
1783800
1787900
1792800
1796400
1799400
1805600
1808600
1811900
1819500
1826600
1829400
1832100
1840700
1856000
1859000
1862400
1870800
1876200
1887200
1892300
1897500
1900300
1907900
1911100
1920300
1931700
1937600
1949300
1952200
1957600
1960800
1975700
1979000
1997700
2000900
2009000
2012200
2020900
2024500
2031600
2036600
2042200
2050900
2061000
2064100
2067300
2073500
2082600
2093200
2096500
2102100
2109200
2112800
2116800
2128200
2131700
2139000
2149100
2153000
2172300
2175400
2183600
2186600
2189600
2208000
2214900
2218200
2222000
2230200
2240000
2245000
2255300
2267900
2271100
2275300
2280700
2286900
2291100
2294100
2300800
2307300
2310500
2313300
2316600
2321800
2325100
2328400
2341900
2345300
2349200
2363100
2367700
2390400
2393500
2396500
2404500
2415100
2418500
2427600
2437700
2440800
2443600
2466200
2469300
2472700
2482900
2487300
2499500
2513900
2518100
2525300
2528400
2539000
2542500
2552900
2556500
2580300
2584200
2588500
2593500
2600900
2604600
2624000
2627500
2630100
2633400
2639100
2643400
2649700
2653800
2658400
2661300
2664400
2671600
2676100
2682100
2696100
2706400
2712600
2716000
2719200
2731400
2743800
2746800
2749700
2754800
2758800
2762000
2773100
2791900
2804300
2813700
2816900
2831700
2838600
2843000
2855200
2858300
2866700
2896200
2899300
2908800
2911900
2922900
2942300
2946700
2950200
2961400
2964800
2967700
2978400
2981300
2984000
2992200
2996800
3002600
3006400
3012400
3015500
3018500
3025100
3029800
3034200
3043600
3047700
3070900
3081200
3094600
3097800
3102000
3114300
3117700
3125500
3130100
3138900
3158800
3168100
3171200
3175300
3182600
3185700
3188500
3197400
3207200
3210300
3221500
3225100
3233500
3246900
3250000
3270600
3281900
3284900
3287900
3308200
3312700
3329300
3336800
3339800
3343300
3352000
3355400
3359400
3369400
3376400
3388800
3399300
3402300
3412100
3414900
3418300
3430600
3441000
3443900
3462500
3466000
3473700
3483400
3487900
3491000
3494700
3503300
3506600
3511100
3514100
3527300
3538600
3545300
3548900
3552200
3558300
3564400
3567600
3577700
3580900
3587000
3591000
3613200
3617500
3629500
3644500
3659600
3669700
3677900
3681500
3692700
3696300
3707400
3710600
3713600
3716700
3725400
3728600
3732400
3736900
3741800
3749000
3752500
3761300
3764800
3767700
3775600
3787300
3790900
3799300
3809900
3830600
3833700
3840700
3852300
3855900
3863900
3871700
3876100
3879700
3893000
3896100
3899800
3909800
3913400
3925300
3928800
3931700
3940300
3951900
3964400
3967600
3971300
3976100
3979300
3982200
3999400
4004900
4018200
4022100
4030200
4033900
4044000
4047800
4054400
4057600
4060800
4067200
4070800
4080400
4087600
4090600
4102200
4124100
4139600
4142800
4145400
4148200
4181700
4185200
4193600
4204000
4221100
4224600
4231600
4234700
4239100
4244900
4248000
4251500
4259900
4263400
4266900
4286200
4289700
4293200
4305300
4308700
4312700
4318600
4338900
4344000
4348700
4356200
4359500
4362800
4371400
4380000
4392500
4400400
4404000
4415700
4429300
4432800
4435800
4443500
4447700
4451800
4455900
4479000
4482400
4485600
4489100
4492200
4495500
4515300
4518600
4522000
4530500
4533800
4536900
4539700
4543700
4555100
4564900
4568000
4570800
4577100
4581100
4600800
4604300
4612100
4615400
4628200
4635100
4638200
4641900
4671700
4674900
4678200
4688700
4691900
4701100
4704900
4708000
4711500
4716100
4720000
4730600
4738700
4742000
4745900
4752300
4761800
4765200
4774800
4785500
4797800
4809700
4813800
4820100
4823100
4825700
4831800
4834800
4838600
4844600
4864500
4873200
4876400
4881000
4884600
4887900
4902500
4909000
4915400
4923800
4926900
4942100
4948700
4959000
4962500
4970000
4976900
4988500
4997000
5000300
5003400
5018900
5023300
5030000
5033100
5036100
5041000
5044300
5048500
5058600
5062900
5072200
5075600
5092800
5099000
5102200
5106400
5123200
5126600
5129400
5132000
5145000
5154300
5158200
5167400
5193500
5196600
5200200
5218700
5222000
5225000
5228700
5234500
5237700
5246800
5250100
5253000
5265000
5277500
5281500
5284500
5294900
5298100
5308300
5312600
5317000
5323400
5327400
5337400
5340400
5343800
5348500
5358400
5368600
5381600
5395300
5398400
5401600
5405500
5414000
5425200
5428300
5434500
5445400
5450100
5457800
5467300
5470200
5473100
5478200
5482200
5488600
5504500
5515300
5518700
5522500
5525900
5529800
5540000
5548600
5553600
5559800
5564000
5574000
5584100
5588400
5592200
5595200
5598400
5602500
5613500
5617500
5625100
5628700
5640700
5644800
5648400
5651800
5655700
5675000
5678700
5682300
5687000
5697400
5701800
5706800
5710400
5713600
5728500
5739100
5750700
5754000
5764900
5778200
5782400
5785800
5788600
5791900
5802000
5815200
5824600
5827600
5831200
5849400
5852800
5864500
5876100
5888300
5903500
5910500
5916400
5922700
5925800
5928500
5936500
5949400
5956000
5959600
5977500
5985300
5988800
5992100
6010900
6015200
6018500
6021800
6029600
6032700
6036000
6040200
6044000
6047900
6051200
6055300
6059000
6064800
6078900
6082400
6088500
6092800
6106300
6116600
6121100
6129600
6133600
6140000
6157300
6170500
6173700
6182300
6190300
6193500
6196500
6214200
6227900
6235600
6247100
6250500
6260300
6263400
6266400
6274100
6277300
6280300
6292000
6300100
6303500
6306900
6311500
6338800
6345500
6359500
6366500
6373400
6379000
6382200
6392600
6396400
6406800
6414400
6426300
6430500
6448100
6451700
6455200
6466100
6469800
6472900
6475900
6480700
6483900
6486900
6498800
6503600
6508000
6511600
6515900
6521700
6534900
6542400
6545600
6550400
6555400
6558700
6575000
6579100
6605400
6609900
6621700
6625300
6628200
6630800
6641000
6658700
6661900
6666200
6680700
6684000
6687800
6691800
6706400
6709900
6714500
6728700
6732000
6746300
6750600
6754400
6764900
6775200
6778500
6781400
6797600
6811000
6814300
6824700
6833800
6838500
6845600
6851000
6855100
6865700
6869500
6877000
6880800
6892000
6902400
6906300
6915200
6918700
6921800
6936100
6950100
6953400
6956600
6965900
6969300
6978600
6989300
6992800
6999800
7006600
7010200
7018500
7021600
7024700
7032900
7036200
7043800
7053500
7064300
7067700
7094300
7097900
7105900
7110300
7123000
7126000
7129000
7136400
7141400
7158200
7162900
7180500
7209100
7212400
7219800
7223500
7226700
7244000
7248300
7256900
7266100
7269200
7272600
7291700
7296900
7300100
7316300
7321400
7324800
7329500
7334700
7338000
7341400
7346700
7350000
7360100
7368000
7379500
7394200
7408100
7432000
7435400
7438800
7455800
7458800
7467900
7470900
7493100
7496500
7499400
7502800
7506100
7510400
7530000
7542100
7574400
7579100
7591200
7594200
7597300
7603700
7609200
7613000
7615800
7625600
7628700
7643700
7647000
7649900
7652700
7660500
7664600
7678000
7687300
7691400
7694600
7697600
7709200
7714200
7717800
7720800
7726000
7730300
7740000
7743400
7748900
7752700
7761900
7773900
7791900
7795300
7806200
7809300
7812400
7819900
7823000
7830800
7835900
7840500
7863000
7875500
7878800
7881700
7895000
7898000
7918200
7921600
7925200
7932300
7937300
7954700
7964700
7969200
7972800
7975700
7978600
7981500
7985700
7989400
7993000
8004600
8012700
8015900
8025100
8037500
8041100
8044200
8047100
8050400
8055000
8078300
8081800
8084600
8087400
8096700
8121800
8125300
8128200
8139400
8143100
8155200
8166900
8169900
8173300
8183000
8186400
8196400
8200400
8207400
8211000
8227200
8230500
8233900
8238100
8253700
8257800
8261500
8266000
8269500
8276800
8281600
8285300
8289100
8296000
8312600
8324800
8329300
8342600
8359000
8362300
8369600
8373000
8376700
8380600
8395100
8406600
8412600
8427500
8430700
8434100
8440100
8450200
8463800
8473100
8476300
8479100
8489300
8493100
8509300
8518800
8522500
8525700
8536600
8540000
8548000
8561700
8568400
8571800
8579800
8583700
8598100
8602700
8608600
8611700
8619900
8624900
8638500
8641700
8650400
8653700
8662900
8666400
8674600
8678500
8685600
8689300
8703500
8714300
8718600
8729200
8734600
8744100
8747500
8760200
8765100
8768600
8771700
8784400
8788100
8798100
8801900
8825300
8828400
8831400
8838400
8851700
8859700
8864500
8868100
8871100
8884300
8891100
8894900
8912000
8915100
8919500
8925000
8932100
8935700
8942200
8948800
8962700
8966200
8969800
8973500
8977500
8989200
8995600
9000000
9012700
9022700
9026100
9029300
9037200
9046600
9066300
9071400
9080700
9084100
9087000
9090200
9109200
9112700
9119700
9124200
9127800
9131300
9138300
9143300
9151700
9155000
9163200
9167100
9183700
9186700
9190800
9199900
9203300
9206900
9213700
9227300
9230500
9233500
9247500
9250700
9261100
9264700
9273000
9276600
9283300
9286900
9298400
9302700
9313500
9316900
9325500
9329600
9341200
9354400
9362100
9373500
9377000
9387700
9391000
9394200
9399300
9406500
9417700
9421200
9424600
9430000
9434000
9444700
9462100
9466100
9478200
9482200
9486300
9497800
9504300
9512800
9516100
9519400
9527300
9531300
9543400
9547200
9556800
9560500
9575100
9587800
9599300
9604600
9615700
9619800
9638900
9642100
9644900
9648000
9651400
9657600
9660900
9684300
9687500
9698300
9703600
9707700
9710900
9717400
9739600
9743300
9746200
9759300
9765800
9769200
9779100
9782300
9790500
9810600
9814000
9822000
9826100
9833700
9838100
9848300
9851500
9862500
9865800
9869000
9874100
9890100
9894400
9915500
9920200
9942400
9945900
9950200
9956100
9963300
9975000
9987300
9992500
