# OFFOEL
# duration (msec): 1000
# repetition number: 1
9100
14200
18100
21200
25900
29500
32900
39300
45800
49600
53000
56500
60600
63800
70900
75000
77700
81900
84900
89200
94100
105300
120400
131200
135500
138800
148000
154300
158800
171500
176500
183000
184600
192500
199500
203900
209900
213200
217300
221500
227700
231100
238200
239800
245100
258600
267100
272400
284100
288700
300700
306200
311900
322800
324300
335400
336900
340700
345100
354200
355700
364700
366200
371200
375200
385100
386600
399500
401000
415700
417200
431000
438100
443200
451500
458600
464500
470300
475600
481900
491200
498100
506300
516200
523300
529900
539000
549100
552000
558900
563000
568100
577700
586800
590900
597800
602800
612200
616100
621300
626100
630700
634300
638700
655100
661000
670400
674700
679500
684100
691300
698900
708100
714800
719600
724600
730700
743900
748200
760900
767700
772400
779300
785300
793800
801900
805600
815500
823900
831100
838000
844100
851000
860100
866300
876600
883000
894300
897900
906800
915600
919900
926000
930800
934600
939700
960800
969000
973400
980700
987300
1003100
1007400
1017100
1022000
1027500
1033300
1039500
1057800
1066100
1071300
1077200
1082600
1090300
1097400
1114300
1119600
1127900
1134500
1140400
1144700
1151200
1154900
1160700
1168600
1178600
1187800
1192900
1200700
1207200
1214000
1222100
1227000
1233000
1237400
1242200
1247000
1253800
1258400
1265400
1270000
1276900
1287600
1292900
1298900
1305000
1312000
1315900
1321200
1326200
1337800
1342500
1346200
1356200
1360500
1366900
1376500
1381700
1394600
1401700
1406700
1412600
1416300
1421600
1429200
1433400
1441100
1447800
1452100
1465800
1471400
1477000
1481800
1489000
1503000
1513200
1529500
1535500
1544400
1551300
1555500
1576300
1583000
1591000
1596700
1604800
1612100
1618400
1625300
1630000
1636500
1641900
1652600
1658000
1663500
1673400
1680400
1684900
1693200
1700400
1706800
1711100
1717200
1723800
1734700
1739800
1744900
1755400
1761600
1770300
1780000
1786100
1796300
1804000
1811200
1816600
1823100
1828100
1835900
1840800
1844800
1858100
1865200
1871000
1879000
1886800
1892400
1902400
1912800
1917100
1932800
1937500
1945200
1951900
1961900
1968100
1973500
1983200
1988700
1996800
2003500
2015500
2019800
2032000
2037200
2048100
2054800
2059400
2067200
2075400
2081300
2087100
2091600
2097100
2102200
2107800
2113000
2118800
2126800
2136800
2141100
2145600
2157800
2164100
2172000
2177400
2182500
2187200
2196000
2202400
2213800
2226800
2233400
2237800
2247300
2259100
2263600
2269000
2274800
2279300
2285300
2290500
2296100
2302200
2313800
2319200
2328400
2342300
2348900
2355000
2360200
2368700
2374300
2379800
2385500
2391100
2403500
2411300
2415900
2424000
2430000
2437200
2444000
2454300
2462500
2474800
2484200
2494900
2499000
2504800
2510900
2520200
2525000
2530800
2540800
2547500
2553900
2564900
2572500
2580800
2588200
2595700
2602600
2609400
2616200
2625400
2629900
2638900
2650000
2659200
2664200
2672700
2677700
2682500
2691700
2699400
2705600
2711800
2721300
2727500
2737200
2742900
2749300
2754600
2760900
2770700
2775200
2781100
2789000
2794400
2800400
2810700
2816800
2825900
2834300
2839700
2846900
2851800
2863000
2868700
2874000
2880200
2888300
2893900
2899800
2906000
2916200
2928100
2934700
2941800
2949500
2958000
2963900
2970000
2982800
2987400
2995200
3000100
3011400
3016600
3029100
3038000
3045100
3053600
3062400
3067800
3074200
3079800
3088600
3104300
3114500
3123000
3133000
3138800
3147600
3152700
3163000
3167900
3174500
3181000
3189300
3198300
3203300
3211300
3226300
3231800
3237300
3244400
3250500
3256500
3265400
3273700
3286800
3292700
3300500
3307000
3318500
3324500
3332600
3338600
3351700
3357400
3362800
3369100
3375100
3386300
3392800
3399400
3405600
3411600
3423100
3433600
3451500
3458200
3468400
3473900
3479500
3491300
3496300
3505400
3519000
3532800
3539000
3545500
3555900
3562200
3568600
3574900
3581400
3588700
3599900
3608700
3615800
3622300
3630800
3639600
3646400
3652500
3662200
3675700
3685500
3691100
3701400
3709000
3715600
3723400
3729000
3743400
3748900
3759000
3769700
3775000
3782500
3788900
3795800
3804900
3811500
3818100
3835400
3846100
3856800
3863400
3872600
3880800
3888700
3894200
3901700
3908900
3916200
3923600
3933500
3943700
3949800
3958000
3964700
3972700
3986800
3993400
4003400
4009400
4016700
4028200
4036500
4046300
4053400
4060300
4065900
4072000
4087000
4092400
4099900
4107600
4114400
4120600
4132100
4143700
4166300
4171800
4181100
4188400
4195300
4200600
4206800
4214500
4220600
4227000
4233300
4240600
4249200
4255000
4265100
4271000
4280100
4286300
4295800
4301200
4308800
4318200
4326400
4333900
4342500
4350900
4363400
4371200
4377600
4388800
4395800
4404900
4411400
4422700
4429300
4435100
4441400
4456100
4462700
4471700
4493700
4500400
4506300
4512700
4519000
4526100
4533200
4539300
4558800
4565200
4573900
4587600
4595700
4603000
4612600
4644100
4651700
4656700
4665800
4675900
4684200
4696700
4708200
4716500
4724900
4731800
4742400
4749500
4755900
4762100
4772900
4788300
4793700
4805600
4811600
4820300
4827400
4834100
4845400
4852100
4864100
4874800
4884000
4896700
4902700
4911000
4921400
4930200
4936100
4942900
4965200
4974300
4984100
4989200
4999100
5005000
5013100
5020200
5027700
5034400
5046500
5054800
5061600
5075800
5086500
5094100
5107500
5115100
5135000
5142400
5148000
5155200
5164200
5171100
5176300
5186400
5192500
5209000
5221000
5227100
5236800
5244500
5251400
5260200
5267600
5276300
5288000
5297000
5303600
5314700
5329300
5336000
5349500
5375300
5387300
5398900
5418800
5424300
5435300
5441000
5452400
5464200
5472700
5481000
5493300
5500400
5517600
5531600
5542500
5563400
5572600
5580900
5589400
5601600
5606700
5622200
5632300
5648300
5653300
5658700
5667500
5673100
5685300
5691500
5706900
5713400
5732400
5743200
5753700
5765300
5773800
5787700
5803800
5812400
5834800
5847100
5855200
5865300
5871000
5890100
5902100
5909300
5925000
5932100
5940100
5949100
5963900
5973500
5987900
5997500
6012300
6017900
6032700
6038400
6057400
6066700
6076400
6091500
6098000
6103900
6114300
6123200
6145000
6151900
6163800
6174700
6194400
6202100
6208700
6223900
6232400
6245800
6251600
6259200
6271500
6278700
6290800
6299400
6307700
6318100
6334700
6343700
6351000
6370300
6377200
6385300
6406200
6416400
6428600
6441300
6447500
6461400
6470400
6483500
6492900
6507000
6526600
6535500
6546400
6554700
6566400
6573500
6580500
6600300
6612100
6616600
6640100
6644600
6656300
6680700
6690000
6700100
6714500
6755800
6767800
6779700
6785400
6792700
6798500
6813100
6826300
6836700
6843000
6855700
6866500
6875200
6882200
6896800
6907600
6916600
6935800
6940500
6945600
6953200
6964100
6984300
6992500
7009200
7014300
7020400
7026300
7036900
7048000
7067400
7078900
7094700
7110800
7120800
7159700
7176000
7195800
7206400
7220000
7237400
7247200
7255700
7264800
7280700
7295400
7326000
7340100
7349700
7360300
7366200
7374800
7381600
7394900
7406800
7421100
7433500
7448200
7468100
7481900
7490100
7501700
7518400
7522400
7528300
7535400
7544400
7550400
7556000
7566300
7579600
7589800
7596000
7607900
7620400
7625500
7635100
7644600
7653400
7663200
7675200
7689900
7704300
7710700
7721600
7749100
7759000
7764100
7785100
7794500
7816400
7833000
7844300
7858800
7867400
7886900
7894700
7901600
7912200
7917900
7923000
7939300
7947000
7956500
7981500
7989900
7997200
8016900
8027900
8040700
8051400
8067000
8076800
8088800
8107300
8115500
8123100
8140500
8145500
8157600
8210200
8217500
8232200
8248500
8263400
8276600
8289600
8298700
8308600
8315000
8328800
8334700
8356800
8364800
8389200
8417300
8425600
8453600
8464500
8484100
8500600
8507900
8515600
8529500
8541400
8556800
8565600
8573000
8592300
8597500
8616400
8624100
8640400
8661500
8671100
8677800
8695900
8704500
8716900
8734700
8747200
8756000
8763000
8784500
8798600
8815300
8828000
8835100
8842900
8848800
8865500
8880800
8895400
8928500
8937600
8943200
8949400
8967200
8973200
8991000
9008600
9021900
9036400
9051200
9056000
9072000
9085300
9105200
9119500
9138000
9151800
9185900
9197800
9210100
9217800
9230500
9240800
9253700
9260300
9268600
9280100
9287900
9293500
9301100
9313200
9319000
9342400
9353900
9365900
9373100
9401100
9412400
9424200
9431800
9441200
9454200
9466600
9480300
9497600
9526100
9535200
9565400
9581800
9590700
9602900
9615500
9634000
9649200
9670100
9688000
9696400
9705600
9716000
9724600
9734600
9742100
9750900
9769800
9785100
9797400
9835500
9861700
9867500
9880400
9902000
9912500
9921600
9926000
9939100
9949600
9962100
9968500
9981200
10000700
