# OFFOEL
# duration (msec): 1000
# repetition number: 1
9400
16100
20000
25300
30000
34500
38900
45000
50300
55700
63200
65000
70200
77300
79100
82700
88900
93100
98000
104600
111400
117600
126600
128400
137000
142800
154700
159600
169900
177700
185500
193300
200500
209500
219500
230600
237200
243700
252400
263800
265500
269700
279700
290000
300000
302500
308700
319800
322600
341700
343400
359000
361700
374200
382800
391100
398500
415600
423400
433500
441600
449700
462900
478300
486400
503600
514000
532400
543500
554100
570100
578600
587400
595100
608900
616700
629600
641300
645200
651100
666100
682300
690600
699700
708300
718100
725900
738700
750000
760600
770600
783600
799100
807000
818000
845300
855400
867900
880300
892900
900700
907800
924000
937500
945700
950300
963100
974100
980100
998400
1008200
1015700
1035000
1044200
1052200
1058800
1078100
1088300
1103100
1114000
1133600
1145300
1164400
1170300
1193200
1203400
1222000
1244800
1250600
1261100
1272600
1285500
1300000
1313900
1327200
1346500
1355100
1373200
1383900
1404700
1411100
1426600
1442700
1459200
1467600
1491000
1501300
1525400
1538300
1551500
1558600
1576200
1586500
1599900
1613400
1629100
1639600
1654300
1666400
1671900
1682300
1692100
1707200
1714200
1737700
1755000
1762000
1780600
1793700
1800400
1815000
1826800
1836100
1841700
1854000
1870000
1876400
1886000
1903100
1925500
1938000
1948000
1970100
1983000
1997700
2005700
2015100
2036100
2047100
2058200
2068200
2077000
2086900
2097500
2111800
2121500
2131400
2149800
2167700
2184700
2199500
2206400
2215300
2220600
2233900
2248100
2256000
2263700
2275400
2286000
2290700
2311400
2323900
2338000
2357800
2367200
2379900
2388900
2396400
2403700
2412200
2424900
2434400
2446100
2454600
2466400
2475600
2491600
2502300
2527800
2535000
2553200
2581800
2589400
2597200
2620900
2656400
2671700
2680000
2689600
2707200
2715600
2725700
2743800
2752700
2768400
2780600
2787900
2804100
2811300
2836700
2851600
2871800
2893300
2902000
2914100
2933000
2946800
2971200
2987400
2998100
3024000
3032900
3040400
3050000
3062700
3078500
3092800
3132600
3140900
3164900
3173800
3182700
3196300
3216900
3223400
3237600
3253400
3274500
3295700
3313900
3331400
3338600
3352000
3367800
3381000
3403700
3433000
3460500
3477900
3492600
3504000
3512900
3527700
3536700
3541800
3580200
3597600
3609100
3622900
3636700
3648300
3668100
3683300
3701800
3714000
3719500
3731800
3739700
3753500
3762800
3775200
3787700
3800200
3815700
3829000
3847500
3868700
3886800
3901300
3920400
3932800
3971000
3987900
4002600
4017300
4023500
4035400
4047500
4059500
4070900
4084700
4092400
4102800
4121800
4137400
4150100
4156800
4163000
4170300
4182600
4197200
4206200
4217700
4236800
4256600
4264700
4281300
4299600
4313400
4320000
4338500
4345800
4355700
4372500
4380800
4404800
4414700
4427900
4451400
4460700
4467200
4478500
4485300
4489700
4518200
4535300
4556000
4583900
4603500
4611400
4628100
4644200
4651500
4659800
4673600
4683300
4700100
4716100
4737300
4768600
4781700
4794800
4812100
4829000
4848900
4863900
4881100
4888500
4901700
4917100
4926400
4945200
4965400
5005000
5015800
5041000
5050000
5063200
5071600
5087300
5117100
5134600
5143900
5162600
5179100
5189500
5198900
5228500
5249500
5263000
5285400
5293700
5304500
5336300
5349900
5369100
5377900
5395800
5407900
5427000
5436400
5447800
5466700
5475700
5484800
5494800
5501900
5522200
5547700
5562400
5570200
5594200
5609300
5621000
5635500
5646900
5668600
5683600
5708400
5742200
5759800
5783900
5794200
5819100
5831000
5839100
5854100
5867600
5883300
5902200
5915200
5934500
5944200
5957900
5975100
5987700
6000800
6024200
6042300
6051700
6060200
6074600
6088900
6102900
6111600
6129700
6146600
6157500
6167900
6188300
6203600
6236800
6246200
6256600
6278800
6314800
6330800
6355800
6372800
6392000
6403000
6424800
6443500
6458200
6483300
6503900
6516700
6526600
6538300
6552400
6584900
6596500
6610600
6622700
6636900
6645500
6660800
6671300
6686300
6705700
6718400
6723700
6733100
6758000
6780400
6792800
6801300
6813300
6827400
6840800
6846600
6858600
6890800
6901400
6911400
6924700
6954400
6974800
6986900
7002300
7044100
7053900
7073100
7083900
7095900
7115900
7129500
7147000
7163200
7176700
7184500
7200400
7223800
7241100
7254100
7266500
7283800
7309500
7331100
7351300
7370100
7391100
7409900
7428300
7449400
7481900
7500700
7520700
7535200
7547700
7561000
7576000
7601300
7625500
7652100
7666600
7695100
7719100
7731800
7744700
7756800
7782900
7794000
7809000
7834400
7873200
7892800
7906300
7917800
7925200
7944600
7976800
7998000
8007600
8031100
8041300
8050500
8068800
8095800
8118600
8129600
8140200
8155200
8167500
8176500
8192100
8205000
8216000
8231600
8238000
8253600
8294100
8307600
8333300
8355900
8366400
8400100
8416600
8427200
8439600
8449600
8466900
8491300
8509300
8515900
8545800
8567300
8581100
8601800
8612100
8623500
8640500
8657800
8665800
8673000
8683900
8694400
8713500
8727800
8738000
8754800
8765400
8776000
8798300
8806700
8821100
8834400
8846900
8864900
8880900
8892200
8908900
8936700
8959300
8972000
8977500
9000200
9007600
9019800
9032300
9055100
9076300
9098000
9112900
9135300
9151000
9167300
9186500
9227300
9246600
9257500
9296600
9309100
9324700
9338800
9367900
9377400
9406100
9414300
9434400
9451300
9459900
9473600
9485700
9513600
9530400
9543200
9549500
9587100
9601800
9620900
9636400
9649500
9670000
9681000
9694800
9727900
9755000
9770700
9794900
9811700
9825400
9847200
9873800
9898300
9913200
9927700
9939600
9960100
9980400
9988900
