# repro call number: 0
# mode: 2
# signal: 2
# stimulus file: /extra/setup/oel/stimuli/receptorInfo/gauss_st12_co200.dat
# carrier freq (kHz): 5
# stimulus length (msec): 1000
# pause between stimuli (msec): 700
# length of ramp (usec): 1000
# desired firing rate (Hz): 100
# standard deviation (dB): 12
# cut-off frequency (Hz): 200
# repetition number: 0
# duration (msec): 1000
# intensity (dB): 100
7800
10800
14300
17300
31000
36300
39300
55100
58000
68700
78200
86800
116600
123100
126200
130200
136500
155500
158600
172700
187900
208600
234300
237500
243100
268700
280600
285200
291000
305500
315700
324900
356200
361100
367100
370900
381400
421300
426500
433000
478500
481600
492100
503500
507000
530400
548200
551300
582300
585500
588600
593000
596700
619000
647800
653100
658800
662000
665600
687400
690800
694600
697800
715300
718700
726000
744500
751000
757400
782900
797100
805700
817000
820200
823100
826000
850300
853700
872400
875800
883600
891400
898400
905800
931000
934400
948000
957600
968100
972800
997200
1001600
1033200
1036600
1044100
1071800
1112300
1126800
1130100
1141600
1150000
1176500
1179700
1195400
1198600
1207700
1218800
1224800
1229800
1238100
1268600
1275100
1288500
1293500
1300100
1303800
1313500
1344000
1350900
1359900
1363500
1366800
1370700
1380600
1385900
1395000
1409900
1416000
1422800
1451900
1455200
1458100
1476400
1481000
1492400
1500900
1506700
1512500
1527700
1532200
1548500
1563100
1568800
1574400
1582500
1603500
1613800
1617700
1628500
1633700
1640100
1648300
1654000
1690300
1696000
1701800
1705400
1714600
1720800
1739300
1742700
1749600
1756800
1762000
1783300
1789600
1800800
1828800
1834700
1855300
1861700
1905800
1909200
1916300
1931300
1939100
1951100
1961700
1985100
1988500
1992300
2000500
2038100
2042700
2047800
2056000
2089000
2111000
2114500
2127200
2131400
2135800
2157100
2163600
2167000
2176500
2188700
2192400
2196600
2206300
2214000
2223700
2244500
2274100
2281700
2285100
2291100
2295700
2306300
2311700
2338200
2358300
2372900
2378700
2406200
2428500
2439800
2446100
2456700
2470100
2479900
2498100
2509300
2521000
2532400
2540400
2557900
2561400
2567800
2576400
2579800
2583800
2613700
2636700
2643700
2656000
2664400
2671000
2676200
2684200
2706100
2711600
2723400
2750300
2777900
2793500
2800500
2809600
2813200
2824100
2836100
2858400
2862200
2873300
2877100
2890200
2911600
2917400
2920800
2934600
2938200
2947800
2968400
2972200
2988500
2994700
3016000
3042100
3050900
3057900
3062700
3082500
3092300
3099000
3153100
3163400
3174800
3183900
3191100
3196700
3202000
3212200
3222100
3230000
3233900
3237800
3251900
3283200
3291200
3295200
3299900
3305200
3309800
3318500
3331200
3337000
3342900
3357900
3361500
3365400
3369400
3379300
3384600
3414100
3419500
3424800
3457200
3464000
3476300
3480300
3486100
3511100
3517200
3524500
3540300
3549900
3559400
3571000
3581300
3592800
3605200
3620000
3634300
3660700
3670900
3677500
3694500
3722100
3726000
3744800
3754200
3758700
3762000
3771200
3805900
3813400
3820700
3846800
3855400
3858900
3876200
3886100
3900800
3911000
3941900
3945900
3967300
3976000
3994400
4006500
4041600
4049900
4053400
4062600
4076700
4080100
4101600
4112600
4132600
4144100
4150800
4172600
4206000
4227000
4235600
4246800
4250400
4253900
4269000
4272900
4280100
4286500
4297800
4303200
4308500
4312100
4321500
4329200
4346200
4350200
4354800
4380200
4406800
4414500
4427800
4435900
4444300
4455700
4471100
4483600
4510200
4547700
4575300
4585900
4606400
4626000
4633200
4637400
4642500
4646200
4658300
4661800
4665200
4675200
4684100
4722800
4732700
4771500
4788400
4794100
4805400
4826200
4837900
4845500
4853300
4865500
4877300
4901200
4904600
4907600
4912300
4919100
4928200
4960000
4972400
4983300
5028200
5039300
5050200
5053600
5062400
5072300
5084100
5100900
5107100
5124500
5129900
5133400
5152100
5157000
5181900
5188400
5194900
5251000
5257300
5288600
5300900
5345000
5355600
5359200
5367100
5389600
5396300
5402700
5416700
5427900
5451000
5459700
5463200
5476300
5486300
5489800
5498900
5506900
5516400
5521300
5525100
5566100
5576700
5581100
5642200
5645700
5655100
5678800
5683900
5691400
5703700
5714300
5725100
5730600
5757700
5780200
5786600
5790300
5812100
5816800
5820700
5824400
5833200
5866600
5870200
5875300
5886800
5903000
5920400
5926900
5941900
5947700
5968100
5971900
5975200
6018800
6031600
6048100
6051500
6054600
6077600
6094400
6102200
6126600
6132700
6136400
6141500
6151100
6155000
6178900
6191500
6195600
6210800
6215400
6226100
6229500
6234800
6241500
6254600
6262200
6283000
6286600
6332900
6339500
6360000
6382900
6408600
6414300
6428100
6431400
6437100
6444900
6453000
6456600
6459700
6464600
6479200
6484400
6507000
6512700
6537000
6540700
6544100
6550700
6565100
6574700
6580300
6595300
6605100
6616200
6627100
6631300
6634900
6638700
6646800
6657700
6682000
6695800
6724800
6731700
6744600
6768400
6780500
6800600
6812000
6817400
6831300
6870300
6885300
6896500
6904000
6925600
6931300
6944200
6947800
6953600
6970600
7000200
7007500
7011200
7016500
7034900
7038400
7043200
7061900
7070300
7080400
7086500
7090000
7119400
7135300
7148300
7169000
7188300
7195600
7208000
7222800
7231700
7253000
7258800
7286500
7295200
7304600
7321700
7329600
7347600
7351100
7373300
7387300
7410500
7415300
7420600
7430100
7437300
7441000
7444300
7469400
7474100
7495800
7506800
7513000
7536200
7591400
7604700
7614600
7623200
7644000
7647500
7652000
7660400
7671900
7686200
7689700
7701800
7712300
7719600
7729900
7752800
7765800
7772000
7788500
7792000
7795100
7798900
7805900
7855300
7861600
7875900
7879400
7894300
7902700
7906400
7912800
7925400
7934600
7944500
7975800
7980500
7993200
8013800
8027400
8083500
8116100
8119700
8128500
8132000
8141100
8153600
8158700
8162100
8172900
8177300
8206400
8209900
8220600
8256300
8279200
8282700
8310800
8322600
8326200
8339700
8373900
8384900
8391400
8426600
8430200
8443200
8456500
8466700
8472700
8482500
8493900
8508100
8522400
8538300
8553200
8559000
8576100
8608200
8611800
8617900
8646100
8678000
8687000
8698000
8713900
8719200
8737400
8757200
8762400
8785900
8813400
8820900
8824800
8835500
8843700
8847300
8866100
8873900
8880100
8893600
8919100
8928200
8931900
8941800
8946900
8950400
8953800
8959400
8965800
8972400
8991900
9018600
9022100
9037000
9045300
9095200
9136200
9146800
9150300
9167400
9170800
9175700
9196600
9200800
9215000
9231800
9237900
9245800
9256500
9260400
9263900
9270300
9294500
9298000
9326200
9347600
9365900
9376100
9380500
9405200
9409000
9415700
9422300
9448400
9462900
9469900
9486700
9492900
9502200
9505600
9530900
9551100
9558100
9569400
9572900
9588500
9598400
9623000
9626600
9637900
9641900
9649700
9653800
9662900
9672900
9676600
9681500
9686400
9713700
9717300
9734800
9739600
9762000
9768100
9825300
9834700
9854200
9876000
9880200
9886700
9894300
9899500
9908200
9917400
9928800
9965900
9977400
9991000


