# repro call number: 0
# mode: 2
# signal: 1
# stimulus file: /extra/setup/oel/stimuli/receptorInfo/gauss_st6_co200.dat
# carrier freq (kHz): 3.5
# stimulus length (msec): 1000
# pause between stimuli (msec): 700
# length of ramp (usec): 1000
# desired firing rate (Hz): 100
# standard deviation (dB): 6
# cut-off frequency (Hz): 200
# repetition number: 0
# duration (msec): 1000
# intensity (dB): 83.8889
5400
8000
10600
13400
17200
23300
26300
29300
36700
40500
45300
48200
51300
59900
66900
74500
79500
82500
86000
92600
103800
116100
128600
134100
144700
147500
157400
170400
181800
188200
197900
207400
211200
215800
218800
227200
243100
255600
259500
268300
274300
284500
298500
304300
311000
326200
335000
342800
346200
352100
360700
367900
370900
386100
396500
401700
411900
417300
426900
439200
455200
460700
467800
473800
479300
482200
487600
496100
503100
527400
538000
547000
554100
557100
562800
582900
589300
594900
609400
613400
624600
632100
657900
669600
674600
681300
689000
703000
715000
718300
723200
739700
742900
758500
769400
783400
790100
793200
800000
811900
827800
834300
848400
856300
864600
881900
892500
901700
905300
918800
928300
937000
940500
957600
960900
965700
972300
978200
990400
1001600
1007500
1024000
1029000
1055500
1065500
1069500
1073700
1079700
1086500
1089900
1094500
1113300
1127500
1134800
1145000
1151900
1155500
1159200
1175000
1184600
1190400
1197800
1210500
1213900
1223400
1233900
1240300
1244500
1254600
1267400
1274300
1284800
1289500
1295600
1298900
1311500
1315200
1337300
1343600
1355600
1364600
1377900
1383800
1392400
1398100
1403500
1411100
1414300
1419900
1430000
1450000
1465900
1477300
1486200
1489600
1499200
1509900
1516000
1531000
1541600
1547100
1553700
1580200
1586600
1592500
1595900
1608600
1615900
1627500
1634600
1638800
1641900
1656400
1662000
1671000
1677800
1691800
1699500
1704400
1707700
1714600
1722100
1733100
1737500
1742200
1756300
1780800
1800700
1813600
1825400
1833500
1840800
1854600
1871900
1877200
1889000
1898600
1913700
1933900
1948600
1959800
1965500
1970600
1986600
2000200
2015100
2018200
2029500
2033500
2051400
2056200
2070500
2077900
2083100
2089500
2099000
2109100
2114200
2134100
2138600
2163200
2170200
2181300
2191700
2211300
2230200
2235400
2242500
2256400
2265200
2277700
2280900
2284500
2289900
2294900
2302800
2317200
2326600
2339100
2345600
2370400
2376100
2382300
2391900
2400900
2411900
2425100
2433800
2441800
2452700
2458900
2480400
2491700
2495600
2499100
2510900
2517000
2526600
2544300
2562100
2577100
2582500
2587700
2593700
2599600
2612700
2623700
2628200
2638400
2648700
2656300
2662200
2675200
2691500
2697000
2700200
2723800
2738600
2741600
2749800
2755400
2768100
2774900
2795700
2800800
2808500
2816600
2822200
2825600
2836800
2842200
2848200
2859600
2864800
2877100
2894900
2913000
2924600
2930700
2936600
2940100
2947100
2956200
2961200
2967000
2981800
2996100
3013100
3025400
3037900
3042300
3055400
3062300
3080000
3089100
3092800
3101600
3112400
3121000
3133700
3143300
3151900
3163200
3166900
3172400
3187000
3198700
3211900
3215200
3229500
3234900
3252800
3260400
3270100
3278100
3283800
3289100
3321700
3337500
3349700
3354700
3367200
3375400
3384000
3391300
3397400
3401500
3422400
3430300
3449300
3455600
3466100
3470600
3476000
3482200
3493900
3506100
3512300
3536800
3540100
3544700
3553000
3556800
3570900
3579500
3586500
3595900
3608400
3618900
3632600
3641400
3650300
3660100
3671700
3678800
3684400
3687700
3712000
3722900
3730000
3744700
3750100
3755800
3761200
3771000
3785700
3794000
3803000
3807800
3811000
3819400
3833200
3836900
3843000
3860500
3877700
3890400
3898900
3906000
3915200
3921300
3930700
3955700
3969300
3984500
3999800
4004900
4010900
4017100
4043100
4050000
4058200
4064200
4067600
4075300
4083400
4088000
4104600
4120100
4131600
4161900
4169800
4175300
4186400
4190900
4202700
4213200
4217400
4224100
4227600
4233400
4238900
4250200
4265300
4282200
4297400
4304200
4314200
4319900
4324700
4331400
4348600
4369200
4389500
4393300
4400300
4407300
4413200
4424700
4430800
4446000
4453400
4463700
4469600
4478500
4489800
4502200
4507000
4523000
4535700
4540100
4556800
4563400
4587800
4593200
4598800
4610800
4626400
4640000
4650800
4662700
4666200
4672000
4684900
4705200
4714100
4728600
4739700
4743700
4753400
4759800
4784100
4792300
4796600
4802300
4808300
4829000
4834300
4848600
4872400
4881800
4894700
4900200
4908600
4924700
4933400
4963600
4979300
4983600
4988600
4996400
5001300
5004500
5018200
5031400
5035100
5057200
5060400
5073700
5082400
5087000
5092800
5111600
5131800
5137100
5144600
5155500
5159500
5171800
5175900
5182300
5205500
5211600
5217300
5224500
5235000
5243000
5263100
5276100
5279900
5285200
5294600
5300400
5304000
5325000
5333300
5347300
5360800
5364500
5371000
5386100
5396400
5416200
5421400
5433300
5437800
5448400
5458900
5469000
5475700
5481700
5495700
5499700
5511800
5519100
5528800
5531900
5543600
5560000
5567100
5573400
5577000
5622100
5633700
5644000
5647400
5653600
5661300
5679000
5687000
5690800
5704200
5708900
5730400
5753400
5756900
5763000
5770300
5784900
5792600
5800700
5808200
5828300
5834000
5840900
5849000
5861600
5869800
5873900
5884800
5898900
5916300
5921900
5926500
5934300
5938700
5960300
5990500
6007200
6028600
6035100
6050800
6056400
6062500
6066800
6073100
6088600
6095300
6099800
6115700
6121400
6143200
6148500
6160900
6174800
6189200
6192600
6198700
6205700
6209100
6219900
6241800
6247600
6255400
6270000
6274100
6295700
6304800
6312500
6335200
6338400
6347700
6372200
6382000
6400500
6406100
6415500
6425600
6436800
6443800
6453300
6466000
6471900
6477700
6504400
6532900
6543500
6549600
6556800
6561400
6569900
6578800
6584400
6597000
6613500
6629700
6634500
6642200
6656200
6660000
6687700
6693200
6712400
6720800
6726800
6733300
6758000
6765000
6782400
6788100
6794200
6798500
6812700
6832000
6839000
6850900
6863400
6870600
6878100
6894600
6897900
6908800
6930600
6934900
6939700
6960000
6975500
6981500
6989800
7003000
7007400
7017400
7023100
7029700
7063400
7069200
7075600
7091500
7108200
7120100
7141800
7152200
7157800
7171400
7192300
7203100
7210700
7217400
7230400
7236700
7243700
7250800
7258600
7280100
7296000
7314300
7321500
7325400
7340800
7347300
7351700
7362600
7371400
7390600
7404800
7418400
7423000
7429500
7450300
7461200
7466700
7480000
7488500
7499300
7503500
7515200
7519800
7526100
7534300
7540800
7546900
7558400
7564400
7576700
7592100
7600700
7615700
7621500
7629800
7640500
7659700
7671300
7681800
7688700
7700800
7706900
7714400
7726800
7745400
7753400
7764500
7785300
7791200
7818000
7822700
7828600
7833000
7855400
7860300
7864100
7872300
7895700
7902800
7912600
7917600
7922400
7932800
7938600
7943700
7966500
7977900
7984200
8013400
8017000
8023800
8038300
8051700
8063900
8082200
8088700
8102300
8108000
8121000
8129000
8136500
8143400
8151500
8155400
8175000
8196100
8205400
8213300
8228500
8241100
8247000
8260700
8273400
8293300
8296400
8308000
8312000
8324700
8331600
8345700
8352700
8358600
8368200
8385700
8395900
8412100
8417500
8421800
8442300
8457900
8477600
8483700
8497700
8500900
8506100
8515700
8526400
8547000
8557900
8568900
8579600
8590800
8612400
8621300
8625600
8639700
8657800
8665800
8679500
8692100
8700800
8707800
8724300
8731800
8743700
8750800
8759500
8765300
8781600
8795100
8814700
8823500
8826600
8831400
8840600
8846000
8854400
8871000
8890700
8917500
8923600
8928700
8935400
8944800
8962800
8970200
8996200
9004300
9008100
9017900
9038500
9049100
9060000
9065800
9069500
9081900
9101000
9116200
9119800
9147000
9160000
9176700
9180900
9195300
9198900
9206700
9214900
9236200
9240600
9249100
9257300
9265700
9275100
9286800
9292000
9299200
9307800
9311200
9338500
9348000
9368400
9390800
9397100
9408200
9420800
9435500
9450300
9462700
9476100
9479800
9492700
9516800
9532700
9555900
9563900
9577500
9587200
9598300
9612400
9618000
9630600
9644500
9664000
9681100
9692300
9701500
9709900
9728900
9739800
9766100
9778100
9792600
9807100
9822700
9833900
9847000
9859400
9873900
9897500
9910600
9914300
9918500
9923500
9929000
9934700
9944600
9956100
9963300
9977100
9997700


