# OFFOEL
# duration (msec): 1000
# repetition number: 1
3900
6000
10300
12300
21600
23700
35800
39100
43600
50100
57700
60200
64700
77500
79700
85300
90400
102400
114200
125900
133800
142700
144800
154900
179200
186500
198500
206900
210100
215500
218200
224300
240600
252200
257100
266600
282300
296200
301800
304500
310200
334300
340400
349300
351400
358900
361500
366300
369200
384700
394300
396400
400900
409700
415700
418200
425400
437600
453500
458900
461000
471500
477300
479400
485900
493900
496000
500900
526700
535900
545700
551700
553800
555800
561200
581700
585300
592600
604000
609400
612300
614600
624600
629600
631900
649500
657100
669700
672700
675900
680200
687300
701700
713500
716200
725500
738100
740300
742700
756700
788400
790600
797800
810400
825400
832500
846700
854800
862600
864700
881600
891000
901300
926300
928900
935900
938200
954300
956900
959700
964800
976200
999500
1001600
1021300
1027600
1054800
1064000
1070200
1077100
1079200
1085100
1092700
1110400
1132000
1149700
1152200
1156000
1173600
1181400
1188200
1195600
1208900
1231700
1237900
1242400
1244700
1253800
1265300
1272500
1283300
1287600
1290500
1293900
1296800
1308800
1310900
1313300
1335700
1341500
1361400
1375900
1390300
1392400
1397500
1408800
1411000
1416800
1428000
1447900
1475100
1477300
1485100
1487500
1496500
1525000
1540200
1546400
1552200
1578000
1584900
1590800
1592900
1613500
1625300
1632600
1637000
1639100
1653900
1660100
1676200
1690700
1697400
1702900
1713200
1719300
1734400
1740100
1742500
1754300
1766100
1778300
1784400
1811900
1824200
1831300
1840000
1852800
1855800
1874600
1887300
1896500
1899300
1908200
1912500
1932000
1934100
1947100
1957800
1963800
1968600
1998200
2013800
2015900
2027100
2031400
2043000
2065000
2068600
2080300
2082400
2096900
2102300
2107500
2112300
2114500
2132400
2134600
2159800
2168000
2179800
2182700
2190200
2209500
2228300
2233900
2240100
2253000
2255300
2263100
2265300
2274800
2278500
2280600
2291900
2314400
2317900
2338300
2344000
2368500
2374100
2380300
2389300
2399100
2401400
2410300
2431400
2433600
2439200
2451300
2457100
2478300
2490300
2495600
2497900
2508900
2519800
2524300
2526700
2544400
2561400
2575400
2585900
2591400
2593900
2598000
2600500
2610200
2612600
2622100
2624800
2627000
2637000
2647000
2659500
2672800
2689500
2695400
2697600
2722700
2736700
2738900
2748300
2753300
2766100
2795200
2805900
2808000
2820600
2823600
2834800
2840200
2846100
2857400
2867100
2875800
2893600
2911800
2923300
2929100
2935100
2937700
2944800
2954300
2957100
2966200
2980500
2993500
3012000
3023900
3036300
3040700
3053000
3058700
3063200
3086300
3088300
3110500
3118900
3131600
3149400
3161400
3163600
3168300
3184900
3187200
3197500
3210300
3212700
3227300
3232700
3245400
3259500
3269100
3275600
3282200
3287500
3293900
3303200
3337400
3348700
3365600
3373600
3382500
3389400
3399700
3421000
3428700
3447800
3453000
3467300
3469600
3474200
3479800
3491600
3493700
3504700
3535200
3537400
3542500
3550600
3553000
3568400
3576800
3586800
3592900
3607400
3617800
3641800
3647600
3658900
3669800
3684400
3686700
3710800
3722900
3743500
3747400
3753100
3755400
3765500
3769300
3784500
3800300
3805800
3808000
3817900
3832500
3834700
3841000
3858300
3875200
3888500
3897400
3901100
3912300
3918400
3920900
3953800
3968100
3972600
3998600
4003200
4005900
4009300
4016000
4041500
4048100
4059700
4062700
4064900
4071600
4074800
4082000
4085700
4088000
4102500
4113300
4129100
4168900
4173700
4184200
4188700
4200700
4214800
4221400
4225300
4227400
4231300
4236600
4247800
4250000
4279300
4290600
4295500
4297700
4302200
4312300
4314500
4321100
4324000
4346600
4369400
4385000
4390300
4398800
4404300
4411700
4423100
4429100
4444400
4447400
4452700
4461700
4468000
4483300
4487400
4504800
4506800
4522000
4531700
4537300
4554600
4561400
4563800
4584700
4591900
4597800
4609400
4637400
4648800
4669000
4671500
4695400
4706800
4712200
4715000
4726300
4737300
4739700
4744500
4753100
4758800
4780400
4789400
4793900
4800600
4806000
4808100
4820700
4826600
4844300
4869100
4880000
4882200
4891600
4897600
4899800
4906900
4922800
4929900
4932600
4958900
4978100
4980300
4986100
4994300
4999100
5001300
5022300
5029500
5031700
5034100
5055300
5057800
5071100
5084800
5087000
5090500
5092600
5110000
5112200
5135400
5142200
5153400
5163700
5170900
5180200
5203600
5209700
5214900
5220900
5241100
5243800
5254900
5274500
5283000
5291000
5299300
5322400
5324900
5331200
5345300
5352100
5362000
5364100
5369300
5383900
5392900
5418800
5424600
5430600
5435600
5437600
5451000
5456700
5467400
5473900
5479500
5493900
5496500
5509900
5516100
5526900
5529000
5537700
5558300
5565600
5572600
5575900
5588700
5620600
5641100
5643700
5651700
5654100
5658800
5677100
5686300
5689100
5702200
5704400
5726300
5749400
5753200
5755400
5760800
5763200
5768400
5770500
5790300
5799700
5806300
5809700
5826100
5830900
5840200
5842800
5847200
5849600
5860000
5869000
5883000
5895600
5913800
5919500
5924800
5935800
5949000
5958700
5983900
5991500
6005300
6027600
6033900
6048800
6053600
6063700
6070600
6092200
6094400
6106900
6119100
6144600
6159400
6168800
6186600
6189400
6197000
6203400
6205600
6217800
6220000
6246000
6252100
6267400
6272000
6274300
6294500
6302500
6310600
6312900
6327300
6332900
6335000
6345900
6371300
6385500
6398500
6403800
6414300
6423500
6434500
6440000
6464000
6469000
6471700
6475900
6503000
6521100
6530600
6541000
6547600
6555100
6557700
6562000
6568000
6570500
6576000
6582100
6595100
6611700
6631800
6640300
6652300
6657100
6685600
6696700
6708500
6717600
6733100
6749900
6756500
6763000
6765400
6779700
6785600
6787900
6793200
6810900
6814900
6831600
6837000
6839300
6844300
6849600
6869400
6875900
6892200
6894400
6906300
6929100
6936900
6958200
6973900
6979100
6988800
7003800
7007000
7014300
7020300
7026800
7047600
7062000
7067400
7073500
7099500
7117600
7133900
7139400
7149900
7169800
7172300
7191300
7207100
7228100
7234000
7236200
7241700
7248200
7255600
7258500
7275300
7292800
7299100
7320100
7323300
7333800
7339400
7345300
7349700
7360100
7362400
7369200
7371900
7387200
7405700
7417000
7426000
7446700
7458800
7463600
7477900
7485200
7496900
7501900
7512200
7517700
7523200
7525600
7532600
7538600
7543500
7550200
7556100
7562200
7564600
7575500
7590200
7592600
7597400
7618800
7625500
7638200
7640800
7663400
7672900
7679500
7684600
7690500
7699100
7705100
7711300
7713700
7719700
7725400
7744000
7751300
7783500
7790000
7810200
7816100
7820400
7827200
7857300
7859900
7863100
7869800
7895600
7899900
7911000
7915300
7930700
7936700
7942400
7951500
7957800
7965000
7971500
7981700
7984200
8012200
8015200
8022400
8025000
8046000
8060400
8073100
8079900
8086700
8088900
8100700
8126900
8136100
8150800
8157800
8167800
8174100
8194000
8203600
8205900
8225800
8239800
8244600
8259500
8291200
8293300
8295400
8302600
8306600
8309100
8323300
8344500
8350700
8356400
8367000
8383000
8393400
8395700
8410100
8416100
8420400
8455900
8476100
8481700
8484200
8495500
8497700
8499900
8502800
8520300
8534100
8555600
8566800
8578000
8588100
8590900
8595100
8617700
8622900
8635300
8652400
8657600
8664300
8666700
8677600
8690300
8699300
8706100
8711100
8722300
8730600
8742200
8748400
8750600
8763100
8771000
8779300
8781600
8793600
8797000
8813500
8821200
8823500
8838500
8844400
8859200
8869900
8891700
8895200
8915700
8921100
8927500
8934700
8942400
8960900
8967800
8994800
8997100
9002600
9004800
9016200
9038200
9046600
9048800
9058700
9063700
9067700
9069900
9079800
9095900
9114100
9116300
9131700
9147200
9169600
9179100
9181500
9195400
9198400
9205100
9207500
9211800
9232800
9236200
9247400
9255300
9264800
9273100
9284400
9290600
9296900
9305100
9307300
9336600
9346600
9367500
9375100
9389100
9395400
9406000
9409000
9418900
9434500
9448000
9450700
9460400
9462600
9475100
9489900
9513600
9530700
9554200
9561300
9576000
9585000
9596800
9609900
9616000
9629600
9642300
9644500
9662800
9680200
9684700
9690700
9699600
9727000
9729300
9738200
9764800
9776700
9791100
9816200
9820400
9844100
9857000
9872700
9875700
9895400
9910200
9914400
9921000
9925500
9942700
9953600
9956000
9961800
9975000
9977300
9996500
10643100
