# repro call number: 0
# mode: 1
# signal: 1
# stimulus file: /extra/setup/oel/stimuli/receptorInfo/gaussModality_co200.dat
# carrier freq (kHz): 2.5
# stimulus length (msec): 1000
# pause between stimuli (msec): 700
# length of ramp (usec): 1000
# desired firing rate (Hz): 100
# standard deviation (dB): -1
# cut-off frequency (Hz): 200
# repetition number: 0
# duration (msec): 1000
# intensity (dB): 64.7619
6000
11900
21600
24100
33500
41400
44400
57200
59800
73500
79000
83700
90600
96300
99800
104800
120500
129700
164400
172500
181400
184000
186600
193000
201700
212500
224200
232400
235100
239100
245800
256200
259800
268700
287600
297200
306600
310900
320700
324400
327600
342600
356800
359500
364800
370800
378900
385000
400400
408100
418200
421000
431300
449400
454300
457100
461500
473000
484400
490000
504500
510600
523200
529900
550700
555300
566600
579400
593500
601200
616700
625600
637200
645100
661400
668700
685600
703300
709100
714200
716800
726700
740600
751300
755900
760700
771900
778800
786800
791700
794600
805100
815400
818200
832200
839100
842100
850200
859600
864400
874700
888700
891400
902200
911400
919900
938400
955600
959800
966000
972900
981000
988100
997700
1003000
1008300
1016800
1022800
1035600
1046600
1049500
1061000
1074800
1078000
1084200
1095300
1106100
1128600
1141800
1145500
1171500
1175900
1180300
1188000
1200400
1207800
1217700
1230500
1259200
1266200
1296500
1319800
1325300
1328300
1335000
1345200
1354100
1365400
1374200
1380700
1390100
1407900
1424100
1427800
1433600
1447600
1467000
1484800
1488000
1493500
1500100
1506400
1510400
1515600
1521400
1528300
1546300
1575400
1578900
1591400
1596300
1604700
1611200
1616100
1620200
1627000
1641600
1650600
1656000
1668300
1679400
1682300
1686300
1701000
1706600
1717000
1731900
1740400
1764600
1769000
1771800
1789600
1801700
1807600
1824600
1828300
1849800
1862200
1872500
1882300
1899500
1903500
1909300
1919700
1923900
1935200
1939300
1951000
1957500
1960400
1969200
1974600
1991400
1995600
2002300
2017700
2048500
2063100
2068300
2072300
2075000
2084800
2091700
2098700
2105900
2108700
2145300
2150200
2160200
2163000
2165600
2180200
2201000
2216800
2229800
2247700
2250600
2272200
2277700
2280900
2285400
2306900
2313400
2329000
2340500
2347800
2362800
2369200
2384600
2390500
2396800
2407500
2421300
2432400
2437900
2441200
2446600
2454000
2472400
2504800
2508600
2512400
2515500
2527500
2554000
2570100
2577700
2582300
2594300
2605800
2618000
2622500
2630000
2641300
2644500
2655600
2664500
2686900
2697800
2704100
2708900
2713100
2726800
2734500
2740700
2754000
2759700
2762900
2781600
2798400
2806200
2810800
2823800
2832700
2839500
2846600
2854500
2860300
2866200
2878800
2889500
2896200
2901300
2911400
2915400
2937200
2949000
2952000
2962500
2968400
2978200
2991800
3006600
3013900
3030400
3046100
3050900
3058500
3066700
3070800
3084500
3087200
3095200
3101400
3107900
3117500
3122400
3131200
3136800
3140200
3165900
3174700
3178100
3187100
3202100
3214000
3219500
3225900
3247100
3255600
3261600
3273300
3276900
3287300
3297100
3310200
3321600
3326300
3329000
3333300
3358600
3364200
3375200
3378200
3395500
3401500
3411500
3416800
3422400
3438300
3442700
3452600
3462700
3479600
3492300
3509200
3516600
3523200
3526200
3538800
3549700
3557300
3566800
3572000
3578000
3581100
3591500
3608100
3623400
3632100
3635000
3641900
3652700
3665500
3671500
3679900
3701100
3710400
3724100
3730700
3737800
3750300
3766100
3771300
3791600
3797000
3799700
3818300
3841300
3849300
3853600
3856800
3864400
3870600
3877700
3881000
3899800
3914700
3923200
3930100
3936100
3939800
3953800
3959600
3966300
3978200
3992500
3996300
4003500
4006400
4015700
4022200
4025200
4037500
4048600
4054100
4061700
4076300
4087300
4096300
4103800
4115600
4129200
4142900
4145700
4163500
4178100
4184300
4192100
4206400
4213100
4216000
4222100
4233900
4239300
4251200
4259200
4269700
4285600
4292400
4309900
4315600
4322400
4339200
4345500
4356000
4365200
4380400
4397400
4404000
4412100
4417500
4420700
4431200
4440800
4447000
4460300
4473600
4483500
4489000
4504500
4514800
4517500
4522800
4532800
4549100
4588500
4592800
4597600
4604400
4608600
4611400
4626800
4632000
4642600
4661400
4664400
4674600
4688400
4701300
4705400
4716000
4720900
4726200
4732200
4742300
4748000
4758800
4765300
4794600
4798500
4815300
4825400
4835400
4844900
4852400
4858800
4877200
4889900
4893100
4898100
4924000
4938100
4945300
4950400
4961000
4980700
4983500
4988000
4995100
5002600
5006600
5013100
5021600
5028400
5044800
5058500
5064800
5072200
5092600
5098300
5112000
5116600
5119900
5132000
5137000
5140400
5143700
5178700
5194100
5198900
5224900
5230300
5260800
5266000
5285400
5291000
5300200
5302900
5307000
5319900
5322900
5330000
5349200
5361600
5368400
5390100
5402100
5410000
5419000
5421800
5437400
5444900
5453800
5459100
5466100
5476900
5479900
5506800
5514600
5517600
5526700
5532700
5543800
5547700
5556800
5563600
5567100
5570000
5586800
5602300
5609200
5618900
5629000
5644000
5648600
5664200
5668300
5683000
5686400
5692800
5699300
5709400
5715700
5739600
5756100
5760700
5770400
5783200
5786500
5792300
5798000
5814400
5820000
5827000
5864200
5870900
5898400
5906900
5911200
5925000
5933100
5941200
5947700
5994500
5997300
6006500
6009700
6014900
6033600
6047100
6055100
6071000
6076500
6094500
6108500
6113600
6125200
6131300
6137400
6145500
6152700
6157000
6169200
6177000
6182700
6187800
6194700
6202900
6208900
6213900
6217300
6250400
6260800
6267200
6290600
6302200
6310900
6325900
6330100
6346300
6361600
6374400
6379900
6393300
6400700
6405500
6421400
6427700
6438000
6443800
6460400
6465200
6486900
6501000
6507700
6514900
6524800
6543400
6551200
6572800
6586600
6589800
6596300
6608200
6634100
6638500
6645000
6651300
6658900
6668900
6680100
6687900
6699400
6707100
6717100
6721400
6734700
6739300
6743800
6752200
6768100
6777300
6784000
6799400
6808800
6820000
6826400
6829600
6834400
6844900
6858900
6861800
6871900
6881700
6902000
6911800
6926400
6936400
6942400
6950300
6957200
6970700
6983000
6986400
7014200
7020500
7028600
7042000
7045700
7064500
7073100
7078900
7082900
7098900
7113900
7122100
7127800
7133100
7138900
7145200
7157700
7172700
7181300
7193200
7201600
7222200
7226100
7229500
7244900
7249200
7260000
7267500
7274000
7279400
7287000
7312500
7322600
7329300
7340400
7353200
7359500
7374900
7394800
7405700
7426800
7443800
7460800
7470800
7490100
7500400
7503800
7508900
7513300
7524800
7531900
7551500
7557200
7581800
7584900
7592400
7602300
7605300
7627700
7632200
7644200
7654900
7657900
7668800
7681400
7687900
7716700
7733600
7736500
7744400
7750300
7768400
7775700
7782800
7788600
7800000
7809800
7817700
7821600
7833700
7844300
7857900
7871600
7877200
7884500
7889100
7899100
7905900
7909300
7915000
7943800
7959100
7961900
7971000
7974500
7996600
8005300
8015700
8028400
8038100
8056700
8061800
8068200
8076700
8089000
8092400
8104200
8115400
8126700
8143100
8162000
8165200
8172300
8183800
8193700
8204400
8209400
8224700
8232900
8241400
8248100
8251200
8257100
8273900
8289200
8299000
8308900
8314700
8336600
8344600
8347600
8353400
8364700
8371300
8392300
8398900
8412400
8420400
8427000
8432800
8447500
8455000
8470100
8484500
8490300
8494300
8519600
8522700
8528600
8539300
8542300
8560000
8569300
8576100
8581000
8595100
8604100
8616200
8621400
8625500
8646600
8655500
8662700
8692300
8699600
8710200
8713800
8720600
8730700
8736100
8756700
8770800
8777900
8790300
8807500
8815700
8821000
8830800
8836700
8843100
8856800
8864100
8870600
8875800
8884100
8897100
8902300
8905500
8920100
8923400
8935100
8939100
8946400
8967100
8970600
8988100
8994500
9016500
9024300
9032300
9043600
9046900
9071200
9085600
9088600
9102900
9110700
9119000
9131400
9134600
9143100
9158900
9173700
9183000
9196200
9205100
9209600
9221200
9230300
9248400
9253100
9264800
9267600
9279900
9283800
9302200
9317300
9323900
9333100
9344200
9354500
9362700
9379200
9385000
9389800
9397800
9408300
9411300
9417600
9426000
9434100
9442400
9445900
9472100
9482000
9497300
9506600
9513100
9517500
9531400
9558600
9563600
9573900
9579300
9583000
9589100
9608000
9621600
9624700
9629500
9638000
9644000
9651800
9655100
9680500
9689000
9708900
9717900
9724400
9730500
9743900
9765900
9773500
9776800
9782800
9790100
9801500
9805500
9819300
9850900
9863800
9875700
9882900
9896500
9900000
9909500
9915200
9930200
9941900
9947900
9957900
9972700
9975600
9988800
9992200


