# OFFOEL
# duration (msec): 1000
# repetition number: 1
16700
25400
35900
40000
43000
47300
50000
53000
56100
59300
62600
137100
139500
141800
144400
147400
149800
152800
155700
159300
190700
194100
209200
220900
226500
229600
232300
235000
237600
242000
250900
259700
301900
304700
307300
310100
313300
316100
318900
321900
348300
351600
354700
357600
360700
363600
366700
369800
374300
379600
388100
429000
431900
434900
438300
441100
444600
448300
451800
457800
481100
486600
495200
505500
508500
512000
515600
520400
523100
527600
533200
563500
571400
604300
606900
609700
612100
614700
617500
621700
626700
630300
664800
667500
670000
672700
675400
678200
681600
684400
687300
690500
695100
700500
726500
729400
732900
735600
791500
794200
799800
803100
806500
809600
813200
816000
891300
894100
896600
899100
902600
942200
947300
991700
994400
996900
999700
1033900
1050000
1054600
1059500
1064000
1068800
1071800
1075300
1124900
1129500
1133300
1137600
1181800
1220700
1224700
1263400
1268700
1273700
1277100
1282300
1292800
1323900
1326500
1329200
1333700
1336700
1381900
1385700
1389200
1396100
1432600
1436300
1487000
1489600
1491900
1494400
1497100
1499800
1503200
1506200
1509800
1513500
1541900
1664900
1667400
1669700
1672000
1674400
1676800
1679300
1682000
1756700
1759500
1762500
1765200
1767700
1770500
1773500
1776600
1779700
1783900
1789100
1792800
1795600
1798800
1802500
1806000
1811000
1916000
1922000
1925400
1928600
1963000
1997700
2000200
2002800
2005200
2007700
2010300
2013000
2017900
2070900
2073700
2076700
2079400
2082000
2084800
2087600
2090600
2093900
2096600
2099800
2133100
2135500
2138500
2141200
2144100
2147800
2151500
2183300
2186400
2191000
2195400
2244900
2253600
2256700
2259700
2263000
2265800
2269100
2273000
2319000
2322000
2325800
2329900
2333600
2337800
2364100
2366900
2369900
2372800
2376100
2379300
2382900
2389400
2455000
2458000
2462900
2466800
2470000
2473300
2477400
2483000
2532900
2535600
2539100
2546900
2578200
2583200
2586500
2589900
2651300
2668600
2671200
2674300
2677800
2683100
2686900
2707500
2710800
2714700
2721000
2760600
2763600
2766300
2769200
2772400
2775200
2778000
2780700
2787200
2830600
2921100
2923800
2926400
2988700
2993800
2997800
3001100
3030900
3034300
3037100
3039700
3042800
3045600
3050200
3096800
3103600
3107800
3110800
3114300
3119400
3152900
3156400
3159500
3162400
3165600
3219900
3246100
3253000
3273400
3278200
3285800
3289600
3318100
3365800
3369800
3375300
3379500
3382600
3431900
3435200
3437900
3440600
3443400
3446700
3449600
3487500
3490800
3526100
3528800
3531200
3533800
3536400
3539200
3542000
3545300
3549000
3570000
3573200
3576100
3582400
3620300
3623300
3625800
3628400
3631300
3634300
3639000
3642800
3648700
3704500
3708600
3713600
3738300
3741800
3745600
3748400
3751100
3753700
3756400
3761400
3793700
3797500
3801100
3805600
3848800
3853800
3858500
3864000
3912000
3923000
3926900
3932000
3935100
3938500
3942100
3945700
3949100
3953700
3958500
3982700
3991700
4032600
4077400
4080700
4084500
4087000
4094200
4135800
4138400
4140800
4145500
4149100
4152300
4156900
4184000
4218700
4227400
4244600
4247800
4251100
4254600
4258200
4261600
4264600
4269900
4277600
4313600
4317800
4320600
4323000
4326900
4330500
4335000
4367600
4385500
4450800
4455000
4458000
4460900
4463500
4466000
4528100
4531900
4534400
4536900
4539500
4542100
4545300
4549200
4553700
4564600
4607200
4620700
4680600
4688000
4690900
4694000
4697100
4700500
4772500
4775200
4778400
4782500
4822200
4825800
4858300
4861500
4864200
4866700
4869400
4872100
4875900
4947800
4993500
4996000
4998800
5036700
5042700
5045200
5048100
5050800
5053800
5056500
5060100
5064100
5105700
5109300
5113600
5147000
5150200
5152600
5156100
5160300
5202100
5205800
5242500
5247200
5251600
5257600
5290500
5294000
5297300
5299900
5302900
5307400
5351200
5379800
5383400
5386700
5389300
5392800
5395600
5398700
5403800
5406900
5419700
5451300
5463000
5473600
5477600
5494000
5498300
5501400
5504900
5508900
5512100
5515500
5548500
5552900
5558300
5592300
5595700
5599900
5602800
5606000
5608700
5611900
5614900
5618400
5621700
5624600
5629100
5633300
5637500
5641000
5676000
5680100
5682800
5687900
5696200
5701600
5709100
5713800
5717300
5720300
5723600
5728900
5755900
5762500
5765300
5770000
5773100
5776500
5781700
5787000
5803200
5812200
5815400
5818500
5823100
5830900
5835100
5838700
5843700
5889400
5892300
5895600
5898500
5901700
5906500
5910000
5918000
5925600
5978900
5981500
5983900
5986700
5989200
5992400
5995300
5998600
6001700
6037000
6040100
6042900
6045700
6048900
6051500
6054300
6057200
6060300
6064400
6068500
6106600
6148600
6180100
6183400
6186200
6189000
6191800
6194800
6198000
6201200
6204600
6208800
6254400
6266400
6294800
6297700
6300500
6303700
6307400
6313200
6339900
6344300
6349700
6355000
6388900
6393100
6397800
6400900
6410400
6428900
6431700
6438500
6472400
6483500
6521000
6569000
6576400
6579200
6583700
6589200
6618400
6621100
6623900
6627800
6630800
6633800
6637800
6641000
6646700
6651500
6655300
6664500
6670800
6702600
6706000
6709000
6711800
6715600
6719300
6756000
6758600
6761500
6765500
6772400
6853100
6857700
6864200
6899000
6902500
6906200
6909800
6915500
6946800
6949600
6953400
6956000
6968600
7002100
7053600
7056300
7101800
7106900
7110300
7113900
7119800
7178500
7182300
7185100
7187600
7191200
7196100
7201000
7249100
7253200
7257900
7260500
7263200
7265900
7268800
7273200
7277200
7352900
7355600
7358400
7361100
7365500
7368800
7373200
7458000
7467800
7471800
7476500
7479300
7482300
7487400
7551600
7559400
7610000
7614500
7642700
7659600
7703600
7712600
7748700
7751400
7753900
7756400
7758800
7761300
7764400
7768100
7810600
7850400
7858300
7934900
7938800
7941500
7944300
7949800
7955100
7989000
7991400
7993800
7996300
7999300
8002700
8006000
8009400
8014400
8045600
8048200
8050900
8053800
8057600
8062200
8066000
8072500
8082100
8107000
8110900
8115400
8118500
8122100
8125700
8129100
8133200
8145100
8152300
8168100
8171000
8173800
8178200
8181900
8185400
8238300
8240800
8243300
8246000
8248500
8252200
8287900
8292000
8294900
8298000
8300900
8304000
8306800
8310400
8314600
8341800
8345900
8348700
8352000
8356500
8404900
8410500
8413300
8420600
8449700
8452300
8455400
8458600
8461600
8464700
8467400
8471500
8475000
8477800
8480700
8484600
8496500
8524000
8527100
8530200
8532800
8535900
8539400
8591600
8599000
8636600
8639500
8642200
8647400
8650700
8687700
8743600
8746300
8748700
8751300
8754600
8761500
8799600
8806400
8842300
8845000
8849100
8853400
8884500
8889200
8892300
8894900
8898000
8902000
8906200
8967000
8969500
8971900
8974400
8977000
8979600
8982500
8985800
8990300
9012600
9016800
9019800
9022900
9028400
9068100
9111900
9115000
9117500
9120200
9123400
9127300
9154100
9157200
9160100
9163600
9166500
9169200
9175400
9183400
9202400
9205400
9208300
9211600
9215200
9223900
9261100
9266900
9271300
9277000
9281600
9284500
9288300
9291500
9296000
9320500
9326300
9329300
9332300
9335200
9338100
9341500
9348700
9404300
9409600
9412800
9415600
9418200
9422100
9425000
9428300
9431000
9434500
9438200
9442100
9446100
9449800
9492800
9500400
9529800
9532400
9535000
9537800
9541100
9575700
9578400
9581000
9584800
9588000
9617100
9619800
9623000
9626500
9629600
9634000
9661900
9664700
9669000
9704200
9708100
9711900
9715400
9738200
9742200
9745500
9749700
9752900
9756500
9762000
9787700
9830200
9891200
9906400
9913500
9941900
9951400
9994000
9998400
10980900
11083500
11109100
11123500
