


# OFFOEL HEADER
# repetition:1
#



4400
9800
11300
20100
21600
23400
32700
39600
41400
55400
57000
58700
71000
81300
87500
94800
97700
102800
118200
119900
134800
148700
162600
170600
179900
183500
185700
192200
210100
222000
230400
232000
233800
237900
255400
257900
267200
286100
294100
303100
307700
318800
320400
324800
340500
342000
354500
356300
362700
369300
370900
377100
383400
398800
400800
405800
417000
418600
448200
452200
453800
459400
461100
469400
482200
488400
502600
508800
520700
522600
529300
548100
551400
564700
567600
584100
591100
593200
600600
624100
635100
638900
654500
665400
695200
702100
712200
713700
724300
725900
738700
753300
755200
759000
769800
776800
785500
789100
790900
798600
804200
813500
815300
830000
831900
838100
839800
855700
861700
872700
886400
888200
890500
900200
915500
919600
932700
936800
956400
963900
965800
978900
986100
1000200
1001800
1006900
1014700
1019500
1021500
1033700
1035400
1045100
1046700
1059200
1072600
1074500
1076300
1081200
1093200
1095300
1103600
1126100
1140100
1141900
1144200
1169600
1171800
1174300
1176600
1183800
1190400
1199900
1206100
1216100
1217700
1227800
1243900
1253800
1258700
1264900
1279400
1294200
1296200
1316800
1322400
1324200
1326400
1332100
1343400
1346600
1352300
1354400
1363400
1372900
1379300
1394600
1406500
1422400
1424300
1427700
1446700
1465400
1483000
1485000
1491100
1492900
1498100
1503400
1508000
1518300
1545000
1571200
1574200
1593200
1602300
1609600
1612400
1617300
1624000
1634000
1640000
1642500
1653800
1665600
1677500
1679100
1683500
1704300
1714300
1729400
1731400
1738400
1741800
1766800
1768500
1786800
1790400
1804300
1822800
1824500
1827500
1844000
1849000
1869600
1878700
1886200
1901000
1907200
1917700
1933000
1935100
1938800
1949500
1955100
1956800
1966300
1972400
1988900
1993400
1995600
2000800
2040700
2046400
2060900
2065300
2069900
2071600
2084300
2089600
2095800
2103200
2105400
2107600
2142700
2144500
2149300
2159000
2160600
2171800
2179100
2189500
2198800
2210600
2215500
2227900
2246300
2248100
2270600
2272200
2276000
2277700
2283100
2304800
2337800
2345200
2346900
2361000
2362600
2367300
2382800
2388400
2425100
2430600
2436100
2437800
2444500
2452300
2454400
2470500
2505700
2508600
2510400
2512100
2525700
2527700
2553100
2567600
2570300
2580200
2592300
2604600
2616000
2617700
2627500
2637800
2641300
2643000
2658200
2662900
2685600
2687200
2701400
2706200
2707800
2724900
2738100
2739800
2752000
2757800
2759500
2774700
2779400
2781300
2788100
2796900
2804100
2808800
2837300
2845600
2852500
2858300
2863800
2870900
2883400
2887800
2894000
2898300
2900200
2909500
2934300
2946400
2948200
2950000
2961100
2965600
2967400
2976800
2978700
2989200
3005300
3023400
3029400
3047600
3049300
3056600
3068100
3082500
3084200
3093600
3095800
3099700
3105000
3115200
3119300
3127900
3135400
3137800
3163300
3172600
3174300
3185600
3200600
3212500
3216500
3218200
3224900
3241500
3246000
3253400
3259000
3270800
3272900
3275200
3285500
3294100
3308000
3319800
3323900
3325800
3330900
3357000
3361800
3363600
3372800
3374500
3376400
3392900
3399500
3409700
3414400
3421100
3426000
3437700
3440100
3447000
3450900
3460600
3462300
3472900
3477800
3490700
3507500
3513800
3521000
3522700
3535900
3547400
3554600
3569600
3571300
3576500
3578700
3587900
3605800
3621400
3630000
3631500
3633500
3638900
3650600
3667100
3669400
3677700
3699100
3709000
3722500
3729000
3735900
3748100
3763800
3765600
3770000
3782600
3794400
3796200
3816100
3821100
3839200
3841300
3846800
3850400
3852700
3866800
3869400
3875900
3877600
3898100
3912000
3921000
3927900
3933800
3936300
3939400
3956400
3963600
3965800
3976000
3990500
4001200
4003100
4013400
4020100
4021900
4036100
4045900
4052100
4059600
4068100
4074000
4089600
4094200
4096400
4112900
4126600
4140600
4142400
4162200
4175300
4182700
4190300
4205600
4211000
4212800
4220200
4231700
4235900
4249600
4258400
4268200
4289900
4308100
4313200
4316000
4321000
4337700
4343200
4352900
4358500
4363900
4378600
4394700
4399100
4409800
4415400
4417200
4423300
4429700
4444500
4455900
4471000
4476900
4481200
4486500
4488500
4502100
4512800
4514600
4530900
4536100
4544900
4576800
4586300
4591500
4596300
4602300
4606500
4608400
4624300
4629700
4659500
4661300
4666500
4672800
4685300
4687500
4699900
4702400
4713800
4717100
4724200
4728900
4740500
4745400
4747300
4756500
4763200
4791900
4796100
4798000
4813000
4814900
4824000
4842000
4844300
4855600
4858000
4875000
4877100
4888300
4890300
4896000
4897800
4921100
4923700
4936100
4937800
4943800
4949300
4959100
4978300
4980100
4982600
4985300
4993100
5001600
5010600
5026400
5042000
5062100
5069200
5095500
5097400
5110300
5113800
5115900
5130400
5132500
5135100
5139700
5177000
5178900
5192300
5194000
5223100
5227900
5230100
5263800
5288400
5293600
5298200
5299900
5304800
5306400
5318500
5320300
5328200
5335900
5346900
5360900
5366100
5388400
5400300
5407000
5416900
5418500
5430500
5443400
5452400
5457500
5463600
5468300
5474900
5476700
5479300
5504200
5513100
5524400
5526200
5530600
5545100
5554700
5556300
5561700
5564600
5566500
5575600
5585100
5587400
5600100
5601700
5607400
5616500
5635500
5641800
5644600
5649600
5655600
5663300
5665700
5681500
5683300
5690400
5696700
5707400
5712800
5737800
5740400
5754500
5757000
5769000
5780900
5782900
5795800
5813000
5815400
5818100
5862200
5868700
5870300
5896900
5901900
5908100
5923300
5931000
5938800
5945300
5966600
5992700
5994200
6003800
6005500
6012300
6014400
6030500
6045100
6046700
6055000
6061200
6086900
6092700
6098100
6106700
6111700
6113600
6128900
6138900
6144900
6149900
6153500
6166700
6174300
6185800
6187600
6192600
6201700
6206400
6211700
6214300
6217700
6248200
6257100
6265600
6289000
6291300
6300000
6301800
6323400
6326700
6329400
6344700
6359800
6361600
6377000
6391300
6393800
6398700
6404200
6415800
6419800
6421500
6426400
6435900
6437700
6448500
6458500
6460400
6485400
6499000
6504700
6512400
6522800
6541200
6549200
6584800
6588100
6594400
6596200
6605700
6608100
6634200
6636200
6642500
6650000
6667500
6679500
6686100
6697500
6703200
6712400
6718500
6720300
6736000
6741300
6748100
6750800
6766500
6775200
6781500
6812900
6824000
6825700
6831400
6843000
6857100
6858800
6867500
6900700
6910100
6923700
6925300
6934600
6940100
6947700
6955800
6968400
6972300
6981200
6983500
7009300
7018500
7020400
7026900
7040300
7042600
7061500
7066700
7070900
7077500
7096100
7112000
7114000
7120200
7124500
7130900
7136500
7138600
7155500
7190800
7192300
7200500
7220900
7223400
7226400
7242700
7245700
7257900
7259900
7266100
7272000
7276900
7278600
7310500
7325500
7356800
7358700
7376700
7392500
7404400
7431700
7441800
7468000
7488500
7490300
7498600
7500200
7506000
7509400
7522300
7524800
7554700
7556300
7579600
7581300
7590200
7591900
7600400
7602400
7626200
7629400
7647600
7652600
7654400
7657200
7667000
7679400
7681500
7686200
7707800
7714500
7717100
7731500
7733300
7742800
7747800
7766900
7779900
7781700
7786200
7797500
7814000
7816600
7818800
7826100
7833300
7840700
7855800
7865600
7870000
7875200
7877900
7886700
7896200
7898400
7906700
7912600
7940800
7943200
7956700
7958900
7969400
7971600
7995100
8009000
8013600
8026800
8037000
8039100
8046900
8058900
8071300
8075300
8086800
8089200
8092000
8102300
8113400
8122700
8140000
8159800
8161900
8164500
8170900
8182000
8190500
8202500
8204600
8207900
8223300
8231100
8233000
8246400
8248200
8253800
8272400
8275100
8287800
8296600
8312200
8334200
8343400
8345200
8350400
8362500
8364600
8390300
8396800
8417300
8423100
8431500
8445800
8468000
8482100
8484000
8488300
8492400
8518500
8520000
8526800
8537000
8539200
8558000
8563000
8567800
8574600
8578900
8581100
8592000
8602200
8618500
8620500
8644200
8653800
8660700
8662700
8683200
8697100
8698900
8708400
8723500
8729100
8734000
8755600
8769300
8774900
8789400
8791000
8798200
8813200
8818000
8820600
8828200
8840400
8856500
8858700
8867500
8872300
8882200
8894800
8899700
8901400
8918600
8920900
8934600
8937400
8943900
8967000
8968800
8986300
8992300
9015200
9021500
9023400
9030200
9043200
9044900
9046800
9069100
9083500
9085200
9087700
9101000
9105800
9117200
9129500
9131300
9141600
9156600
9158900
9172600
9180300
9193200
9202900
9206000
9209200
9219500
9228100
9230400
9245800
9249500
9262800
9264500
9277300
9279400
9300200
9317000
9321200
9330800
9342200
9351000
9361100
9376900
9383100
9388800
9395700
9406600
9408800
9417000
9424100
9431100
9440200
9442000
9469600
9471200
9480400
9490700
9495600
9503300
9510800
9512600
9518700
9529700
9559700
9571400
9577000
9579300
9605800
9607900
9619500
9621200
9627300
9633800
9638000
9643400
9650700
9653100
9678900
9680800
9687400
9711000
9716200
9722500
9730800
9742200
9763500
9765400
9772600
9774700
9776600
9788300
9796700
9800300
9803000
9817600
9837000
9849700
9862300
9873600
9880500
9894600
9896800
9906600
9912600
9928300
9939800
9941900
9945800
9970700
9972600
9987300
9989100
10478100
