
# OFFOEL HEADER
# duration (msec): 1000
# repetition number : 1
#
4500
10000
19800
21300
32800
39400
41300
55200
56900
71200
80900
87600
94800
101800
118600
121600
126500
162500
164500
179300
181600
186000
191800
197400
209500
221300
223500
230900
232600
239200
243900
256000
266000
286200
302700
307700
319000
320800
325000
341000
354600
356400
362000
370000
377200
383700
398800
406000
416600
418400
447800
452300
454200
459700
461600
482400
488000
502900
505000
508900
521100
529100
548200
550500
566600
578300
591400
600200
613800
624200
637500
654900
684400
702500
712300
714100
724300
726400
738500
753800
758400
770400
776600
788500
790400
804600
812900
814700
830600
832300
837400
839500
861600
872600
874600
887100
889200
900900
902900
915300
919300
936600
956300
964100
979000
985600
1000300
1002700
1643300
# OFFOEL HEADER
# repetition number : 2
#
4400
10300
19700
21200
22900
32700
39500
41500
55300
57000
70400
80900
82700
95100
101900
108300
118100
119800
127400
162400
170800
179700
182100
184500
192500
208100
222100
230100
231800
238800
255100
257500
266400
285600
294200
303900
307900
319000
320800
324900
340800
354500
356200
362400
368100
370600
376900
383100
398700
407000
416700
418600
447500
452200
453900
459200
461100
482800
488700
502700
504400
508300
510300
523400
529200
547700
550100
565500
578300
590600
601100
623700
634600
637500
665300
670400
686000
702100
712100
714300
724500
726100
739300
753100
755000
759600
769400
778000
788800
790700
800200
804600
813300
815400
830200
832100
838000
855400
862100
873300
886700
888400
890400
900100
903900
919500
936600
938900
956600
963900
965600
978900
985600
1000700
1184600
1220800



# OFFOEL HEADER
# repetition number :3
#



4400
6000
10500
19900
21500
33200
39300
41000
55400
56900
71500
81000
88000
94700
96900
103400
118300
120000
162700
170500
179300
182600
184900
191900
209300
215900
222400
230500
232100
238000
254600
257200
265700
286000
300700
305100
308500
318900
320900
325100
341000
354700
356500
361800
364100
370100
376700
383400
399400
405700
416800
418500
446800
452400
454200
459300
461300
482300
488100
502600
508900
520700
529000
547600
551300
566300
578100
584800
591400
601000
623700
634900
639900
665000
701100
712300
714000
724400
726700
740400
747500
753300
759900
769600
777000
778900
789200
791000
799000
813600
815400
830700
837900
840200
861900
872700
887100
888700
890900
900800
919400
936300
957000
964100
978900
980900
986600
1000500
1687200



# OFFOEL HEADER
# repetition number :4
#



4800
6400
10400
20000
21500
32600
39500
41100
55300
56900
72500
76700
81500
94500
96500
102300
118500
120100
127700
162600
170000
180100
184600
192400
196900
208900
222200
230700
232300
238400
244700
255200
258000
266600
286800
303500
307700
318600
320600
324900
340500
343000
354500
356400
362500
369200
377100
382900
398400
405800
416800
418800
429400
443700
452300
454100
459400
461100
482600
488000
503100
508700
521000
529000
547900
550800
565200
568200
585000
591700
599900
624500
636500
640100
665200
702100
707000
712200
714100
724500
726200
738400
753500
758400
770000
777200
789100
790700
798600
813500
815600
830300
832200
838000
861800
872600
886800
888400
890400
901000
914100
919400
934000
936800
956800
963800
965700
978900
980900
1000500
1002300
1296900
1522100
1548300



# OFFOEL HEADER
# repetition number :5
#



4400
5900
10000
11900
19600
21200
23200
32800
39500
41000
55500
57100
71000
81000
82600
87700
94300
96600
102900
118500
120200
129300
162700
169400
179400
181200
184900
191500
209100
222100
230400
232000
243700
255000
257800
266300
286300
299300
303300
307500
318900
320900
324500
340600
343400
354700
356300
361600
367700
370200
377200
383100
399200
406000
416800
419400
430000
452100
453800
459600
461800
482600
488300
502500
504400
508300
511100
521800
529300
547300
552100
565400
568100
591100
600500
623900
635300
656100
665800
671100
683800
702100
711800
713700
724300
726100
734000
739000
753600
758700
769900
776600
785900
789300
791400
813400
815400
830400
837900
855300
862000
872700
887200
888900
900100
904600
918900
936500
956900
964100
978600
995700
1000600
1448200
2062000
2165700



# OFFOEL HEADER
# repetition number :6
#



4200
10100
11600
19800
21300
32400
39200
41100
55600
57200
70700
81200
93700
97500
103100
118300
120000
162800
170200
179400
181200
185700
192300
197300
221800
230500
232100
234800
243400
254900
264900
286200
294000
303200
308100
318700
320600
324500
340700
342700
354600
356300
362300
369800
376900
384300
399000
406200
416700
418500
430100
447000
452300
454000
459500
482600
488000
502800
509000
520700
522800
528900
547400
550200
565200
568000
584600
591400
593900
600100
623700
635600
639500
665800
671000
687400
702900
712200
713800
724300
726200
738700
753100
759100
769900
776900
785400
789000
791000
799200
804800
813000
814600
829900
832000
838100
854900
861800
872800
874600
887000
888800
900600
915000
919600
933900
937100
954500
957500
963900
965700
978900
980700
994500
1000500
1002700
1337800
1370100



# OFFOEL HEADER
# repetition number :7
#



4400
6000
10500
19700
21100
22800
32500
39100
40700
55300
56800
71200
80900
87900
94500
96800
98900
102800
118400
120100
126500
162600
164900
179000
180700
183200
186300
191700
197200
209500
221600
223800
230600
232400
234300
237900
254700
256500
264900
286000
294500
301500
305100
307600
319100
320700
324800
327000
336400
341100
354600
356100
362000
368200
370400
377400
383400
399000
405900
417100
418900
429600
447400
452300
453900
459500
461500
482600
484500
488100
502800
504800
508700
520700
529500
546600
549100
552100
565300
591200
594300
599900
623900
635000
638800
665900
683400
702100
712300
713900
724400
726400
734300
753100
758300
769600
776900
788900
790600
800300
812900
814700
830300
832200
837500
839400
862100
872800
887100
888700
900100
903800
910500
919700
936600
938700
955500
964100
966200
979600
986300
1000500
1002200
1203800



# OFFOEL HEADER
# repetition number :8
#



4500
9700
20200
21600
23200
31400
39900
41400
55000
56500
71000
81200
87900
94200
97000
102500
118300
120000
127000
163000
170300
179400
181200
184700
191900
209100
222200
230100
231800
237700
243700
255800
258300
265800
303300
307500
318700
320300
324300
340700
342600
354800
356900
361900
369900
376800
383000
398500
406000
416700
418200
446800
452200
454300
459400
461000
482700
488000
502700
508500
521700
529200
546900
550500
565700
568000
591600
599600
623400
625600
636400
639200
665600
686300
702500
712100
713700
724400
726200
738600
753300
756000
759400
769600
777000
785500
789100
790800
798800
804400
813400
815500
830300
832500
837900
840300
861700
863800
872800
886900
888600
899900
902300
919700
933400
937300
956700
964100
966500
979000
1000200
1002400
1327800
1354500



# OFFOEL HEADER
# repetition number :9
#



4300
5800
10300
19900
21500
23900
32700
39600
41600
55200
56700
58400
70800
81000
83500
88400
94000
97900
102900
118200
119700
126500
162700
164300
170400
179100
181500
184800
192000
197800
208800
222100
223800
230500
232200
238500
243800
254000
257000
265300
285500
294200
303800
307500
309800
318900
320600
324800
340700
343100
354500
356000
361900
368400
370500
377000
383000
398700
401100
406500
416800
418400
429000
447300
452400
454100
459600
461600
482700
488200
503100
508600
511000
521100
529100
548000
552300
565100
584100
591700
593600
600800
613000
623900
634900
639600
665800
671300
683700
701200
712200
714100
724400
726200
740400
753600
759100
769900
777000
785600
789100
791400
798800
813100
814800
829800
831800
837900
854700
861900
873000
887000
888900
900100
919400
933400
936700
954300
957200
963900
965700
979200
985600
1000400
1002300
1167800
1794400
1823000



# OFFOEL HEADER
# repetition number :10
#



4300
9900
11400
19200
20800
22600
32600
39100
40800
55000
56500
58800
70400
81000
82800
87500
93600
95900
97800
102400
108600
118400
120100
126500
162300
164400
170000
179700
181500
184400
191300
197200
208700
216100
220700
222700
230200
231800
233700
238000
243800
254400
256500
259300
266100
280900
286100
293300
301200
304000
308200
317800
319500
321600
324600
338400
340800
343100
354400
356100
361500
363600
369600
376700
382900
398100
400000
405700
412200
416500
418400
429100
446400
452000
453600
459100
461000
466900
482200
484100
487800
501900
504200
508300
510200
520400
523500
529500
547400
549600
552700
564600
567600
578800
591000
593600
600700
623300
625200
634200
637400
655000
665300
670200
684500
701400
706500
712200
713900
723900
725500
738400
746300
753400
756400
758500
769500
776700
778700
785400
788900
791000
797800
804300
813100
815100
829800
831600
837100
839100
847500
852200
855100
862400
872400
874500
886700
888400
891000
899400
902300
912900
918900
932400
936500
952900
956600
963700
965600
978800
981200
985400
999400
1001500
1043900
1999600



# OFFOEL HEADER
# repetition number :11
#



4400
9900
11500
20000
21600
23400
32200
39300
41000
55300
56900
70600
76500
81200
82900
89000
93900
96200
98600
102700
118300
120000
126700
162400
164400
172000
179700
181800
184100
191400
196900
208500
215800
221700
230200
231900
234400
237600
243500
254500
257200
260300
265700
281100
286400
294600
302000
305700
308700
318800
320700
324100
340600
342700
354400
356200
362000
368500
370200
376900
383200
398300
400400
405700
416500
418300
428600
446400
452400
454100
459500
461500
468200
479100
482400
484300
488500
502500
504800
508500
511100
520600
529700
546900
549600
552500
565300
568800
578500
584800
590900
593200
601600
624000
636300
639700
655400
665200
669500
701600
707000
712100
714000
724300
726200
734700
738700
744500
753600
758200
769800
776400
778800
784900
789200
791500
800200
803800
812600
814800
821500
830200
837100
839300
855500
861900
872800
886800
888700
900100
903400
915400
919700
933200
936400
955400
957900
964300
966300
978800
985800
995300
1000300
1002900
1279900



# OFFOEL HEADER
# repetition number :12
#



4400
9800
11600
19700
21300
23100
32300
39400
41000
54900
56500
58300
70400
76200
81300
94100
97300
101800
107500
118500
120700
126900
163000
164600
170200
179500
181800
184600
191200
197600
208500
217400
221700
223900
230600
232400
237900
245200
254900
257600
266200
286500
294200
303300
307300
309400
319300
321100
324400
340700
342500
354700
356400
361700
368300
370700
376700
383000
398400
400400
405400
407100
416500
418300
429000
447000
452000
453700
459100
460700
471600
482600
487500
489400
502000
504400
509300
511700
521000
528800
546800
549400
551600
564400
567300
577900
591100
593600
600500
613000
624100
634500
636900
655200
665500
676700
683800
701700
707300
712200
714300
724300
726200
738600
747600
753400
755600
759000
769300
776700
779300
788900
790900
797900
803700
812800
814700
829800
831700
837300
839800
853700
862100
872500
874500
886700
888500
890500
900200
902800
914800
918400
926000
932200
936600
953700
956700
963900
965700
978500
980700
985800
999800
1001800
1163000
1178800



# OFFOEL HEADER
# repetition number :13
#



4300
6400
10400
19400
21000
22700
31900
39400
41100
45000
55600
57200
59200
70900
80900
83100
88400
93700
96300
99700
103600
108400
118200
119800
127200
141300
162300
164100
170200
179300
181400
184000
191500
197300
209300
215900
222000
230300
232100
234600
237900
243400
254600
256600
265100
267200
281200
286000
294400
302100
304800
307700
310400
318700
321000
324700
335600
340900
343300
354700
356500
362100
367000
369900
372500
376300
378400
383300
398400
405600
416800
418900
429500
447100
452300
454200
459500
461400
468400
480000
482500
487900
502700
508800
520700
523100
528800
547300
550400
553400
565700
568600
584600
591500
599900
623800
634100
637600
665200
670500
685500
701800
706600
712100
714100
724300
726100
738400
746300
753400
756100
758800
769600
772100
777100
788900
791000
798600
804900
813400
815600
830300
837800
841200
855100
862000
872700
887100
889100
900000
902100
909400
914200
919700
931900
936500
954200
957200
963900
965700
979000
985600
1000400
1003100
1377000
1384400



# OFFOEL HEADER
# repetition number :14
#



4600
10100
19700
21300
23200
39400
41400
55200
56900
59300
70700
81000
82600
94400
96500
99600
102700
118400
120300
126900
162800
170000
179600
181300
185000
197500
208400
221900
224600
230400
232000
234200
238000
243200
255200
257500
266500
280400
287100
295200
304200
308200
318600
320500
324100
326800
340600
342800
354700
356600
362200
365000
368800
371300
377100
383100
398700
406500
416500
418500
429300
446400
452100
454200
459300
461200
481900
483900
488100
502500
505100
509200
520600
529700
547600
550600
554100
565900
578900
591300
600900
613500
623800
634700
639200
657000
665700
701100
707900
712100
714100
724100
726100
733700
739000
753300
758200
769700
771900
777100
789000
790900
798400
804300
813100
815000
830000
831900
837400
839800
861300
872800
886800
888700
899400
903000
910800
919300
932600
936700
955400
957600
964100
966300
978900
986300
995600
1000500
1002800
1285600



# OFFOEL HEADER
# repetition number :15
#



4300
6200
10300
19400
21000
23200
32800
39400
41000
55000
56700
58600
71500
80700
82900
87700
93800
96300
99500
102000
109600
118400
120500
127700
162600
170800
179300
181800
185200
192100
208100
217000
221800
230200
232100
237600
244200
254400
257900
266400
286600
293700
301100
304600
307400
318700
320900
323500
326400
340600
342700
354500
356600
361900
368300
370600
377100
383000
398500
405800
416300
418100
429300
443500
447600
452300
454300
459100
461100
482200
488000
502400
508500
511400
521300
529300
547400
550600
564000
567100
578500
585800
591200
599400
601800
623600
634900
639000
665500
670600
684300
701600
706800
712100
714100
724200
726300
738800
745700
753000
758900
769300
771300
776800
785000
789400
791700
799600
805000
813200
815600
829900
831800
837700
853800
862000
872400
874400
886800
888800
900200
903900
913400
919500
932700
936800
953300
957100
964100
966300
978900
986100
1000200
1003000
1635000



# OFFOEL HEADER
# repetition number :16
#



4500
10400
19800
21400
23800
32300
39400
41300
55200
56900
59400
70900
76700
80800
87600
93900
97600
102400
118100
119800
126500
162600
171300
179900
181800
184400
191800
208700
216200
222000
230600
232300
237700
254800
257500
265700
280600
285700
294700
302900
306000
308500
318900
321000
325000
341100
343000
354500
356600
362100
369100
371400
376800
382800
398600
406100
416200
418400
446800
452000
453800
459600
461700
482400
487900
503200
508600
511100
521200
529300
547500
551900
564900
567800
584300
591100
600900
623400
636100
639300
665900
684600
701100
707400
712100
714500
724100
726000
738100
752400
754800
758400
769600
772600
777300
785800
789100
791000
798700
804300
813200
815500
822600
830100
832300
837700
853900
861500
863400
872800
886600
888500
900400
915400
919000
933800
936800
938700
953700
957400
964000
978800
987600
996600
1000400
1378400
1393600



# OFFOEL HEADER
# repetition number :17
#



4400
10300
19700
21300
31900
39400
42000
55300
56900
69800
80900
87700
95100
97300
103300
118500
120500
126600
162400
171100
179400
181300
183700
191400
208400
216900
222100
230400
232200
237700
244700
254800
256900
265600
286300
293400
303400
306600
309700
318400
320300
324300
327200
336500
341100
354700
356800
362400
368700
370700
377100
382700
398200
400300
406000
416700
418900
429100
447900
452200
454300
459800
471200
482400
488300
502600
508700
510800
521800
528400
547300
550000
565700
568200
590900
593000
600000
612500
623900
635200
639000
654900
665800
671700
701600
712300
714200
724500
726400
739200
753400
758900
769600
776600
779100
788700
790600
799000
805100
813400
815500
830000
832200
837700
839900
855100
861600
872800
874900
886900
889000
900300
902800
916700
919900
934700
937000
955400
957900
964000
978900
985800
995800
1000600
1709500



# OFFOEL HEADER
# repetition number :18
#



4600
10000
19800
21400
32500
39500
41000
55200
56800
70500
81100
88000
93600
96200
100900
103300
118600
120400
126700
162300
171000
179400
181500
184300
191300
208500
221800
230300
231900
233700
243800
254400
256800
259200
267000
285800
299500
303600
308800
318800
320700
324700
336600
340600
342700
354900
357100
362300
367300
369700
377200
382700
398500
400600
406100
416700
419000
429700
447100
452200
454100
459100
461100
482200
487900
502400
508200
510100
521600
529300
547300
550900
565200
568300
579500
591100
593200
600400
624100
634800
638900
655500
666100
685800
702500
712000
713700
724300
726100
738400
753200
755400
759000
769400
776900
788500
790300
798100
804400
813100
815200
830100
832200
837600
839900
853900
861700
872300
875200
886900
888800
899400
901700
914500
919300
933100
937000
953600
957200
963900
965900
979300
985600
995900
1000500
1567200
1584100



# OFFOEL HEADER
# repetition number :19
#



4500
9800
11500
19700
21200
23100
32200
38700
40800
55400
57100
71500
77100
80700
93500
95600
98700
104100
118300
120300
127200
162900
170800
179200
181400
184700
192600
197600
209100
217600
222600
230400
232200
237600
243400
254400
256900
265400
286100
299200
304400
307600
319000
321000
325000
335300
340800
342800
354800
356800
362000
369100
371300
377100
382800
398400
401400
405700
416700
429500
447100
452300
454300
459400
462200
482000
484400
487800
503100
509000
520700
530600
547700
550500
565400
568100
584200
591100
599900
601900
623700
634300
638400
655300
665800
671500
684800
702200
707800
712300
714400
724500
726800
739300
745400
753200
758000
769500
772300
777600
785800
789400
791400
798800
804600
812900
815600
829900
832300
837300
839700
855200
861900
872700
886700
888500
891200
901300
910500
919500
933600
937000
954000
957700
964200
978900
985900
995800
1000700
1891000



# OFFOEL HEADER
# repetition number :20
#



4400
10200
11800
20000
21500
32800
39200
41000
55300
57100
72000
81200
88400
94400
98000
102700
118400
120000
163200
170400
180100
182100
191400
208400
216300
222700
230500
232400
237500
243700
255300
258200
266000
286000
294700
299000
303300
308200
319100
321700
325100
340800
354700
356800
361800
368600
371100
377100
382900
398100
400200
405900
416500
418700
448100
452400
454200
459500
461400
482200
487900
502900
508700
511100
520800
529300
548100
551500
564800
568500
578100
591300
599700
602700
613000
623900
635900
656300
666000
686600
701700
712000
714100
724000
725800
746300
753500
757700
759700
769900
776500
779200
788900
791000
798400
803900
813200
815400
830000
832300
837700
840300
853900
861300
863800
872900
886800
888800
900700
905200
919100
932800
937100
956600
963900
965900
978900
985700
1000400
1002500
1482900
1509900
1560300



# OFFOEL HEADER
# repetition number :21
#



4600
10100
11700
19900
21500
23500
32900
39300
41800
55300
56900
60000
71000
81000
87500
94200
97900
102900
118400
120200
127200
162400
169500
179600
182700
185100
191400
209000
222200
230000
231600
233700
237600
243900
254900
257000
265800
285100
294400
304400
307300
318800
320700
323100
325500
336100
341100
354600
356500
362400
368500
371000
377200
382700
398700
405900
416500
418500
447500
452000
454000
459400
461600
482400
488000
502600
508900
520900
528800
547400
549800
552500
564600
567000
585800
592000
599800
623900
636800
640200
656400
665600
702900
706400
712300
724500
726500
738200
753700
758200
769800
777000
788800
791000
799200
804100
813600
816100
821600
830300
832400
837500
839800
854900
861900
872700
886900
888800
899900
902100
916800
920300
936100
955200
957800
964200
966300
979300
1000200
1002300
1739400



# OFFOEL HEADER
# repetition number :22
#



4500
9900
11400
20000
21600
32600
39800
41700
55200
56800
70900
80800
87900
94000
97800
102800
118400
120300
162900
171200
179600
181400
184700
192200
215700
222000
230600
232600
238100
243800
254500
257300
266500
285900
293700
302000
307400
318700
320600
324900
327700
336400
340900
343400
355100
361900
369300
371200
377000
383600
398900
416600
418400
446400
452300
453900
459700
462300
482200
484400
488500
502700
505500
508700
521000
529300
547700
551100
565600
567900
583400
591100
601200
623700
636700
640200
666100
702200
707300
712000
713700
724200
726600
739100
753300
758000
769800
776900
786600
789300
791300
804300
813300
815700
830400
832200
837500
839400
853100
862600
872700
887100
888800
899700
902800
915900
919400
933500
936700
955300
957900
964100
978700
986600
1000200
1416700
1431000



# OFFOEL HEADER
# repetition number :23
#



4500
10200
19400
21000
32100
39700
41700
54900
56500
58700
71000
77000
81300
93600
97100
101100
118600
120400
126900
162100
164100
170600
179600
181200
185500
191700
209200
221600
230100
231700
233600
243400
255100
257300
266700
286100
294500
303700
308200
319100
320900
323300
325600
340700
354500
356400
362500
368900
371400
376900
383300
398600
400800
406200
416600
418700
428800
448200
452100
454000
459400
461300
482400
488100
502700
504800
508800
521100
528900
547200
549400
565600
568800
591100
593700
601600
624100
634900
639500
665400
684100
701700
712100
714000
724300
726100
738400
745400
753300
758500
769600
776400
785900
789300
798000
804100
813600
815400
829800
831800
837600
839600
853700
861900
872800
887100
888900
899900
902500
918700
921000
935300
937300
953700
957100
964000
978000
980300
985500
1000400
2043000



# OFFOEL HEADER
# repetition number :24
#



4500
10100
11800
20000
21500
23500
32600
39800
41600
55200
56800
59100
70700
80800
82500
87800
95400
97500
102800
118300
120000
128200
162500
164200
171400
179500
181500
185700
192000
208500
222100
230500
232200
237600
243700
255200
258100
266500
286300
300300
305400
308600
318800
320700
324700
335000
341100
354700
356400
362300
369200
371200
377000
382800
399100
405700
417100
418900
447400
452000
453900
459800
461700
482100
487800
502400
504900
508900
511400
521300
529200
547500
550400
565500
584700
591600
601000
624100
637500
656200
666100
684500
702200
706700
712200
714100
724400
726400
739500
753000
758800
769600
777000
789000
791000
813100
814800
830300
832100
837600
839400
861900
872400
874600
887100
888900
900000
904300
915600
919400
936100
938300
955000
957700
964100
966500
978700
980800
1000100
1002300
1579100
1592600



# OFFOEL HEADER
# repetition number :25
#



4400
6000
10100
12500
20100
21600
32800
39300
41100
55100
56700
58600
71800
80900
87600
94100
97500
103400
118300
120100
126500
163000
170500
179500
181400
185000
191700
210200
215500
222100
230300
232000
234100
238400
243600
256200
265300
285900
294100
300200
306900
308900
318500
320200
323400
325800
340800
342700
355000
357000
362400
368800
370900
376800
383500
398700
400600
405800
412200
416900
419200
447200
452100
453700
459600
482200
487200
502700
504700
508800
521400
528800
547300
549700
551900
565600
579900
591400
599900
624100
635100
638100
656300
665500
671100
684700
701400
711900
713700
724400
726000
738800
753200
758500
769500
776900
786700
789700
791800
798300
804800
813400
815400
829900
832000
838000
850600
861900
872600
887000
888800
899800
904300
918200
920900
936400
938700
953900
957600
963900
979200
986100
1000700
1206500
1507100



# OFFOEL HEADER
# repetition number :26
#



4400
10100
19900
21500
23500
32400
39800
41500
55200
56700
58700
71200
80900
82600
88000
93900
95800
99400
103400
113000
118500
120900
126300
162800
165100
170900
179500
183100
191700
198100
208700
221700
224100
230600
232600
237900
244300
255000
257200
266200
286100
299800
304300
308100
318900
320800
324100
326800
340700
355000
356900
362000
369000
371600
377100
383000
399000
406100
411900
417100
429700
446300
452200
454100
459200
461300
472500
482200
487800
502900
509300
521400
529700
547300
551700
566500
584700
591400
600400
613300
623800
635900
666200
701600
712000
713700
724400
726200
739400
745900
753600
758800
769900
776700
788800
791000
798700
813600
816000
830000
831700
837900
840100
853900
862200
872700
886800
888700
900500
913700
918600
920700
936800
955200
958100
964000
966200
979200
986200
996200
1000600
1158600
1786400
2231500



# OFFOEL HEADER
# repetition number :27
#



4400
10200
19600
21000
22900
32300
39600
41400
55500
57000
70600
80900
82800
88200
94200
102900
118400
120200
126700
162700
170600
179100
180800
184700
191700
208900
215700
222500
230200
231800
234100
243700
254900
256600
266000
286800
294300
299500
303300
307900
318800
321000
324800
336800
340900
354600
356500
361900
369000
371200
377100
382800
398800
401200
406400
416800
418800
447700
452200
453900
459200
461300
482100
483800
487800
502600
504900
509000
521100
528800
548100
551100
564500
567200
584400
591300
599700
613000
623700
626100
634400
639300
665400
671000
685500
701600
712100
714000
724300
726100
739700
746800
753300
759300
769400
777200
786000
789100
791400
799200
804000
813700
815500
830000
832200
837300
839400
853000
861800
872500
874600
886500
888300
890500
900700
903500
919000
934300
937200
955200
957500
964000
965800
979000
986100
995800
1000700
1886200



# OFFOEL HEADER
# repetition number :28
#



4700
9900
11400
19800
21300
23100
32300
39400
41000
55200
56700
58500
71700
76900
81300
88100
94400
97700
102700
118300
119800
127400
162700
170400
179200
181100
184700
192100
210100
221800
230700
232300
237800
244100
256000
264900
286900
294000
303200
307200
319300
321200
325000
340700
342600
354600
356300
362400
369700
377100
383300
398900
400700
406000
416800
429000
447000
452100
453800
459600
461500
482400
487900
502500
504600
509200
522000
529300
547400
551400
565900
578200
583900
591100
592900
601100
623900
635100
638400
660200
670300
685700
701400
711900
713900
724300
726300
734300
739200
753700
758900
769500
777100
789300
791600
798400
804200
813600
816100
830200
832300
837700
861700
863900
872600
874600
887100
888900
891300
900100
902400
909600
918700
933400
936800
955000
957600
964200
966100
978900
995600
1000300
1002500
1298000



# OFFOEL HEADER
# repetition number :29
#



4500
10200
12100
19600
21100
23200
32200
39300
42300
54900
56400
58200
71200
81500
88800
93800
95800
97900
102500
118500
120100
126600
142200
162700
164700
179200
180900
184600
191600
209100
214000
222200
230300
231900
234500
238200
243100
254900
258400
265300
281800
294000
304000
306800
309000
318500
320200
324800
326800
340700
354800
357400
361800
367800
370200
377000
382700
398400
400400
405700
416700
418800
446400
452000
453700
459300
461600
468100
482400
487900
502500
508500
510400
521100
528800
548100
550500
565300
567300
584500
591500
599000
623400
635100
656000
665900
685600
702200
706500
712300
714200
724300
726400
738900
753300
757300
761100
769700
776400
785000
789400
791600
798400
803700
813300
815300
830200
832100
837400
839400
853900
861700
873000
886800
888600
899900
903600
916500
919900
936400
953900
957900
964000
966100
978800
985500
1000600
1802400



# OFFOEL HEADER
# repetition number :30
#



4400
10400
19700
21200
23000
32600
39500
41200
55400
57000
71500
81100
88000
94600
97000
102300
118400
126400
162500
173800
179500
184000
191600
198200
208600
222000
229900
231700
237800
254600
257400
266000
286400
294200
302600
308000
319000
320700
324400
326700
340500
354800
356600
362100
369300
377300
383200
398800
406100
416500
418200
429300
446900
452200
453900
459500
461900
482100
485300
489400
502900
508800
521200
529000
547600
550500
564500
567000
583600
591300
600700
613900
623500
625700
638900
655300
666200
684700
702400
712100
714000
724400
726200
745900
753900
758900
769900
777000
788800
790600
798600
805000
813400
815200
829000
831300
837900
852600
862000
872800
887000
888900
898600
901700
914000
919700
933100
936600
954100
957400
964200
979100
985700
1000300
1151200
2083100



# OFFOEL HEADER
# repetition number :31
#



4400
10000
11600
19900
21400
23300
32600
39700
41500
55500
57000
58900
71200
81000
88000
93600
96200
99000
103100
113400
118600
120300
126500
163000
170300
179500
181900
184700
191600
198200
208900
221800
223500
230400
232100
237300
255100
257800
265700
285900
300200
303900
308200
316300
319300
321100
325300
340400
342500
354700
356400
362100
368600
371400
377100
383200
398600
401200
406700
416700
418500
448400
452400
454300
459400
482300
484200
488300
502600
504500
509000
521100
529100
547300
551000
566100
578700
584500
590800
600500
612800
623900
638100
640800
655700
665800
671500
684500
701900
712200
714500
724400
726300
739100
746000
753400
757900
769200
771300
777400
788800
790600
798400
813300
815100
830400
832800
837800
856300
861800
872900
886700
888400
899900
903000
915900
919900
933300
936900
955900
958200
964100
978700
985800
1000200
1002800
1175000
1483800



# OFFOEL HEADER
# repetition number :32
#



4500
9900
11600
19400
20900
22500
32300
39500
41500
55100
56700
58700
71100
80900
94000
96800
102800
118100
119800
126700
162600
179400
181400
184600
191300
198100
221900
224300
230700
232400
238100
254800
257800
266100
286200
294100
304000
308000
318800
320500
323900
326600
335900
340800
354800
356700
362200
368800
370800
377200
383200
398500
405700
416800
418400
428900
447000
452100
454000
459500
461700
482500
487800
502900
505100
509000
521400
528900
548000
551400
564600
566900
578500
591600
600600
623500
635200
638700
666300
701900
707700
712200
724000
725800
739000
753100
757400
759800
769500
776700
785700
789400
792200
799000
804000
813500
815300
830300
832700
837500
839600
854000
861600
872600
874500
886800
888600
899400
902900
913900
919300
933700
937700
955800
958500
963800
966700
978600
980900
985600
1000500
1002700
1610800
1612700
1852100



# OFFOEL HEADER
# repetition number :33
#



4700
10000
11500
20100
21500
23300
32300
39500
41500
54900
56500
58300
71300
81000
88100
94200
97600
102400
108100
118700
120800
126900
142000
162700
164600
171500
179600
184100
191300
208500
221800
230200
232100
234400
238100
243500
254200
257500
266100
280100
286000
294400
301600
305100
308500
319000
320900
325000
336200
340900
343200
354600
356200
362300
368400
371000
377000
382900
398900
400800
406100
416600
418400
447200
452000
453800
459500
461500
481900
484300
488300
502400
504400
509300
521200
529200
547500
550300
565100
567800
584100
591200
593600
601100
623700
634800
639000
665400
677500
701600
706700
712300
714400
724500
726400
738900
753400
755400
759000
769200
771200
777400
789400
791400
798400
813400
815600
830000
831900
837300
839600
853600
862200
872500
875200
886800
888700
891000
900400
903800
919000
932900
936700
954200
957600
963900
965800
978900
1000500
1002400
1804800



# OFFOEL HEADER
# repetition number :34
#



4600
10000
11600
19500
21000
22700
32800
39500
41300
55400
57000
58800
71900
81100
88000
94400
97000
102400
118300
120400
126900
135900
163000
170200
179500
181300
185100
191500
197200
208800
216500
222300
230500
232100
238000
254400
257200
265500
285700
303100
305900
308200
318400
320100
323700
326100
340600
354600
356200
361800
368200
370600
377200
382600
398900
401200
405700
416700
418900
429900
448100
452100
453900
459100
461200
481900
484100
488200
501800
504500
508800
521200
529400
547500
550700
565200
567500
578400
584400
591400
600200
623500
636500
638700
654900
665500
671700
684000
701200
706800
712200
714400
724200
725800
739100
754000
758200
768900
771300
776400
785600
789700
791600
798300
804800
812800
814700
830200
832600
838100
854600
862200
872600
874400
886900
888600
890600
900000
914500
918800
921300
936400
954600
957800
963900
965700
979200
986400
1000600
1003300
1134300
1159700



# OFFOEL HEADER
# repetition number :35
#



4600
10100
19600
21100
23100
32500
39500
41100
55400
56900
71100
81100
83000
88100
94400
96900
102800
119000
120700
127200
162600
164600
179500
181400
184400
192200
208900
221700
224900
230700
232400
239300
243500
254600
256800
265500
285800
298600
304700
308500
319000
320700
324400
341000
354900
356700
361900
368600
370700
376700
383000
398500
400900
405500
416500
418600
447700
452400
454600
459400
461500
467500
481600
483800
488200
502900
508700
521600
529400
546900
550500
566700
591300
594700
600400
614000
623800
635100
638100
665500
684000
702100
712200
714000
724200
726000
739400
753400
755900
759200
769300
772100
777900
785800
789400
791200
798400
813700
815900
830100
832000
838100
861900
872800
887100
888800
900400
904000
917000
920100
933200
936700
957300
964000
966000
979000
985800
1000500
1665300



# OFFOEL HEADER
# repetition number :36
#



4300
5900
10200
19200
20800
22400
32300
39300
40900
47300
55400
57000
71000
76500
81100
82700
88100
94300
96800
102700
108600
118600
120400
128100
162500
170900
179500
181100
184300
191800
196600
209100
221900
230600
232200
239500
243300
254600
256300
258600
266700
293600
303200
308400
319300
321000
323700
340400
342600
354700
356400
361900
367400
369900
377000
382700
398500
400800
406500
416600
418500
429400
447200
452100
453800
459400
461300
482300
487800
502600
505200
509400
520900
529000
547800
550600
553000
565600
578700
584100
591000
600000
610300
623700
634500
639100
654200
665700
670700
684500
702700
707200
711800
713700
724400
726600
738900
753300
756300
759900
769300
771400
777000
785900
789100
791000
798800
806100
813300
815400
829900
831600
837900
839700
854600
862200
872400
874500
886700
888400
890500
899900
914500
919100
932700
936700
953800
957000
964000
966000
978900
995700
1000600
1247100
1267800
1328000



# OFFOEL HEADER
# repetition number :37
#



4500
9900
11800
19600
21300
23200
32200
39400
41700
55200
56900
70600
81000
87300
93900
96300
103400
118500
120300
126700
162300
165000
172400
179600
182300
185400
197400
209500
216100
222300
230300
232000
233800
237600
243900
254500
256600
266700
286800
292100
304500
308500
318600
320700
324300
326200
335800
341000
354800
356600
362500
369200
371400
377000
382900
398400
400500
406300
417100
447800
452400
454300
459700
461800
482800
484900
488300
502600
504800
509300
521100
529300
547700
551000
564700
567300
585100
591500
600000
623700
635200
639300
666400
671200
703000
712000
713700
724400
726300
738800
753800
758500
769900
772200
777200
788800
790700
798500
804600
813500
815300
829700
831800
837800
841400
862100
872900
886700
888500
900400
910100
919300
933500
937500
954200
957500
964100
966300
979200
985600
1000500
1002500



# OFFOEL HEADER
# repetition number :38
#



4300
5900
10500
19900
21500
32000
39000
40600
42700
55200
56700
58700
70900
80600
82700
87700
94700
97800
103100
118300
120100
126900
162600
170300
179400
181100
184700
191600
208700
216900
222200
230500
232100
234300
238500
255200
258300
265500
280200
286500
303000
307400
318900
320700
324500
335900
340900
354700
356600
361800
368000
370500
377000
382800
399000
405700
416800
418900
442800
446800
452200
454300
459400
462200
482600
487900
502000
504400
509000
520900
523600
528700
548000
551400
565500
568400
584200
591600
599600
602200
623400
635300
639000
658800
666000
683600
701300
712000
713700
724500
727000
738900
746100
753700
755900
759200
769300
776500
785600
789500
791600
799700
804800
813300
815200
830100
832100
837800
840200
855600
862200
872500
874800
887000
888900
900000
902500
915500
919800
936200
954300
957400
963900
965900
979200
996900
1000200
1003600
1552900



# OFFOEL HEADER
# repetition number :39
#



4700
10200
11800
20000
21800
23600
32200
39200
41100
55100
56900
70600
81200
83200
94200
97100
101400
104500
118600
120800
126500
162500
164300
170300
180000
182000
185000
192200
197300
209000
215700
222100
230500
232400
237800
244000
254500
257200
265700
280100
294200
299900
303300
308200
318700
320600
324800
326900
340600
343000
354900
356600
361600
364000
368500
370800
377000
383200
398500
400700
406200
416900
429100
447000
452100
453800
459000
461200
477700
482600
488200
502800
508500
521500
529000
547800
551300
564700
566900
590900
593200
599800
623600
635700
638800
656700
665700
701500
711800
713600
724000
725800
738900
753100
758600
769500
777200
784900
788900
790700
799600
804500
813100
814900
830100
832300
837300
839400
853300
862100
873000
887100
888900
899800
902200
915000
919000
933800
937300
954000
957300
963900
965900
979200
986600
1000200
1002200
1508800
1525800



# OFFOEL HEADER
# repetition number :40
#



4500
9900
12100
19600
21200
22900
32400
39800
41500
55500
57100
70600
80900
83100
87900
94500
97300
102100
109400
118500
120300
127000
162600
170500
179800
183000
191700
196900
208700
216600
221900
230200
232000
233800
238200
243500
254500
256800
266400
285900
299300
303700
307900
318600
320700
325100
335600
340600
342500
354600
356300
362200
369100
372800
376800
382900
398700
405800
416600
418300
429400
442300
452000
453900
459300
461500
482100
487800
502800
508000
510000
520500
523400
529400
547400
550000
552900
565500
568200
590900
593300
600800
613000
623700
634700
640100
664700
671700
701900
712200
714200
724200
726000
738800
753500
756300
759500
769100
771700
776800
785500
788800
790600
798200
803800
813300
815500
821300
830200
832900
837600
840400
853700
862000
872900
886900
888700
890800
899600
902800
915000
920100
933000
936700
954100
957600
964000
966300
979200
985400
1000000
1001800
1925900



# OFFOEL HEADER
# repetition number :41
#



4400
5900
10100
11800
19400
21000
23200
32600
39000
41100
54900
56500
58800
71400
78400
81200
88100
93600
96700
101300
104300
108000
118500
123100
162800
170100
175300
179300
182000
185300
191500
196600
209200
221900
230100
231900
237500
243800
254600
257900
264800
286200
293900
299700
305000
308300
318700
320400
324700
340300
342600
354700
356700
361800
368400
370600
377300
383100
398700
405600
416400
419400
429500
441800
449000
452300
454500
459300
480000
482700
488400
502300
504300
508700
520600
528900
547300
551400
564400
567900
584200
591600
600400
624000
634800
639300
655800
670200
683600
701700
711800
713800
724200
726500
733300
738600
753400
759000
769700
776900
786300
789500
792000
799300
804800
813300
815400
829700
832100
837200
840300
854200
861800
872900
875300
886800
888600
899500
902600
914600
919100
936500
954400
957000
963900
979000
986300
995900
1000300
1121500
1727300
1751100



# OFFOEL HEADER
# repetition number :42
#



4400
9900
11500
19800
21400
32300
38600
40500
42500
55100
56700
58400
70400
80800
82700
87900
94100
97000
102000
118500
120100
127000
162500
170600
180000
182300
185200
191600
196900
209100
221900
230000
231600
234000
238500
244200
254000
256400
258700
266900
286100
294200
302800
307900
319100
321200
324800
340600
342500
354500
356300
361900
368500
371400
377000
383000
398400
405900
416700
418600
429300
447500
452200
453900
459100
461500
482400
487300
502700
508400
510500
521300
529100
547400
549800
553100
566500
578100
583500
591500
599500
623200
625800
634800
639400
666000
701800
707300
712100
713900
724200
726100
738600
753200
758400
769300
771800
776900
785200
789500
798700
804800
813000
815000
830200
832800
837600
861500
872900
875000
886900
888700
900000
902300
919100
936700
954800
957100
963800
965700
979100
999600
1001500



# OFFOEL HEADER
# repetition number :43
#



4600
10300
12000
19800
21300
23000
34200
39600
42000
55200
56800
58700
71000
80500
82700
93900
96600
99900
102900
118400
126900
162700
170200
179600
181700
184900
191300
208600
221900
224300
230600
232300
238100
243700
255100
258700
265600
286500
293500
303300
307200
309200
319100
320800
324700
341000
343100
354600
356300
362400
368500
370500
377300
383000
398400
401000
405400
416800
419000
429000
447200
452100
453900
459600
461400
482500
487000
503100
508800
521800
529300
547100
549500
551700
563600
566800
591400
600100
613200
624000
635500
639800
665600
672400
701000
712300
714100
724300
726000
738600
746600
753400
758700
769700
776600
788600
790500
800000
804900
813000
815200
830000
832400
837900
841000
852800
862100
872800
886700
888600
900900
915300
918800
922200
936300
956600
963900
965700
979000
985700
1000200
1002200
1227700
1716300



# OFFOEL HEADER
# repetition number :44
#



4400
10300
19700
21200
23000
32500
39300
41200
55300
56800
58600
71000
81100
88400
94300
96900
102400
118300
120100
127200
162700
164700
179200
181100
185000
197100
208300
221800
230400
232100
238000
254600
256900
259000
266400
285900
302600
307600
319100
320700
324600
340900
354600
356400
362000
368800
371000
377000
383100
398700
401200
405800
416900
418800
429800
446500
452300
454200
459400
461800
482000
484100
488800
502700
505700
508800
521200
529400
547200
550400
564200
566900
584800
591400
600700
624100
634700
639200
655100
665600
683900
702100
706600
712100
713900
724500
726200
739000
753400
758300
769700
777500
786200
789200
791300
799100
813400
815200
830100
832000
837900
840800
853900
861900
873200
886800
888700
899800
903100
910500
919000
932600
936600
953400
957600
964200
978600
980900
985800
1000500
1654200



# OFFOEL HEADER
# repetition number :45
#



4500
8500
10500
19800
21300
23100
32500
39300
41600
55500
57100
70700
80900
83300
88100
94600
97100
102800
118500
120200
127100
162900
172500
179400
181600
184500
191800
208700
216200
222100
230700
232300
238200
243800
254400
256500
265000
286300
303400
307700
318900
320700
324900
340600
342700
354900
356500
361700
368400
371300
377400
383000
398600
406000
416800
419100
447500
452300
454100
459600
461500
482600
487900
502700
509000
521100
529400
547300
551100
565500
578400
584200
591800
599500
624100
635100
654300
666300
677600
701400
712100
713900
724200
725800
753500
759300
770300
777000
789300
791200
798300
813500
815300
830100
833200
837600
862300
873300
886700
888500
899900
904000
914800
919900
934100
937200
955300
958300
963900
979100
986500
1000600
1050900
1671100
1688900



# OFFOEL HEADER
# repetition number :46
#



4600
9800
11300
20000
21500
32000
39900
41600
55500
57100
70700
80900
82400
87900
93800
97100
102700
118200
120200
127400
162400
165200
171300
179700
182200
185500
191500
209200
221900
230600
232500
237900
244300
255000
257100
266000
286600
290000
304600
308300
318900
320500
324600
326700
340900
343400
355100
357000
362500
368400
370700
377500
383100
398500
400100
406300
416700
418400
430200
447800
452200
454100
459200
461500
482300
484400
488400
502600
504800
509100
522200
529700
547800
549900
564700
566700
584000
591500
599900
624100
633900
640500
666100
684300
701300
707200
712200
714100
724300
726000
747000
753600
758300
769800
777000
788700
790600
792500
798800
805800
813100
814900
830000
831800
838000
840300
853600
862000
873000
886800
888700
900700
903400
918600
936600
953600
957000
963900
966100
979100
987500
1000400
1819800



# OFFOEL HEADER
# repetition number :47
#



4400
10100
19600
21000
22900
32200
39300
40800
55300
56900
81000
82600
94200
96800
103700
118500
120200
127600
162600
170200
179800
181900
185800
197400
209600
222000
230700
232400
238100
254300
256400
266200
286000
303100
305900
308300
319600
321300
324800
340700
354900
356900
362000
368500
370700
377200
382700
398800
406600
416500
418400
447500
452200
454100
459300
461500
482400
488100
502700
509100
520800
522600
529500
547600
550300
565000
584300
592000
600100
624000
635800
638900
655600
666100
701800
712100
713800
724300
726100
740600
746200
753400
758700
769300
776700
789000
790700
798400
813300
815600
821700
830100
831900
837700
840100
854600
862000
872700
874600
886700
888500
900600
903400
916100
919500
933200
937300
955200
958000
963800
966100
979000
987100
1000300
1002400
1271800
1293100



# OFFOEL HEADER
# repetition number :48
#



4500
9900
11400
19900
21400
32400
39800
41700
55200
56800
58900
70700
81100
87700
94600
97900
102500
118200
120000
127100
162900
170100
179100
180900
184100
196900
208800
222000
230200
231800
233900
238100
243500
254700
257800
266400
286300
304100
307800
318900
320800
325200
340700
354800
356500
362200
368300
370500
377000
382900
398800
406100
416700
418800
429500
446700
452200
453900
459600
482200
487800
502800
508800
521100
530000
547400
550900
564700
567700
584700
591700
600400
623500
634600
638500
666600
670400
701800
712100
714400
724200
726100
738900
746600
753300
759000
769400
777300
788900
790700
798600
813000
815000
830100
832000
837600
854100
861700
872700
886600
888300
899800
918900
932900
937300
956900
964000
978900
981000
1000400
1002200
1546300



# OFFOEL HEADER
# repetition number :49
#



4600
6200
10500
19600
21100
23000
32700
39600
41400
55400
56900
58800
70800
80700
82800
94100
97300
102400
118400
120000
127300
162800
179400
181000
184700
196800
216900
222000
230300
231800
233900
238800
254800
256900
266000
286200
302700
307200
309300
319200
321400
325300
341300
354900
357200
362200
368300
370900
377400
383100
399000
405900
416600
418300
451900
453600
459300
461000
470700
482400
487800
503000
508500
521000
528900
548000
551600
565100
568600
591700
600500
623900
635100
665700
685000
701900
711900
713600
724200
726100
738600
753400
759200
769500
776700
778800
789100
791100
799200
813200
815100
830600
832600
837900
854600
862000
872700
887100
888900
900000
902300
914200
919200
932500
936700
953800
957300
964200
979000
986000
1000600
1592000
1614800



# OFFOEL HEADER
# repetition number :50
#



4500
10100
11800
19500
21000
23300
32300
39700
41800
55300
56900
70700
81200
94400
97800
102800
118300
126900
162700
169800
179700
181600
184900
192000
197100
209600
221900
230500
232100
234200
254100
256800
265800
294900
303500
307400
309300
319100
321300
324700
340400
342600
354500
356100
362300
367900
370400
377400
383300
399100
406100
416900
429000
447300
452200
453800
459400
461400
482300
488100
502500
504700
508600
510700
520800
529600
547200
550000
565300
567500
585000
591700
602000
623900
635000
638200
665300
671400
702100
711800
713900
724000
725900
739000
753600
758000
769600
776700
784800
789000
790900
799900
804400
813400
816000
830300
832100
838000
854200
862000
872800
886900
888800
900300
902700
919300
932800
936400
956800
964000
979000
986100
1000100
1002100
1548300



# OFFOEL HEADER
# repetition number :51
#



4500
10300
19600
21100
32200
39200
40700
55300
56800
81100
87300
94000
96700
102700
118600
120300
126900
162800
170800
179500
181600
186200
196700
221900
230400
231900
233700
238600
254800
256900
266700
286500
307400
309200
318700
320200
324900
341000
342500
354500
356000
362100
369000
371200
377300
383000
399100
405900
416900
418700
447800
452100
453800
459500
461500
482800
488100
503000
508700
511400
520500
529300
548000
550600
565600
584900
592100
599900
623600
635700
638500
655700
666200
671400
683900
689600
703300
712100
713700
724500
726200
739300
753600
759100
769500
776900
789000
790800
798600
813100
814900
830200
831900
838200
856700
861800
873000
886600
888300
900300
903200
914800
920100
932800
936700
956900
964200
966300
979100
1000600
1003200
1303400
1322700



# OFFOEL HEADER
# repetition number :52
#



4400
10200
11900
19700
21100
23500
33000
39800
41600
55200
56700
58800
81000
82600
87500
94500
96900
102800
118300
119900
127100
162600
171200
179800
182400
184900
192200
208600
222300
230500
232300
237900
244200
255100
257400
267300
286500
302800
308000
318800
320300
323700
326200
340600
342600
354600
356400
362500
369300
377300
383500
398500
406000
416800
418500
429400
446800
452300
454000
459200
461000
482500
488200
502900
505000
509100
521600
529300
547900
550900
567000
591800
600300
624000
634700
640300
665900
702000
712100
713700
724700
738900
753100
755400
769600
777100
785300
788900
790800
798900
804700
813300
815200
822500
830200
838500
854900
861400
873000
887100
888900
901200
903300
919200
937000
957500
964000
966600
978700
995900
1000600
1379600



# OFFOEL HEADER
# repetition number :53
#



4500
10200
11900
20000
21700
32600
39400
40900
42900
55500
57000
70700
81000
88300
94700
97500
102700
118300
120100
162900
164800
171400
179900
183500
191800
197600
209500
222100
230400
232100
234300
238400
244100
254700
257300
266200
286500
294200
304300
307800
319100
321000
325000
340800
354800
356300
362800
369300
371800
377200
383300
398700
406000
412400
416800
418500
446600
452100
453700
459800
461900
481100
482900
488900
502500
504200
509200
521400
528800
548200
551100
564700
567100
578900
591500
599900
623800
635000
639500
666800
684000
703200
712300
713900
724500
726200
739000
753600
758600
770000
776700
788900
790600
804100
813300
814900
830200
832200
837600
839300
855000
862100
872700
886900
888800
900200
903000
918000
920800
932900
936800
953900
957100
964200
966200
979100
1000400
1100000
1127200
2065300
2142400



# OFFOEL HEADER
# repetition number :54
#



4500
10100
11900
19700
21100
23000
31700
39700
41500
55500
57200
70500
81000
82800
88300
94100
97700
102500
118200
119800
127100
162900
170900
179700
181600
184700
196700
208600
215200
222200
230300
231900
238800
244100
254700
257200
266200
285600
300300
302900
308000
318800
320400
322500
325300
340800
343100
354700
356400
362200
368800
370600
377300
383100
398700
406100
416700
418800
430000
446900
452000
453900
459800
482300
488300
503000
504900
509000
521600
529900
547700
550000
566400
585800
591300
623900
635400
638300
656400
665600
683700
701900
712200
713900
724100
726000
739300
753600
755500
759500
770100
777000
784300
789400
791400
799100
804400
813100
814900
829700
831500
838100
862500
872600
875100
887100
888900
900800
919100
936100
938200
954900
958400
964100
979000
986400
1000400
1002200
1240100
1446800
1840600



# OFFOEL HEADER
# repetition number :55
#



4600
10100
11700
19500
21000
22600
32900
39700
42000
55400
56900
71400
81300
87600
93900
97700
102600
118500
120000
126800
163000
170000
179400
183100
186400
197600
208500
222300
230400
232000
238600
243400
255800
258100
267600
285900
294700
303900
307700
318500
320400
324400
340800
354600
356200
362200
368600
370600
377200
383100
398800
406100
416700
418300
430100
446800
452200
454000
459200
460900
470400
482600
487600
503000
509100
522800
528700
548200
551600
566100
584300
591500
593800
600700
623800
634800
639500
655000
665800
683600
701400
703500
712300
714200
724500
726100
738900
753200
755200
759300
769600
777100
785400
789100
791300
800100
804600
813600
815600
829900
832000
838000
855100
862000
873100
886900
888500
899900
903700
916200
919500
932800
937100
954200
957900
964000
966100
979300
1000700
1084400



# OFFOEL HEADER
# repetition number :56
#



4200
6100
10200
11800
19700
21300
23500
32300
39600
41200
55200
56900
58900
71200
80700
82900
87800
93700
97200
102600
118400
120100
126900
162600
164700
170700
179500
181500
184300
192400
209100
221700
230400
232000
237300
243700
255000
257000
266800
280900
286500
295000
305100
308400
319200
321100
325200
341000
354600
356400
362300
367900
370400
377200
383800
398300
400200
406600
416700
418400
429400
442500
446900
452400
454500
459500
461200
478200
482500
487800
502900
507900
509800
521500
529300
547900
551300
566300
591000
593200
600600
613000
623800
634700
639200
671200
702000
706500
711900
713700
724500
726000
738600
753500
758200
769600
777300
785300
789400
791600
799300
813500
816100
830300
832500
837900
840100
854000
872800
875100
887100
888800
900900
914800
919900
933200
936700
954000
957400
964200
966000
979300
1000000
1002000
1473500
2077300
2095500



# OFFOEL HEADER
# repetition number :57
#



4400
10200
11900
19500
21000
22700
32500
39400
41200
55200
56700
58800
72200
76900
81200
93800
97100
103600
118500
120000
126300
162800
180100
184400
191400
209100
221900
230300
232000
233700
237600
243600
255100
257200
267100
285700
303900
308200
319100
320900
323900
326600
340800
343000
354600
356600
362000
367400
369800
371700
377300
383100
398800
406300
416800
418400
428900
447200
452300
453800
459600
462200
467900
482400
488700
502600
508500
510500
521100
529800
547600
550000
565200
567600
591300
594900
623700
635400
639500
666000
701400
707300
712400
714400
724300
725900
739300
753600
755300
759500
769800
776900
778600
788800
790500
799000
805200
813400
815100
830300
832000
837700
839900
854700
862400
873100
886900
888600
899600
915200
918800
936700
956700
958600
964000
979100
985400
995700
1000200
1123100



# OFFOEL HEADER
# repetition number :58
#



4400
9800
11500
19900
21600
32600
39200
40900
55200
56700
58600
71900
80900
87600
95100
96900
102900
118500
120300
162700
170500
179700
181700
184700
191500
196800
209000
216100
221800
230300
231800
234000
239400
244100
255000
258800
266000
281000
286000
295300
307800
319100
320900
325300
327300
341100
354600
356200
362600
368200
370100
377300
383200
398600
400300
406200
417000
418700
429100
447300
452300
454100
459500
461300
471500
482600
486500
502400
504700
509100
521000
529400
547700
550800
564300
567400
591600
600300
612800
624300
635000
639500
655500
665400
670200
685400
701600
712100
713800
724400
726000
740300
753200
757900
769300
771300
777400
786100
789400
792300
798900
804000
813400
815200
829900
832000
837700
839600
861600
863300
873100
887100
888800
899400
902600
913900
919100
933400
936800
957300
964000
965900
978900
985700
996300
1000400
1002200
1173200



# OFFOEL HEADER
# repetition number :59
#



4300
10000
11700
19500
21100
22900
32800
39800
41500
55400
57000
71200
76800
81300
83400
87600
94900
97500
102500
118100
119700
162800
164400
170400
179300
181900
184800
191600
208900
221700
230200
231700
233800
238700
243500
255200
259600
266200
285800
294100
303100
307400
319000
320900
324800
340900
354600
356300
362000
369000
370900
377000
383200
398100
399800
406100
416800
418500
446900
452300
454000
459500
461500
472900
482600
488700
502800
504500
508900
521100
528900
548200
551200
566200
584200
591700
600600
623900
636200
639900
655100
666000
671100
701900
711900
713600
724200
726200
739500
753400
759700
769400
777100
789100
790800
798500
813000
814900
830100
831800
837600
839500
854900
861500
863500
872900
886700
888400
899800
903600
914900
920100
936800
956300
958600
964200
966100
979500
986000
1000600
1002300
1256300
1290800



# OFFOEL HEADER
# repetition number :60
#



4400
9900
19300
20800
22600
32500
39100
40600
55400
57100
71000
80700
82300
93700
95800
101600
118500
120200
162600
164300
171400
179200
181500
184900
191900
209100
221800
224200
230500
232000
233900
238000
244600
255800
258300
266100
281100
286000
302700
307500
318800
320400
322200
325100
337700
341000
343000
354800
357500
362600
367900
370400
377000
383100
398500
400400
405900
412100
417000
418700
430200
447400
452200
453800
459500
461100
473300
482500
487900
503200
505100
509100
520500
529800
548000
551000
566800
591300
593300
600900
623900
637100
665800
684100
701700
707600
712200
714000
724500
726500
739100
753600
755400
770100
776800
789100
791100
799500
813200
814900
830100
831900
837700
839700
861600
863300
872800
887000
888600
900100
903200
919400
921700
932400
936700
953600
957800
964000
965800
979100
986000
996500
1000600
1187700



# OFFOEL HEADER
# repetition number :61
#



4500
10000
11500
19700
21200
32800
39700
41300
55300
56800
70700
80900
87900
94200
98000
102200
104200
118500
120100
126600
162500
179400
181100
184900
192000
197400
209000
222100
230400
232000
238300
243400
255300
258900
265900
285900
294100
304400
308400
318700
320800
323900
340900
354000
355600
362500
368600
370700
377100
382900
398800
405900
411900
416900
446900
452100
453700
459400
461200
482600
488000
503100
508600
511700
520900
528900
547600
550700
565000
577900
584800
591000
600500
624000
634800
638900
655600
666800
685500
694400
702900
712100
713700
724400
725900
739100
754100
758300
770100
776800
785800
789000
791000
799400
804400
813400
815000
830200
832200
838000
862000
872700
886900
888900
900900
904000
919500
933700
936900
957100
963900
965700
979100
986000
1000300
1418700
1438600



# OFFOEL HEADER
# repetition number :62
#



4500
9900
11500
19800
21200
31700
39500
41200
55500
56900
59100
70200
77700
81200
87900
94600
97100
102600
118700
120700
127100
162200
169300
179800
182200
184700
192400
208700
221700
230700
232300
238000
244600
255000
258400
265100
285500
299700
305400
308300
319200
320800
324700
340600
342600
353600
355400
362200
367500
369700
371800
377300
383200
398800
406300
416300
417900
429100
447100
452100
453600
459100
460800
482600
488100
502700
509000
521200
529400
547200
549400
551600
565500
568400
585100
591000
601300
623600
635200
640000
665800
693500
701800
712200
714000
724500
726600
739100
745100
753800
759400
769700
776600
778800
786000
789300
791200
798800
805400
813800
815600
830500
832500
837600
839600
854200
861600
873000
887300
888900
900100
903100
917000
919700
936500
955100
957700
964000
965600
979100
981000
986400
1000300
1002100
1608100
1625200
1910800



# OFFOEL HEADER
# repetition number :63
#



4300
5900
10300
19900
21500
23300
32300
39400
40900
42900
55300
56800
71300
81000
87900
93100
95600
97600
102300
118600
120500
126600
146900
162800
169600
179400
181200
185200
191100
197100
208900
223200
230300
231900
238400
244200
255200
258400
266000
293800
302600
305900
309600
318800
320500
325200
340600
354700
356600
362000
369100
371400
377300
383000
398400
400200
406200
417000
430700
447300
452300
453900
459200
460900
482400
488100
502900
504600
509100
522000
528900
548300
551300
565900
584600
591400
600100
624200
636100
666100
702100
712300
713800
724700
726500
739400
753500
759000
769600
771400
777100
788300
790100
799000
813400
815300
830100
832100
837900
861900
872900
887100
888600
900200
918800
937000
954500
957400
964100
965800
979100
1000400
1002100
1113800
1710800
1740600



# OFFOEL HEADER
# repetition number :64
#



4400
9900
19900
21400
33500
39500
41500
55200
56700
71100
81100
83000
93900
96100
102800
118400
120100
126800
162400
164200
170100
179700
181600
184700
197300
209500
222100
230100
231700
233800
243300
254900
257300
266800
286200
294700
299700
307000
309300
319200
321100
325100
340400
342000
354900
356800
361800
368400
370900
376900
383000
398600
405800
412200
416800
419000
452100
453700
459400
461800
482700
488200
502800
504900
508800
521600
529300
548500
551400
565400
591500
593700
599800
613800
624100
637900
656000
665500
686200
701700
712100
713600
724500
726400
738600
753500
757700
768800
770800
776800
788800
790600
799000
804400
813300
814900
829800
831400
838400
861900
873100
886900
888600
900700
918600
920500
933100
937000
954400
957200
964000
965800
979000
986500
1000000
1001800
1939000



# OFFOEL HEADER
# repetition number :65
#



4500
10300
12000
20300
21700
32300
39300
41000
55300
56800
58800
71600
77300
81300
88500
93800
98100
103600
108200
118600
120600
128300
162900
170900
179700
181600
185400
191600
197300
215400
222100
230300
232000
233700
238300
244900
255500
257400
265400
286400
293600
304800
308600
318900
320700
324800
340800
342500
355000
356800
362200
368500
370700
377100
383200
398700
400800
406100
412700
416900
447100
452200
454000
459600
461400
482400
487700
503200
508800
510700
521700
529300
548700
551900
567000
585100
591400
599400
623900
637700
666100
684500
702000
712600
714100
724800
726900
739800
753900
758200
769900
777000
789200
791100
804200
813600
815300
829900
832200
837700
839900
854500
862500
873100
887000
888700
899800
901900
915500
919100
933500
937000
954500
964000
966000
979300
1000400
1002400
1022900
1651700
1665000



# OFFOEL HEADER
# repetition number :66
#



4500
10100
11700
19800
21300
23100
32300
39600
41600
55400
57100
72000
81000
83200
93700
101200
118800
120400
127000
163200
170200
179600
184500
191500
197600
209500
222000
230700
232300
238100
255600
258800
266100
286400
303200
307100
319000
321100
325300
341000
354400
356100
362400
369000
371700
376800
383400
399200
406000
416800
429200
447200
452200
453800
459800
461500
482300
488500
502600
504900
509300
520800
528800
547000
549200
552200
565700
578800
591400
600100
613200
623900
626100
635000
640300
655200
666100
684100
701500
712100
713700
722100
724700
726500
739000
753400
758500
769600
777300
788300
790000
803900
813500
815600
829800
831500
838100
840300
853600
862200
872900
874600
887000
888600
900500
903000
918800
921000
936600
957100
964000
965700
979000
1000000
1001700
1345200
1401100



# OFFOEL HEADER
# repetition number :67
#



4400
6000
10200
19400
21000
22700
32100
39400
41100
55300
56900
59100
71300
81300
88000
94400
102300
107900
118500
120400
127500
162700
164300
170100
179400
182600
185600
192100
197200
208900
216000
222200
230400
232100
237800
244000
254400
256300
259000
266200
299300
305600
308800
318700
320600
324400
326400
340600
342400
354600
356300
363000
368600
370300
377300
382900
399000
405900
416700
418600
429100
447300
452300
454000
459100
460900
468500
482500
488000
502400
504300
509300
521300
529000
547700
550200
553100
564900
567300
584100
591500
600100
614100
623800
636100
655600
666400
670700
683700
702300
712100
713700
724600
726300
739800
753500
758900
769500
771200
777300
785400
789300
791100
798600
804900
813200
815000
829900
831600
837900
853500
861900
872700
886900
888600
899900
902100
915100
918900
921400
934700
954900
957700
964000
979200
986700
1000200
1002000
1855700



# OFFOEL HEADER
# repetition number :68
#



4400
9900
20000
21600
31700
39600
41200
55400
56900
71000
76900
81100
87600
94600
97100
102200
118300
120000
126900
162700
164500
170800
179500
181500
184300
192000
197700
208800
215800
222300
230200
231900
233800
238200
254700
258000
266400
286100
293800
302900
308100
318300
320400
324800
340500
342100
354600
356400
361900
364000
368700
371000
376900
383200
398400
406000
416800
429000
446600
452000
453800
459400
461800
482400
484500
488000
503100
508400
521200
529100
547700
550900
565400
578400
584800
591200
600900
623700
634300
638100
655500
666400
702400
711700
713300
724600
726200
739100
753700
755400
759700
769700
776700
785600
789100
791000
799000
813000
814700
830200
831900
837600
854900
862200
872900
886900
888400
900300
919400
932600
936400
957100
963900
979300
1000700
1354300
1992900
2021700



# OFFOEL HEADER
# repetition number :69
#



4400
10100
11700
19800
21300
24700
32200
39600
41500
55400
57200
71100
81100
87200
94000
97300
102100
103800
118300
120400
127500
162700
175000
179800
181900
185400
191900
196900
208100
222400
230000
231500
233800
237600
244900
255300
257400
265500
286000
294800
302800
306700
309000
318600
320400
325200
340500
342200
354400
356100
362500
368200
370300
377000
383100
398700
406200
416600
419200
429600
452100
453700
459300
460900
482200
487400
502200
504200
509000
521200
528600
531300
547400
551600
565900
568700
584500
591600
593400
600200
613400
624200
634500
639300
665800
670300
685000
701700
712300
714000
724300
725900
738900
746700
753300
758600
769800
776600
788600
790300
792500
798700
813200
815100
829800
831500
837300
840100
853000
861700
872800
886800
888500
899700
902500
916300
919700
932800
936700
953500
957400
963800
965900
979000
981800
986700
1000100
1002500
1050200



# OFFOEL HEADER
# repetition number :70
#



4400
6500
10100
11700
19900
21500
32500
39000
40700
42700
55000
56500
58600
72600
80900
82700
88500
93800
95600
98900
102700
109200
118600
120200
127700
162500
170000
179600
181300
184800
191400
205900
221900
224300
230500
232000
238200
243700
254700
257800
265500
283600
299100
304900
308600
319200
320900
324700
340900
355000
356800
362200
368400
370400
376800
383300
398600
400500
406500
416700
418400
447300
452500
454200
459600
461300
482700
488000
502500
504600
509200
521400
529700
548200
550700
553100
564800
591200
592800
600800
623800
637000
665900
677500
686300
702400
712400
714100
724300
726100
739700
753700
760000
769300
776700
789100
790700
799600
804200
813300
815200
830500
832400
837700
839800
861800
872900
875100
887000
888500
890800
900600
903300
919000
936300
938400
957300
963700
965500
978900
986900
1000300
1002300
1199100
1849400



# OFFOEL HEADER
# repetition number :71
#



4500
9700
11300
19200
20800
22700
32600
39600
41500
54900
56500
70700
76600
81400
88200
93800
95900
98600
102500
118200
119900
127300
162300
164100
170000
179700
181600
184400
191900
197100
208100
221900
230300
231800
233700
238100
243900
255200
257400
267400
286200
302700
305300
308400
318600
320200
324900
336200
340600
342500
354700
356400
361900
369400
371900
377400
383200
399000
405800
416700
418400
446800
451900
453700
459500
461300
482400
487800
502800
509100
511200
521000
529400
547500
550000
566000
584800
590700
593100
600400
623800
635300
639300
655100
665900
701400
712000
713600
724400
726200
738900
746800
753400
758300
769300
771500
776700
789100
791000
804300
812700
814600
829500
831400
837300
839500
853500
861800
872900
874900
887100
888700
900000
902800
918900
936000
953500
957400
964100
965900
979000
996000
1000400
1002400
1820900



# OFFOEL HEADER
# repetition number :72
#



4300
10100
19300
20800
22600
33300
39700
41300
55700
57400
70700
80900
82700
94000
96300
102600
118200
119700
127400
162700
164400
170600
179600
181300
185100
191700
209200
221700
224100
230200
231800
233700
237900
243900
254900
257100
266500
285700
294300
303300
307000
309300
318600
320600
324000
326000
340500
342500
354800
356400
361800
369300
376800
383200
398800
405800
416500
418200
429200
446900
452100
453900
459200
461300
482900
488400
502700
508500
510100
520600
523200
529700
548700
552000
566000
584600
591400
599600
624200
636000
639100
656100
665600
672000
686900
701000
712200
713700
724700
726400
738700
753900
758700
769900
776900
787000
789700
798800
805100
813600
815500
830200
832300
838000
853600
862200
873100
887000
888600
891000
900900
918600
936400
938700
953800
957200
964000
966400
979200
996200
1000400
1094600



# OFFOEL HEADER
# repetition number :73
#



4400
10000
11400
19600
21300
32100
39500
41500
55100
56700
72000
80800
82300
94300
101200
107900
118200
120200
126700
162700
180000
183600
191600
208900
216300
221900
230200
231800
237800
244000
256000
265500
281400
303700
308300
319000
321200
325400
340700
342500
354600
356500
361700
368500
370600
377300
383200
398800
406000
416400
418000
447600
452200
453900
459600
461500
482200
487900
502700
504500
508900
521700
529300
547500
550700
564800
567200
584900
591400
599900
612600
624000
635200
639900
655500
668100
684800
693500
702400
707300
712500
714200
724400
738500
746100
753400
758900
769700
776900
785800
789200
791300
798800
804800
813100
815000
830300
832200
838200
840100
862200
872900
887100
888700
899800
902200
919100
932900
936900
954500
957600
964300
966100
979200
1000200
1001700
1305300
1339900



# OFFOEL HEADER
# repetition number :74
#



4400
9900
12000
19900
21300
23300
32300
39700
41800
55300
56900
71200
81300
93600
95500
98300
103300
118300
119800
127000
162900
170900
179300
182900
186100
192000
208500
222100
230400
231900
234100
237800
244000
254300
257800
265700
285200
295600
303700
307900
318800
320900
324900
336200
340800
342700
354800
362400
369200
371200
377100
382900
398900
406100
416500
418200
446000
452400
454100
459500
461600
482500
487500
502700
509000
511300
521800
528900
547700
551400
565100
567900
591300
600200
623700
634700
639800
655300
666300
671000
701900
712300
713900
724700
726900
739700
753700
759400
769800
777000
789100
790800
798500
804600
813300
815100
830100
832700
837800
840000
855900
862000
872900
876100
887200
888900
900100
902200
918700
933200
937000
954100
957200
964400
979000
980800
1000400
1582100
1698400



# OFFOEL HEADER
# repetition number :75
#



4300
5900
10100
19500
21000
23000
32000
39400
41200
55400
56900
58900
71600
77300
81500
87800
94200
97300
102700
118300
120500
127300
162600
164300
179400
182200
185300
191800
198100
209400
222100
230300
231900
233700
243700
255400
257800
265200
268800
280600
286200
294300
306200
308300
319300
321600
325200
340500
342200
354500
356300
362400
369000
371600
377100
383000
398400
400300
405900
413000
416500
418400
429300
448000
452300
453900
459600
461900
482600
487500
502900
508300
521200
529000
548000
550800
566900
569500
585300
591600
599900
623600
634700
639000
665600
707000
712200
714100
724500
726400
738700
753800
756000
769300
777000
789200
792600
803900
813400
815300
830600
832600
838000
840200
854000
861600
872800
886800
888500
900500
919200
932600
937500
954800
957800
964100
978900
985700
1000700
1486500



# OFFOEL HEADER
# repetition number :76
#



4600
10000
11500
19700
21200
23800
32300
39400
41100
55300
56900
58700
70100
81200
87800
94500
97500
103600
118900
120800
126700
162900
179600
182300
185000
191500
198000
209300
216800
222400
230600
232200
239600
243400
255500
258700
265500
286300
294300
303700
307900
318700
320400
324600
327500
340700
343000
354900
356600
362500
366800
369500
377600
383100
399200
406200
416600
418300
444600
452200
454100
459300
461200
482300
488100
502600
508700
510600
521600
529200
547500
551000
565000
578400
585100
592100
600600
623700
634300
638100
655500
665600
692200
701700
712200
714000
724700
726700
738700
753000
758300
769400
776700
786700
789200
791200
798500
813200
815000
830300
832300
837600
839500
854200
862100
872900
887000
888900
899600
902600
919000
933300
936700
954300
958000
964100
967800
978900
1000200
1187500



# OFFOEL HEADER
# repetition number :77
#



4300
10000
19800
21300
23400
32400
39700
42600
55000
56500
58600
71100
81000
83200
93700
97100
102200
118300
120000
127700
162500
179100
180900
184800
192000
208100
222200
230400
232100
238200
243400
254500
256500
266400
294300
304000
307600
317700
319600
322900
325400
340500
342300
354400
356000
362000
367900
370000
377100
382900
398400
400100
406200
416800
429500
447000
452300
454100
459300
461400
467000
482800
487600
502500
506600
509100
520600
529600
547800
550200
557100
566100
584300
591500
599700
624100
634500
637300
639700
655800
665400
684200
703100
711900
713500
724300
726200
738700
753200
758900
769300
777300
788700
790700
798300
812700
814600
829800
831700
837800
840800
861700
863900
872900
886400
888100
889900
898900
901300
909300
918900
933300
936600
954000
957300
963600
965700
978900
985600
997200
1000600
1107700



# OFFOEL HEADER
# repetition number :78
#



4500
7000
10100
12000
19900
21600
32800
39000
40600
55400
56900
59000
71200
80900
82500
88100
94200
97100
102800
118600
120600
126700
162700
164700
170900
179900
183600
191300
197900
208500
222300
230500
232000
233900
238600
243900
255300
257600
265500
281600
293900
303800
307800
318800
320800
324300
340800
342500
354400
356000
361600
366000
368800
371000
376800
383400
398600
405800
416400
418100
429800
446500
452300
454100
459400
461200
482600
487900
502600
505400
509000
521400
528600
548400
550700
566000
578400
591700
599900
623900
635100
639500
665500
672300
701400
707900
712000
713800
724300
726300
738700
753100
755200
759300
769300
776400
788900
790800
798600
804100
813400
815200
830100
832400
837700
853500
861700
872700
874700
886900
888600
900800
909600
919500
933200
936900
954200
957200
964100
979100
986100
995600
1000200
1002000
1105400
1743400
1803000



# OFFOEL HEADER
# repetition number :79
#



4500
8100
10300
12500
19800
21400
23200
33000
39800
41700
55400
57000
71200
81100
87400
94300
96800
102500
108200
118300
120100
126900
134400
162600
169900
179700
181800
184500
191400
197500
208800
221800
230500
232200
238300
243700
254600
256600
265700
285800
296000
303300
306200
309200
318700
320500
324500
326600
341000
354800
356900
362400
368800
370700
377300
382400
397900
399900
406200
417200
429100
447000
452100
454000
459300
461400
482400
488500
502500
504100
508900
511300
520800
527900
547800
551100
565500
584600
591700
599500
613200
624300
635600
639800
656100
665700
691500
701500
711900
713600
724600
726700
738500
753200
758800
769600
771900
777000
788700
790400
798400
804100
813100
815700
830000
832100
837800
839800
855400
862000
872800
886900
888500
890500
899900
910200
919000
933500
936600
953900
957300
963800
978800
997000
1000500
1002800
1812800
2458400



# OFFOEL HEADER
# repetition number :80
#



4600
10200
12200
20000
21600
32200
39800
41900
55700
57200
70900
81000
82800
93800
97100
102300
118200
120000
127100
162900
179400
184700
191800
209200
222000
230600
232300
238100
255300
257100
281000
302700
307700
318800
320800
325000
340800
342800
354900
356700
362500
369600
377300
383100
399300
406200
416700
418700
447600
452100
454000
459500
461400
482300
484000
488200
502500
508400
511100
521700
529100
548200
550500
566000
591200
600300
624000
634800
654500
666400
685900
702900
707400
712300
714100
724400
726100
739100
753600
758400
769800
771600
777500
788900
790700
798500
804600
813200
814900
830100
832100
837700
853100
862200
873200
886700
888500
899400
902500
915800
919100
936900
957400
963800
966400
978800
985900
1000400
1002800
1433200



# OFFOEL HEADER
# repetition number :81
#



4400
9900
11300
19700
21400
31700
39500
41600
55400
56900
70700
77200
81200
93800
96200
102500
118600
126700
162400
169800
179800
182100
185100
192100
196700
208800
222000
230300
232000
238500
244200
254800
257300
266700
286300
303500
307400
309700
319000
320700
324800
340800
342500
354900
356500
362400
368900
370900
377400
382600
398900
405900
416800
418500
429300
446800
452000
453700
459200
460900
482600
488000
503200
508300
521300
529000
547600
551800
565400
578900
591600
600300
613400
624100
635400
638800
665800
685900
701400
712200
713900
724600
726900
739100
752700
754600
769600
771400
777000
788700
790500
798600
813200
814900
830000
831700
838000
854600
861800
872900
887000
888700
900400
918800
932800
937900
957400
963600
965600
979000
986300
1000300
1003100



# OFFOEL HEADER
# repetition number :82
#



4500
6000
10500
12100
19700
21100
22800
31800
39200
40900
55400
56900
58600
71200
81100
83700
94100
97700
103200
118300
119900
127100
162500
164300
170800
179600
181900
185200
192400
197700
209000
222100
230700
232300
238500
243900
255200
258100
265600
282000
286600
293500
305000
308400
318900
320700
324200
326000
340600
342200
355000
356600
362100
369700
376900
383400
398800
406000
416400
418000
429600
446800
452500
454100
459600
482400
487200
503200
508300
510700
521100
529000
547200
551500
565200
567500
591500
600000
612800
624200
635300
640200
665400
669900
685400
703200
712500
714400
724400
726200
753200
758400
769700
772000
777200
788800
790500
799400
804300
813500
815200
830100
832100
837400
839300
853500
862000
872700
874300
887100
889100
900300
903600
914300
919900
932900
937100
953800
957100
963900
965800
979400
985600
995700
1000500
1319400
1591100
2217100



# OFFOEL HEADER
# repetition number :83
#



4500
10000
11900
19800
21200
23400
32300
39100
40800
55400
56900
59300
71000
81000
82800
93900
96900
99800
102400
118300
120000
162800
170500
179600
181400
185800
191400
209200
222500
230700
232200
238000
254800
256900
267600
286200
293900
303400
307800
318900
320400
323500
326800
340600
342700
354800
356600
362800
369700
377200
383100
398500
400400
406200
416900
418800
429600
446300
452600
454300
459600
461200
482700
488500
502600
504400
509100
521300
529200
547900
550600
566700
584200
591600
599800
624300
634600
640100
665100
685400
702400
711900
713400
724700
726300
739700
753600
758900
769400
777200
789300
790800
804400
813400
815000
830200
832100
837800
840200
862000
872600
886800
888500
899800
915200
919700
933800
937400
954400
957600
964200
979500
995800
1000800
1620900



# OFFOEL HEADER
# repetition number :84
#



4500
10000
11500
19900
21500
24600
32400
39400
41300
55600
57200
76800
80900
82700
94100
97400
102200
118400
120200
127300
162300
164500
179500
181300
185100
191400
209500
221700
230400
232000
237800
243500
254300
257900
266300
285700
303700
308200
318800
320900
325400
340700
343100
354800
356600
362200
364600
369600
377000
383500
398400
400400
406000
417000
419400
447500
452300
453800
459700
461400
482300
488000
502800
505000
509400
520800
529300
547300
549500
551800
566100
591300
599300
602300
623900
635000
639300
666100
671200
702700
712400
714200
724700
726300
733700
739500
753800
758200
769500
776800
785900
789100
791000
798300
805700
813400
815300
830400
832000
837800
840000
856000
862300
872900
887000
888700
890500
900700
903600
915000
919500
933700
938100
956200
964200
966300
979200
981000
995600
1000500



# OFFOEL HEADER
# repetition number :85
#



4700
10000
11500
20200
21800
32300
39500
41100
55300
56900
70700
76500
81100
83200
88400
94200
96800
102900
118900
120700
126800
162900
164900
170900
179700
181300
184700
193000
197200
208500
222400
230500
232100
238100
243700
254900
256800
266100
287100
294500
304300
308600
318600
320600
324700
340700
354400
356300
362100
368700
370900
376800
383400
398600
400900
406200
417100
419200
429400
447000
452100
453800
459700
461400
473000
482500
488600
502700
509200
521800
529400
547800
550200
552400
565800
579300
591500
599300
601100
624200
635500
639000
655900
665800
672700
701700
712400
714000
724400
725900
739000
747400
753900
757900
769600
777500
789400
791200
798500
804800
813500
815200
830800
832700
837800
839800
862700
872900
874600
886900
888400
900300
903400
912500
919300
933200
936900
954100
957200
964400
979400
986000
996700
1000800
1466800
2141900
2187300



# OFFOEL HEADER
# repetition number :86
#



4600
9700
11500
19700
21300
24800
32100
39600
41300
55100
56600
58200
70400
77600
81400
93800
97600
102700
118600
120200
127300
162300
164800
170200
179100
180700
184500
191900
208800
221100
222900
230300
231900
233700
238800
243800
254900
257400
265000
281000
286400
294400
301200
304800
308400
319000
320600
325300
340900
342800
354700
356400
362400
368800
370800
377300
383300
398700
407100
416700
418400
452100
453600
459200
461000
482500
487900
503000
508700
510600
521700
529000
547700
551000
565300
568400
585200
591600
600200
623900
626000
635200
640300
656000
665600
684600
702000
706800
712400
714100
724600
726200
738800
753300
755700
759300
769500
772300
777100
788900
790700
803900
813500
815100
830300
831900
837800
840300
854600
861800
872800
887000
888800
899900
902700
915200
919700
933900
936900
954000
957700
963900
965500
978800
1000100
1001900
1017000
1978800



# OFFOEL HEADER
# repetition number :87
#



4500
10100
11700
19600
21100
23200
33500
38600
40200
42300
55500
57100
70600
81100
94100
96700
103100
118500
120300
126100
162700
179200
181000
184800
192000
209400
222400
230600
232100
237200
243600
254800
257300
265600
294200
304100
308800
318800
321100
325300
336000
340800
354800
356500
362300
368900
371000
377300
383300
399000
400900
406300
416700
418400
447300
452300
453900
459600
461300
477500
482600
484500
488600
503100
508600
521000
529300
547800
551800
566200
585500
591400
593100
600400
624200
634500
639100
654000
666000
702300
712400
714000
724400
725900
739300
753400
756100
760100
769800
776900
779100
785400
789700
791800
798600
813300
815000
830100
831800
838100
840000
854200
862000
872800
874500
887200
888800
900400
902900
915900
920100
932900
936800
954100
957600
964300
966000
979700
985800
1000300
1002100
1175600



# OFFOEL HEADER
# repetition number :88
#



4600
10200
11900
19800
21300
23200
32600
39000
41300
55300
56800
59100
71100
80700
82400
88200
94900
97700
102900
118500
120100
126500
162800
170200
179800
182100
185200
197300
209100
221900
230400
232100
234200
238000
254700
257500
266100
286600
294200
302600
305000
308300
318500
320400
324900
335600
340900
343600
354900
356500
362400
369000
371100
377100
383600
399200
402000
406200
416900
419400
447300
452300
454100
459800
471900
482400
488500
503000
505000
509400
521800
529900
548100
550800
566500
585100
591300
593300
600500
623700
635200
640000
655800
666000
683700
701500
703600
712400
714200
724700
726300
738900
754000
759000
769300
771300
777000
789100
790900
799100
804500
813500
815100
830400
832100
837900
840100
853300
862000
873000
886900
888400
900900
914200
919400
933600
937300
956500
964200
979300
986300
1000600
1002300
1329200



# OFFOEL HEADER
# repetition number :89
#



4400
10200
19600
21100
23000
32500
39700
42100
55500
57000
81000
82700
94400
98400
102700
118300
120600
127200
162800
170800
179500
181300
185300
192200
197100
209300
221900
230200
231900
238500
243600
255100
257700
266200
286600
293900
303400
308000
318700
320700
325100
335900
341200
355000
356900
362800
368600
370500
377300
383500
399500
405500
416500
418200
447400
452500
454100
459400
461900
482100
487400
502800
508700
521700
529000
547800
551100
566000
584100
591200
600200
624200
635400
639400
665900
701300
708300
712300
713900
724300
727000
734800
739300
753500
758500
769800
777200
789500
791300
798900
813500
815400
829700
831500
837900
855200
862400
872300
874000
887100
888600
891100
900200
903400
915400
920200
933000
937600
954000
957700
964300
978800
986400
1000400
1003100
2034100
2109100



# OFFOEL HEADER
# repetition number :90
#



4500
10000
11500
19800
21300
23600
31900
39500
41200
54900
56400
58500
70500
76900
81300
88400
94200
96200
98700
103500
118500
120100
127200
162700
165200
179600
181600
184800
192400
208800
221900
223700
230700
232800
238000
255100
257100
285700
303500
307800
319000
321100
325300
340800
342900
354500
356100
362100
369500
376800
382800
398900
401200
406800
416700
418900
429800
448700
452200
453800
459400
461100
482600
487800
502900
505200
509000
521200
529300
542400
547800
551700
565900
568700
585400
591800
599400
623900
635800
639000
666500
701700
712100
713700
724700
726200
739400
753700
758800
765100
769600
771800
777200
789000
791400
798700
813100
815600
830200
832500
837500
839300
852700
861900
872800
875100
886800
888300
900300
903700
917900
933200
953700
957800
964100
979300
986600
1000500



