


# OFFOEL HEADER
# repetition:1
#



6300
8000
14400
16100
18700
20900
32100
34000
35900
46200
51400
61700
63800
77400
82300
87900
93400
96500
107700
122400
128400
134500
141800
143600
157700
169400
171400
178700
190900
206100
214800
217200
230000
244900
251300
257200
259000
270300
290400
307000
311700
317100
321800
327300
333500
342300
349000
356000
362100
370300
377800
384000
393400
396400
404000
409900
420600
428900
439600
449900
459700
463000
471200
472900
486200
491900
499800
511500
519300
527400
535300
537800
542600
548400
564800
580500
583000
595200
601300
610400
612800
619700
632200
642500
652800
668200
681400
687400
690200
693200
710300
713100
727300
729700
735500
743700
748900
756900
765900
772000
774100
788100
794300
805500
816400
838100
847800
850100
870200
872700
882400
884400
905900
914300
926400
937600
945000
948600
954200
960500
970800
981600
993600
1007200
1010200
1021100
1027300
1037000
1042300
1048800
1051000
1059000
1061100
1068200
1080200
1091400
1108200
1114900
1117000
1118900
1130600
1136500
1140700
1151800
1153900
1164000
1166200
1175400
1194900
1209100
1212500
1218100
1243500
1245500
1258300
1272400
1285900
1293300
1299300
1309300
1313700
1321200
1332500
1338500
1355900
1358200
1368000
1384400
1397700
1425800
1433600
1436600
1444200
1456300
1461400
1470400
1472300
1483200
1496100
1498300
1504300
1522900
1531100
1541200
1547700
1551500
1561200
1564000
1572700
1577400
1588200
1598900
1616200
1624800
1632300
1639200
1653600
1658900
1672300
1683700
1687600
1694000
1696600
1703700
1707700
1717500
1735000
1740000
1748200
1752400
1758700
1764400
1767800
1769900
1789500
1801300
1824600
1836700
1844000
1856100
1861600
1871300
1886900
1891600
1899100
1904200
1920700
1922700
1933000
1938000
1952600
1954400
1966800
1972200
2009200
2012000
2014100
2026800
2032200
2034500
2042500
2048300
2053800
2058100
2060200
2072600
2078200
2093800
2098100
2109300
2119800
2126000
2137300
2143200
2145800
2153200
2175000
2177900
2188200
2194200
2196900
2207300
2213300
2224900
2226800
2232700
2247400
2250100
2269800
2279800
2292100
2300700
2303700
2308900
2319500
2334400
2339700
2343700
2357000
2359700
2365400
2372900
2380800
2389700
2398800
2406100
2419900
2425000
2439500
2455800
2465200
2474400
2476800
2496900
2501900
2515800
2525900
2530400
2532500
2546600
2552400
2563700
2565900
2571300
2592000
2600600
2606600
2609100
2622000
2624100
2639200
2644200
2646400
2649200
2651400
2671500
2686900
2694000
2695900
2720600
2722400
2736900
2765700
2767500
2772500
2780600
2791600
2793500
2808200
2812300
2818000
2828500
2830300
2849500
2863900
2877100
2879900
2885000
2896000
2907600
2909700
2920500
2929700
2938400
2945100
2954700
2961500
2969900
2978400
2986100
2995000
3011000
3016500
3032000
3034100
3045300
3051600
3072000
3082000
3084900
3098600
3110400
3116600
3121900
3139300
3150700
3165400
3171400
3173900
3178800
3191100
3209000
3225500
3232100
3234900
3256200
3258000
3275300
3286800
3290900
3295900
3302700
3325100
3342200
3351000
3382400
3392000
3401600
3420800
3422600
3435500
3441800
3456900
3463100
3466900
3473900
3485000
3502700
3509000
3525300
3534100
3536200
3545700
3561200
3572800
3586700
3602600
3607300
3612900
3628700
3630600
3635000
3650700
3661700
3672100
3685500
3689100
3694000
3709400
3711500
3725700
3727800
3740200
3748300
3750500
3753200
3763000
3775100
3781500
3787300
3790300
3793800
3812600
3816800
3824000
3833100
3847400
3853400
3880400
3885500
3887800
3901500
3917300
3932100
3935100
3945300
3962600
3965000
3979300
3986400
3994200
4000400
4012200
4030300
4033200
4041500
4050200
4054000
4060100
4073600
4078000
4083800
4087900
4096900
4105100
4112700
4127100
4133000
4150200
4157400
4163500
4166200
4176300
4183300
4190500
4207800
4217500
4233900
4251900
4253800
4262400
4277500
4286000
4292200
4313100
4328900
4331800
4334300
4338900
4340900
4346400
4359800
4385900
4392300
4400100
4407800
4427000
4432600
4435100
4440100
4453000
4466900
4476400
4487300
4493400
4498700
4511800
4533700
4538500
4546500
4549400
4554600
4560300
4578100
4588100
4590600
4598000
4606700
4611000
4617300
4631800
4638800
4650700
4658400
4671000
4690500
4695500
4724600
4729300
4733700
4744300
4746300
4753700
4760100
4764400
4779700
4786900
4802700
4818000
4822600
4824400
4839600
4864500
4871400
4875300
4877700
4885800
4887900
4900000
4909900
4923600
4929400
4931500
4944400
4946600
4950300
4970400
4974400
4982300
4992600
4997600
5007700
5016200
5029900
5033300
5039200
5055800
5070100
5074900
5093300
5100500
5109600
5124200
5126000
5137500
5139500
5150400
5157900
5165400
5201300
5207500
5226000
5237000
5244400
5253500
5264000
5271700
5274800
5286900
5289100
5299100
5305000
5316000
5330400
5343800
5362000
5368000
5374700
5382800
5400500
5406300
5415500
5425500
5432700
5442000
5447400
5461400
5471900
5476300
5506100
5511200
5523600
5530900
5533700
5543300
5551000
5555300
5568000
5585900
5594200
5603000
5607200
5629200
5640800
5658700
5664900
5688800
5692000
5697000
5711900
5719500
5737000
5748200
5756600
5770900
5782200
5798800
5811300
5824400
5834600
5843000
5849200
5859000
5861900
5879600
5891600
5896300
5937200
5939400
5948000
5952600
5955000
5962300
5968300
5970800
5990500
6015500
6025900
6037400
6045700
6060200
6070200
6083400
6095900
6098100
6108700
6111700
6119000
6124400
6130500
6155600
6165600
6175400
6191500
6193300
6196100
6208400
6210300
6223200
6231800
6243100
6248400
6255700
6262400
6281500
6289500
6296200
6306300
6312200
6329400
6334200
6355100
6357800
6365800
6374100
6378700
6390100
6394500
6420800
6426500
6432100
6452300
6456400
6467100
6473500
6480300
6485700
6499700
6510100
6514400
6530800
6539200
6550200
6560700
6574900
6581400
6599500
6607400
6613300
6622500
6641100
6643400
6656300
6671200
6676400
6682700
6694600
6698900
6724500
6736200
6752100
6756900
6761100
6766700
6777000
6782100
6797600
6803300
6809200
6823000
6829900
6847700
6861100
6863800
6877600
6897500
6899900
6906400
6919100
6932700
6953000
6955100
6970600
6976700
6989000
6999000
7010800
7021300
7027100
7033300
7042500
7060900
7068200
7079200
7104900
7114900
7128300
7143900
7150300
7156100
7160700
7174400
7195700
7202400
7216000
7228300
7234300
7262400
7273200
7279300
7299400
7310300
7316800
7341000
7345700
7358200
7365000
7378300
7386300
7396300
7403100
7417600
7422700
7430400
7436800
7458000
7474300
7477900
7497200
7503700
7508500
7515500
7526400
7541200
7557900
7561400
7567000
7574300
7596800
7602400
7609200
7625700
7634300
7643000
7662800
7670800
7686800
7691300
7693700
7702700
7713300
7721400
7735400
7737800
7755700
7764200
7782400
7788200
7799600
7803500
7815600
7831800
7842400
7868200
7875300
7884800
7888200
7898000
7900600
7909000
7915300
7937700
7942400
7948300
7950300
7968800
7972700
7989000
8003900
8005600
8015000
8022200
8032600
8045600
8056300
8076900
8084000
8093300
8098500
8104300
8107000
8115600
8119200
8130200
8140000
8153900
8172300
8199700
8207200
8218200
8224700
8231700
8239000
8250500
8253100
8269700
8276300
8285200
8298000
8303700
8310800
8318400
8323500
8328700
8340400
8349300
8358400
8365300
8370100
8380400
8393000
8395300
8419700
8429700
8431800
8456700
8469100
8495600
8507200
8537500
8543200
8545600
8558500
8565400
8591000
8593200
8609100
8615200
8625300
8627500
8644300
8650800
8655600
8662200
8667800
8677800
8687100
8704300
8707200
8715400
8718100
8728500
8737800
8748200
8759000
8772400
8784500
8795200
8814300
8816600
8835600
8846100
8869200
8874700
8876900
8887100
8890700
8896800
8911800
8922200
8930600
8948100
8960000
8966400
8982200
8987800
9005100
9010400
9012200
9030300
9037800
9049200
9054600
9070100
9084200
9086700
9104500
9106500
9125300
9127400
9131400
9143800
9145900
9175200
9180900
9188400
9190900
9197900
9217700
9229000
9231300
9253800
9255600
9262700
9274100
9284400
9297700
9306700
9310200
9342100
9355300
9366100
9372100
9383300
9387600
9394100
9397500
9406800
9409200
9418700
9424200
9427200
9437300
9452400
9463500
9489400
9491500
9496600
9504100
9506700
9523000
9527600
9550300
9562400
9565000
9579700
9585400
9609400
9611100
9629700
9647600
9651600
9660200
9681000
9702700
9711300
9718800
9740600
9758000
9767000
9772500
9779100
9784300
9795300
9800200
9817800
9820400
9831500
9835500
9852100
9856700
9882200
9904700
9911600
9921500
9934600
9937000
9966300
9969000
9973300
9984400
9986300
9998900
10000800
