# repro call number: 0
# mode: 3
# signal: 2
# stimulus file: /extra/setup/oel/stimuli/receptorInfo/gauss_st6_co100.dat
# carrier freq (kHz): 5
# stimulus length (msec): 1000
# pause between stimuli (msec): 700
# length of ramp (usec): 1000
# desired firing rate (Hz): 100
# standard deviation (dB): 6
# cut-off frequency (Hz): 100
# repetition number: 0
# duration (msec): 1000
# intensity (dB): 93.3333
8400
11500
14300
17500
20900
24000
27100
30500
44400
47900
51100
59500
62900
66000
74900
78500
81800
85100
96100
99500
103200
106400
110200
118400
130300
136400
139900
143100
150900
155500
172200
176900
181900
186200
193800
198900
211600
215100
226600
231500
245300
271500
275700
285400
289500
294400
298200
301700
305400
315300
319800
323700
336100
341200
346100
354300
357900
363100
373500
377400
383400
387400
407900
412000
424400
429000
433400
437100
441200
452400
457600
464900
468600
486100
489900
493500
503300
508800
520600
524700
529200
535100
544500
554400
558500
578400
582300
590000
594100
606100
610100
613900
618300
630400
641700
658600
664900
668800
680400
686100
693200
697100
701000
711800
717100
721100
728300
732300
745000
749400
760600
764700
772500
783700
793800
798200
804900
817000
828000
832000
853600
857600
870100
877600
886600
890900
898800
903600
919700
931300
962600
978200
986100
992400
996900
1003300
1014900
1027900
1037300
1043000
1080200
1084600
1092600
1103900
1112200
1119600
1127600
1139800
1152900
1160700
1165600
1172300
1176900
1187000
1213200
1217700
1227000
1238700
1249600
1273300
1277900
1284900
1303000
1318200
1323000
1334800
1345200
1366600
1371300
1376100
1385100
1398500
1409700
1423800
1433400
1451400
1467000
1474800
1486800
1497000
1508500
1514700
1543900
1557600
1576200
1585400
1590700
1597200
1614000
1624900
1646600
1668800
1673700
1683400
1697500
1733900
1741100
1746200
1755000
1767600
1786600
1795200
1807200
1828400
1842600
1858200
1874200
1879700
1890000
1899600
1910700
1922900
1932400
1938700
1951400
1959100
1976600
2000300
2011200
2023600
2032000
2037900
2063300
2074500
2086000
2097000
2111700
2130700
2144500
2150700
2174500
2186200
2210400
2218200
2225600
2240800
2259100
2271300
2281800
2291400
2301500
2309300
2324100
2344100
2365000
2393000
2406400
2417300
2430900
2439500
2447600
2468800
2484800
2499800
2517400
2527500
2542000
2555000
2581800
2590700
2603200
2626200
2634700
2641600
2650000
2659800
2673800
2684200
2708300
2714600
2722700
2735400
2747200
2776200
2793900
2807200
2815900
2835900
2857600
2897900
2910600
2923200
2945200
2964200
2980300
2995100
3004700
3019900
3026700
3046100
3082100
3097500
3115200
3127000
3170900
3182600
3198300
3209100
3223200
3237300
3248800
3283100
3291700
3310100
3338800
3354700
3376900
3391900
3401800
3413500
3443400
3465700
3487600
3505700
3512000
3529600
3540800
3547800
3566000
3579500
3590200
3616000
3647100
3662000
3672300
3680100
3695500
3709700
3727600
3736800
3750700
3764200
3775300
3790200
3801300
3832200
3842400
3851000
3864600
3874000
3895100
3912300
3927800
3943500
3954200
3968000
3978200
4002800
4020400
4033800
4046100
4056800
4068800
4082400
4089300
4106500
4135800
4143600
4157700
4185300
4195800
4206400
4222900
4234200
4246600
4258300
4289700
4306400
4343100
4358100
4374600
4381600
4403000
4417400
4431700
4446700
4457700
4481700
4491700
4500000
4517700
4533000
4568200
4578600
4603500
4614900
4637700
4674800
4691500
4715300
4732800
4741600
4753900
4763600
4788300
4799600
4811700
4821900
4834700
4866400
4875500
4885800
4905200
4919100
4962600
4977800
4990900
4999700
5009000
5023800
5032400
5041400
5062400
5073600
5100700
5127200
5147300
5158900
5167000
5195900
5221800
5236600
5248900
5267700
5281400
5297200
5310400
5317600
5327100
5339200
5348500
5359800
5397600
5416200
5427500
5447600
5459400
5469200
5479900
5507700
5518000
5552300
5561100
5576700
5584900
5614800
5627600
5643000
5678900
5699200
5710500
5730700
5741200
5753000
5766700
5781100
5804100
5817800
5826900
5851000
5878900
5890200
5906200
5919100
5939000
5952200
5982100
5989900
6015900
6031800
6045300
6081600
6092600
6110900
6119300
6131900
6141200
6161700
6173000
6192300
6236900
6250000
6263200
6277300
6294300
6303600
6360600
6375400
6394400
6408300
6417200
6428900
6452200
6468600
6491200
6501500
6510600
6545000
6557300
6572600
6609400
6623700
6661000
6684100
6694400
6708500
6730800
6747800
6766900
6777200
6787900
6799800
6813200
6823900
6836000
6851000
6868100
6877800
6895100
6904800
6913800
6928400
6952600
6968000
6992100
7008900
7020400
7033800
7046000
7058600
7066800
7097200
7108400
7125300
7137000
7151000
7160800
7182900
7212000
7223400
7247100
7258800
7268500
7295600
7306300
7320100
7332400
7349500
7363100
7382000
7412900
7434700
7444100
7458500
7470600
7497200
7510200
7533700
7544600
7578600
7593500
7606400
7614100
7627200
7646800
7662900
7690000
7713400
7730900
7742600
7751500
7764800
7779200
7794900
7808700
7822700
7837800
7855100
7868000
7878900
7898800
7921200
7935600
7958100
7968600
8014300
8039700
8080200
8099300
8126900
8142300
8157500
8169000
8183900
8199800
8209000
8230100
8252500
8261100
8271800
8284200
8296300
8327700
8343500
8361000
8372600
8399400
8408400
8416800
8429700
8442800
8455500
8466200
8475700
8492800
8520300
8529700
8538900
8569700
8581500
8601200
8611100
8625800
8639800
8653200
8665100
8677700
8687400
8705200
8716800
8731000
8746600
8766400
8786600
8802400
8828100
8861200
8868500
8884700
8893200
8914300
8928100
8935500
8946400
8965400
8992900
9000900
9025000
9052200
9069300
9081500
9111300
9125900
9138000
9154200
9165400
9185900
9202500
9213600
9230500
9250200
9263300
9275800
9285900
9301800
9316100
9327700
9344200
9365300
9376300
9390200
9399500
9407500
9420300
9434300
9447100
9466000
9482400
9504300
9514400
9529800
9545400
9559100
9589300
9603100
9618700
9640400
9659700
9687300
9699400
9715800
9731100
9741500
9765300
9781800
9793500
9814100
9825200
9835300
9851600
9864900
9874900
9892600
9917900
9945800
9957300
9965400
9977700
9990100
9997800


