# repro call number: 0
# mode: 3
# signal: 1
# carrier freq (kHz): 5
# stimulus length (msec): 1000
# pause between stimuli (msec): 700
# length of ramp (usec): 1000
# desired firing rate (Hz): 100
# standard deviation (dB): 6
# cut-off frequency (Hz): 200
# repetition number: 0
# duration (msec): 1000
# intensity (dB): 44.4828
5500
9000
14700
24100
28800
37600
40500
45600
48300
51100
60200
65300
79100
81300
86200
91100
104100
127800
136600
144500
147000
182000
198000
200800
209800
212500
217200
220200
225200
243000
253400
266000
268500
284600
299100
302500
304900
311000
332600
343800
351400
354000
361000
367700
370400
372800
385500
396200
399300
402200
410800
417100
426700
429200
434600
440000
460700
463300
474900
479100
481600
487300
495500
502100
528900
545400
549200
551600
555000
557200
563200
582900
593200
599000
604900
613600
619200
625300
627900
632100
634700
653700
658800
669600
674900
681500
688500
703500
709900
715600
721800
739100
741800
790200
792600
799800
802900
811600
817000
821000
834000
844400
848900
856300
864400
867200
881000
893100
897900
903700
923800
928200
935300
938900
945700
956900
959400
965600
972700
979100
986000
989000
1002100
1005800
1014400
1023300
1028500
1044800
1055100
1065600
1070400
1075900
1079500
1084100
1087400
1094400
1114600
1122700
1151400
1154100
1156900
1167800
1175400
1184600
1186900
1197400
1206000
1211000
1238300
1243500
1245900
1254800
1266100
1272900
1284300
1288500
1291300
1295600
1309900
1312700
1316800
1322700
1330200
1337800
1343500
1356800
1363500
1382700
1391900
1395100
1399600
1411900
1418500
1429700
1449800
1468200
1476900
1480700
1486400
1489000
1498500
1515600
1541300
1549200
1579100
1585100
1592200
1594500
1609500
1615000
1627000
1634700
1638200
1641000
1655300
1662600
1669900
1691800
1694200
1699200
1704800
1718900
1735500
1742300
1745800
1751500
1756000
1768200
1778600
1807300
1813600
1825200
1827600
1833100
1838200
1852700
1857300
1865800
1876800
1889800
1895500
1899600
1913200
1916500
1932800
1935500
1948200
1958800
1962400
1966000
1970300
2003300
2015200
2017600
2028100
2031600
2034800
2046100
2056000
2066300
2068800
2077900
2081800
2084300
2087900
2098700
2103800
2108500
2113300
2124100
2133500
2137000
2149900
2160900
2168200
2172200
2176200
2181900
2196300
2211400
2220400
2230300
2235500
2241500
2255400
2257700
2262500
2265300
2269600
2277100
2280700
2288100
2294000
2299800
2312500
2319000
2325500
2339300
2345300
2348300
2351100
2355800
2369600
2372300
2376200
2383900
2397800
2401700
2410700
2413100
2433000
2436000
2441200
2452200
2458400
2461100
2475400
2480800
2491800
2496900
2510400
2519400
2525800
2544600
2562600
2569900
2577100
2585200
2587800
2590800
2593600
2599600
2602500
2612100
2615500
2623400
2627400
2630600
2637500
2649200
2656300
2661700
2674500
2697200
2700700
2724500
2738600
2741900
2749400
2754900
2767600
2772000
2799200
2807300
2810300
2815900
2820900
2823600
2837100
2840300
2843200
2848600
2859500
2865500
2878200
2890800
2895700
2902900
2913600
2916400
2924500
2930400
2936000
2938600
2941600
2946100
2955700
2958300
2962000
2967700
2981700
2991100
2995600
3019400
3025400
3028200
3048600
3054500
3061300
3088500
3090800
3095100
3101300
3112100
3121300
3134500
3137600
3163000
3166600
3170000
3178200
3185000
3188500
3212200
3214800
3227300
3229800
3234500
3240200
3252400
3258000
3270900
3277800
3283800
3288600
3294500
3304400
3320800
3328000
3333900
3338600
3350600
3358900
3364500
3369100
3375600
3384600
3390000
3400500
3403600
3430700
3448500
3454600
3469000
3475400
3480300
3486800
3492900
3496100
3506500
3512600
3516900
3529100
3536600
3545600
3552400
3570500
3575700
3579000
3581900
3587200
3594500
3608800
3614600
3620500
3625200
3649000
3651500
3660700
3677700
3687100
3711700
3714300
3743900
3748900
3754500
3760900
3767000
3771300
3777400
3786800
3802300
3805200
3808600
3811900
3819100
3833700
3837400
3843200
3848900
3859800
3870100
3879000
3888900
3892900
3898300
3903000
3920000
3923600
3930800
3941100
3953500
3955900
3973500
3990000
4004500
4009800
4039700
4061200
4064400
4076400
4081800
4084800
4087500
4090000
4096500
4103200
4111800
4131000
4139600
4154800
4168400
4173700
4176900
4185500
4190200
4198100
4203300
4216500
4223700
4227200
4229900
4233300
4237800
4249200
4263000
4280600
4291900
4296800
4299600
4314000
4320700
4323900
4331100
4347200
4369200
4373400
4385400
4391700
4394800
4403600
4415200
4423900
4428000
4432300
4444800
4447300
4452500
4458900
4468100
4472200
4484100
4489700
4501100
4506500
4522400
4526400
4534500
4537400
4540300
4556400
4564300
4571200
4580200
4585800
4589600
4592100
4599400
4605300
4612800
4618900
4625200
4639100
4650200
4656500
4663500
4670800
4684100
4697900
4708700
4712900
4716000
4727900
4734700
4739800
4743100
4754700
4759000
4770200
4790700
4796400
4802400
4807700
4810100
4816100
4822900
4833400
4842300
4846000
4852900
4870500
4873400
4882000
4884300
4893300
4899300
4919700
4924700
4932600
4956800
4960700
4966300
4973100
4980500
4985700
4988800
5000300
5003200
5023300
5031100
5034300
5043400
5057400
5060000
5072700
5075700
5087500
5090200
5092900
5104100
5110000
5114800
5130400
5137400
5144300
5156600
5159500
5162800
5166500
5173800
5182100
5193000
5205600
5210900
5222600
5241900
5244400
5246700
5256900
5262600
5269600
5276300
5279300
5284200
5293300
5296400
5300500
5321300
5325300
5346400
5349400
5362900
5365400
5371000
5386800
5395000
5405200
5418800
5421700
5432300
5435200
5437800
5440600
5447300
5453100
5458600
5469900
5475300
5478300
5482500
5495800
5511400
5517400
5523500
5528900
5543900
5553600
5559900
5562700
5567500
5575300
5578200
5597700
5621300
5632100
5644000
5648800
5655200
5660000
5679000
5687100
5689600
5703200
5705700
5709300
5750700
5755600
5758200
5763900
5770300
5784300
5795600
5800200
5809100
5816200
5819900
5833000
5840900
5849200
5861500
5871100
5885200
5897600
5904900
5920700
5925700
5931900
5935300
5939500
5950500
5960200
5990400
6006900
6028900
6035300
6051300
6056000
6063700
6072400
6093800
6096600
6108200
6115800
6121000
6132600
6145200
6158500
6162300
6169400
6188600
6192000
6197600
6204600
6207600
6219800
6241200
6247300
6268500
6273200
6276300
6282300
6295800
6312400
6315000
6328800
6335100
6343000
6349000
6369900
6385500
6394400
6400400
6405800
6416700
6425500
6436200
6438800
6442800
6452400
6455300
6465500
6471500
6478100
6503800
6506800
6518200
6523900
6530200
6543900
6549400
6556400
6559400
6569600
6576600
6582800
6590900
6612400
6623800
6634100
6640600
6656900
6659500
6672700
6688100
6693900
6697000
6710600
6719100
6722900
6738900
6751800
6764600
6781400
6788600
6799300
6812300
6816100
6822500
6838100
6840700
6850800
6853600
6861600
6870900
6877100
6889400
6894900
6898300
6902800
6907800
6910600
6914500
6920000
6930100
6933100
6937500
6940800
6960900
6980600
6990300
7009200
7016300
7021400
7026300
7063600
7068400
7074900
7078300
7089800
7097700
7107200
7119200
7141300
7153500
7158200
7162100
7171100
7174400
7193000
7195200
7203600
7211300
7215500
7230100
7236700
7243200
7248400
7260000
7280000
7294500
7300800
7307900
7320500
7326300
7340800
7346000
7351400
7357200
7361900
7364500
7370800
7377900
7389900
7407400
7409900
7420000
7428700
7460700
7464500
7467100
7480100
7486900
7499900
7504100
7514200
7519600
7522300
7525400
7534200
7540400
7544900
7552300
7558300
7563700
7566700
7572600
7591700
7598600
7611100
7620000
7640300
7654200
7658600
7665800
7670800
7681700
7684400
7690700
7701200
7706600
7714800
7720600
7723300
7727100
7744500
7747800
7753600
7758400
7763400
7781300
7785600
7792300
7797600
7816100
7822500
7828200
7830800
7843600
7856100
7859800
7863200
7870900
7902200
7912300
7916900
7920800
7933400
7938000
7943600
7949200
7953900
7965900
7973500
7978300
7981200
7984500
7990400
7994600
8003200
8014600
8022700
8045700
8061600
8075500
8080500
8088700
8103400
8120300
8135000
8139000
8142300
8152000
8159200
8169400
8175100
8195800
8205500
8212500
8217200
8228300
8241700
8246200
8272900
8283200
8293100
8295500
8304800
8308400
8310900
8330200
8345800
8358800
8367900
8384900
8394600
8397800
8408700
8413800
8418500
8421600
8428300
8437300
8452400
8460400
8477800
8481200
8484300
8497500
8500700
8504200
8512400
8521900
8532200
8556600
8570200
8580800
8591100
8593600
8596700
8611800
8619200
8623800
8631500
8659200
8665900
8678800
8682400
8691600
8701800
8706700
8712600
8723600
8726800
8730400
8736100
8743900
8750000
8752800
8760000
8771900
8780400
8783200
8793900
8810200
8815700
8822600
8825200
8828200
8840600
8845200
8856900
8861800
8877900
8891800
8895100
8917800
8922900
8928200
8945500
8962800
8969200
8996600
9000200
9004600
9008700
9017800
9048100
9050400
9054400
9060000
9066100
9069500
9081000
9091700
9103600
9116400
9119000
9132100
9144700
9147300
9151800
9176600
9180700
9195500
9199100
9206200
9209000
9213500
9217700
9220300
9226200
9235400
9240900
9248100
9250700
9255900
9259200
9263000
9275000
9283100
9286300
9296500
9304200
9307900
9310500
9331200
9336200
9339900
9350000
9366000
9370800
9396100
9408100
9413400
9420300
9430400
9436300
9450700
9462200
9475100
9477800
9480300
9484600
9491700
9498100
9509200
9518200
9537200
9563100
9577200
9588200
9597500
9600700
9611700
9618100
9626100
9634200
9644000
9646400
9664000
9682200
9685900
9692500
9695500
9702200
9719800
9728800
9739700
9765200
9767600
9779900
9790600
9795900
9822200
9832200
9847900
9858500
9861200
9870000
9874200
9897000
9906400
9911300
9915700
9923800
9927700
9935200
9944700
9955100
9961800
9965600
9973900
9977300
9997800


