# OFFOEL
# duration (msec): 1000
# repetition number: 1
5200
7000
9000
10700
12700
14400
18200
22800
24500
26500
28400
36000
39100
44600
47000
49900
52500
58000
59900
65800
74200
78100
80200
82400
85100
91300
93300
102300
104800
116300
127200
134100
137000
143600
145400
147600
152500
156600
170200
179500
182300
185400
188200
197200
199200
207100
209800
211500
214000
216800
218700
226000
230600
241900
253800
257300
262300
267700
274600
279700
283900
286000
297200
299200
302400
304400
310400
326300
333100
335300
341800
344000
346500
351200
353300
360500
362500
367500
369600
372200
380800
384700
387800
395700
397600
402500
405000
411200
416800
419000
426300
428400
435000
438500
448800
454900
460000
462000
467400
472500
479000
480900
487200
495000
497000
501800
512700
518700
527300
529500
535900
546600
548600
553200
555100
557200
562500
582200
584200
588000
593100
604300
609500
611600
613600
615700
624600
626800
631000
633200
651000
658100
660800
667800
670200
672400
673500
680700
682900
688100
690500
702900
714500
716600
722200
726400
739300
741300
747000
753700
757700
768600
775400
789300
791300
793400
799400
801400
811600
813900
820500
827400
833800
836000
847800
850000
856200
858200
863500
866100
873600
881000
883700
891600
893600
898800
902300
904500
912700
923300
927900
929900
934600
937100
939400
956500
958500
965600
969700
971700
977500
989100
1000900
1003000
1006800
1014300
1022900
1028700
1030900
1045500
1054400
1064300
1067700
1071700
1074200
1079300
1081200
1086500
1088700
1094200
1111000
1113200
1125200
1128800
1134400
1142000
1144100
1151300
1154000
1157400
1175000
1183600
1186400
1190500
1197100
1204300
1210500
1212400
1221100
1223300
1232800
1235200
1239400
1243200
1245400
1250500
1255100
1257000
1266000
1272600
1275100
1284100
1289400
1291600
1295600
1302100
1309800
1311900
1314100
1317000
1337500
1342700
1344800
1354400
1363200
1373100
1377700
1383400
1388300
1391700
1394000
1398700
1410800
1413000
1418400
1429300
1431400
1449600
1451700
1464500
1467400
1476900
1478900
1486200
1488200
1498300
1504900
1510200
1515600
1530700
1541200
1543100
1545700
1548500
1551500
1554100
1578700
1586300
1591900
1593800
1608000
1615000
1620900
1626200
1633800
1637700
1639800
1641900
1651100
1655300
1658000
1661000
1663200
1670100
1677000
1679900
1682900
1691100
1693400
1699100
1703700
1706000
1714000
1720400
1726500
1732700
1736200
1739700
1740900
1744300
1755500
1757400
1768200
1778500
1780900
1785300
1797700
1803900
1809700
1813600
1825000
1827200
1833000
1839800
1854300
1856700
1867600
1876300
1878300
1885200
1888700
1891700
1898300
1900300
1904000
1909500
1913600
1933600
1935700
1948500
1950400
1958900
1960900
1964900
1970000
1972400
1994100
2000300
2014600
2016500
2021900
2029300
2032200
2034500
2039800
2045600
2052000
2054900
2066500
2068800
2071400
2077600
2083200
2086400
2098600
2103300
2108600
2113500
2115900
2125700
2133900
2135900
2160800
2169900
2172300
2180100
2182000
2191000
2194900
2210900
2212900
2221100
2229900
2234800
2239900
2243400
2255400
2257400
2265000
2267500
2276500
2278700
2280800
2287800
2293200
2296200
2300700
2312400
2315800
2318700
2325400
2331300
2340100
2345300
2356200
2370000
2372000
2375700
2381600
2384100
2391400
2398100
2400500
2402900
2411700
2424000
2433200
2435300
2441100
2443200
2452600
2458400
2479500
2481700
2491200
2493400
2496400
2498800
2510100
2517200
2520900
2525800
2543900
2546600
2557800
2561900
2572200
2577100
2582600
2587500
2589700
2593000
2599000
2600900
2611800
2613800
2623700
2626000
2628300
2637300
2648100
2656100
2659200
2661700
2673100
2688000
2691700
2696300
2712800
2724500
2738600
2749000
2751700
2754900
2757600
2767500
2769600
2774000
2784100
2795500
2797600
2800600
2807800
2814700
2817600
2822500
2825200
2831700
2836300
2839800
2842400
2848000
2859000
2861200
2868100
2876000
2878200
2885600
2890900
2894500
2896900
2913700
2924300
2930000
2935400
2938100
2940300
2945500
2955500
2957800
2961200
2967400
2980500
2982900
2995700
2998000
3013100
3025000
3027200
3038600
3041900
3053700
3061300
3063900
3081100
3089000
3090900
3095500
3100600
3112500
3120200
3133000
3135200
3144800
3152000
3162700
3164600
3167400
3172600
3178600
3187000
3189100
3198700
3211500
3213700
3228400
3233600
3240800
3246300
3247700
3253300
3260300
3269500
3271700
3277000
3279800
3283500
3288800
3294600
3321200
3337800
3339900
3349200
3352500
3357000
3359500
3367000
3375100
3383400
3390600
3396900
3399300
3402000
3421500
3423700
3429100
3435100
3449300
3451300
3454500
3469100
3475400
3480700
3487300
3492700
3495000
3505900
3511300
3515500
3536200
3538300
3542100
3544600
3547400
3553000
3565700
3569300
3572100
3579100
3585600
3588200
3595300
3607600
3609800
3619000
3632900
3641500
3643700
3648500
3659900
3671800
3677400
3686000
3698500
3709500
3712200
3723000
3728600
3744600
3747300
3750200
3754400
3759900
3766100
3770300
3773600
3776800
3782000
3785700
3792700
3801700
3804500
3807300
3809500
3818700
3821000
3833700
3835900
3838600
3842600
3854900
3859700
3877000
3879000
3883900
3889800
3891100
3899000
3901300
3914600
3919900
3930400
3940800
3954900
3961500
3972900
3983700
3990100
4000000
4004800
4010200
4017500
4032800
4043200
4045600
4049800
4051100
4056200
4057500
4062200
4064500
4066500
4071400
4075100
4083200
4086800
4089200
4096700
4101600
4116400
4120700
4130900
4133400
4143800
4162000
4168200
4174500
4175700
4184900
4190000
4202500
4211100
4216200
4222900
4226000
4228200
4232800
4234000
4237800
4240300
4249900
4251900
4262400
4264500
4280000
4282100
4287200
4292400
4297000
4298200
4299700
4303800
4314200
4316700
4320700
4323600
4331000
4347000
4368200
4372100
4386300
4391200
4393600
4399700
4404900
4413200
4424500
4429000
4431300
4441100
4445800
4448100
4452900
4454100
4457700
4462700
4468600
4469800
4473300
4484400
4489000
4491400
4506500
4522400
4524700
4533900
4537500
4539800
4544600
4556200
4558300
4563200
4564400
4565800
4574600
4587000
4590600
4593200
4598600
4609700
4612100
4639600
4641600
4650100
4662100
4664800
4670800
4683200
4696700
4705000
4709200
4713000
4715400
4728100
4739000
4743700
4746500
4752800
4759300
4771400
4777600
4790400
4794200
4796600
4801700
4807400
4809600
4817200
4821900
4832700
4846800
4850000
4861600
4871400
4881500
4893400
4899300
4907500
4924200
4932000
4934000
4961300
4966500
4974300
4979500
4982100
4986800
4994800
5000600
5003000
5017400
5022600
5025000
5031900
5034000
5057100
5061800
5072100
5074300
5082200
5086200
5088500
5091700
5094000
5108500
5111000
5113700
5136800
5144600
5155300
5157300
5165400
5171500
5174100
5181500
5192700
5205600
5210900
5216200
5223200
5226100
5234700
5242300
5255100
5264200
5275000
5277300
5284300
5292800
5295600
5300200
5302800
5324300
5332700
5346900
5353200
5363200
5370600
5385400
5395000
5406700
5416000
5420200
5426700
5432200
5436200
5438500
5447600
5452100
5458800
5468700
5471200
5475800
5480200
5495700
5511700
5517300
5528500
5538500
5542100
5554000
5559700
5566800
5573500
5574900
5578500
5590500
5603600
5621100
5633500
5643500
5648200
5652700
5655400
5660400
5678300
5686400
5688400
5690700
5703900
5709600
5729600
5732100
5738900
5750300
5754600
5756900
5762800
5765500
5769900
5772400
5784400
5791500
5800700
5807800
5810200
5817900
5826700
5832100
5834500
5842600
5844800
5847900
5850200
5861200
5866400
5870000
5872500
5884300
5899000
5915300
5920600
5922800
5925900
5937400
5950200
5960100
5962400
5980400
5989300
5992400
6007300
6010200
6014900
6029100
6031400
6035500
6037000
6050100
6054800
6062700
6065000
6072500
6074800
6088200
6094100
6101200
6108300
6111200
6116100
6120800
6142500
6146800
6152200
6161100
6171300
6175600
6188400
6190700
6192900
6199100
6204500
6209000
6219700
6241700
6246600
6249400
6254800
6267800
6270500
6272900
6275000
6295200
6303200
6312200
6328800
6334700
6343000
6347300
6371000
6380900
6387000
6393900
6400100
6405200
6414400
6416700
6424000
6428300
6436900
6442100
6452900
6466000
6471000
6477100
6482600
6504400
6506400
6522800
6532600
6535500
6542100
6548700
6554400
6556900
6559100
6562600
6570300
6576800
6581500
6584600
6596700
6608900
6612500
6615600
6624400
6633400
6635500
6640800
6643600
6654300
6657200
6659700
6678600
6687400
6692900
6698900
6703300
6710400
6719500
6732700
6751000
6764100
6781500
6786700
6789100
6793500
6796200
6798600
6801700
6810100
6813200
6815700
6831600
6838300
6841100
6850900
6862100
6870400
6877600
6893600
6895800
6898300
6908000
6913500
6918900
6920400
6930500
6935500
6938400
6941000
6949800
6960000
6976400
6980700
6983000
6990000
7000600
7003400
7007200
7009500
7015800
7021900
7025300
7027800
7032700
7063300
7068400
7075200
7091100
7101800
7107800
7113300
7119100
7125200
7140500
7151500
7154100
7156600
7160100
7171700
7191800
7194000
7203200
7209300
7218300
7229700
7234800
7237200
7242900
7249800
7254100
7257600
7260200
7278700
7295200
7300400
7301900
7307200
7314300
7321300
7324000
7326300
7336400
7340900
7345900
7350500
7362400
7371000
7376500
7382800
7388400
7393600
7405000
7407400
7417800
7420200
7428400
7449000
7454400
7465200
7473700
7478100
7480400
7487000
7498500
7502900
7514300
7518800
7521600
7524500
7526800
7533600
7540000
7542400
7545600
7551900
7557700
7563900
7566000
7571700
7576300
7587800
7592000
7599600
7605600
7615900
7620100
7628200
7640300
7657500
7659800
7665500
7672000
7681500
7686800
7688400
7691100
7700300
7702600
7706700
7713700
7720500
7726000
7744000
7746200
7753000
7758100
7780800
7784900
7791000
7817700
7821800
7828400
7834100
7854600
7858600
7860800
7863500
7865800
7871200
7884700
7896600
7901000
7908300
7912300
7915400
7917900
7920900
7927100
7932100
7939000
7943200
7947300
7951600
7959400
7966900
7972700
7979100
7983700
7989500
8013600
8023000
8036100
8045700
8051900
8055100
8062900
8074700
8081500
8083800
8088200
8090700
8101400
8106300
8114100
8118100
8121200
8128800
8136500
8139300
8142500
8151400
8153700
8159000
8161700
8169800
8175000
8196300
8205500
8212400
8216800
8228100
8230300
8241000
8245300
8247800
8261200
8273000
8288500
8293500
8295700
8303300
8306600
8308900
8324000
8329100
8345600
8351800
8357700
8361800
8368300
8385200
8387300
8395300
8412900
8416200
8418700
8421700
8457900
8474200
8478100
8483200
8496900
8501000
8505300
8506900
8511200
8522000
8525400
8534000
8544200
8552800
8557400
8568000
8570300
8576800
8589600
8594000
8612800
8619500
8623400
8625700
8637400
8657600
8666300
8674400
8679500
8692100
8696400
8701000
8706700
8713300
8724400
8731100
8733800
8743700
8749900
8764300
8767600
8771800
8781000
8783100
8794500
8815300
8817600
8823200
8829800
8839700
8842500
8845400
8853300
8860000
8866000
8871400
8878600
8889600
8893800
8917300
8923000
8928200
8930600
8935100
8944200
8946400
8962700
8969900
8977600
8996500
9004100
9009500
9017800
9038500
9048300
9060100
9065000
9067900
9070200
9081500
9097300
9101800
9108200
9116500
9133200
9147100
9160500
9176700
9179300
9181500
9195100
9197600
9200100
9206500
9213500
9227800
9235300
9237800
9240400
9248600
9257100
9264500
9267600
9275700
9283300
9286000
9288900
9298100
9303000
9306900
9309200
9332000
9338200
9347800
9364300
9368800
9376500
9385900
9390300
9397100
9407900
9410200
9420400
9422500
9428400
9435700
9450300
9462200
9476700
9479100
9492100
9497800
9516700
9523400
9533000
9541700
9556000
9563300
9577600
9586700
9588800
9595500
9598400
9611500
9618400
9628500
9630800
9644400
9663900
9666500
9682400
9685600
9691300
9707700
9711800
9719900
9728800
9731200
9738700
9741600
9747000
9756000
9766700
9779100
9791400
9794000
9796200
9807100
9822600
9832700
9847100
9858500
9860600
9874000
9897600
9907200
9911800
9914100
9916800
9922900
9926700
9934400
9938800
9944000
9955700
9962800
9965400
9976700
9997600
