# repro call number: 0
# mode: 1
# signal: 2
# stimulus file: /extra/setup/oel/stimuli/receptorInfo/lmd_co200.dat
# carrier freq (kHz): 5
# stimulus length (msec): 1000
# pause between stimuli (msec): 700
# length of ramp (usec): 1000
# desired firing rate (Hz): 100
# standard deviation (dB): -1
# cut-off frequency (Hz): 200
# repetition number: 0
# duration (msec): 1000
# intensity (dB): 82.2857
8900
11900
16100
19000
22100
25300
28700
35100
38300
41300
47000
51100
64500
80000
84400
88400
92000
96300
110200
121000
130200
136600
144300
147900
161200
168500
173000
178000
182700
195400
208800
218900
233700
252600
259600
267700
273700
281600
293400
309400
318200
321900
327800
336100
344700
351600
362100
366000
373600
380400
386700
396400
400900
406900
417100
432400
448700
461400
465300
474400
478100
494400
503400
508200
514000
521600
529000
538300
544600
551000
567700
583800
591200
603300
611000
615500
622300
634800
645200
654000
671400
689600
694300
697700
704600
715400
729900
740100
751100
759300
767500
774500
778200
786200
791100
797200
803700
809500
819500
829100
840400
850500
873600
880200
885500
909000
917800
930500
947200
951600
957700
963500
974000
983300
1009400
1014700
1038300
1043300
1047000
1051600
1062100
1069800
1078500
1084200
1094500
1111700
1116600
1120400
1134000
1139500
1149700
1155100
1167000
1178600
1197900
1214300
1219300
1224100
1245100
1249500
1262700
1275800
1289200
1296600
1310800
1317100
1323400
1334400
1340100
1359500
1370200
1386500
1400700
1428300
1437000
1446200
1458800
1463000
1468200
1473600
1485100
1498700
1503200
1526100
1533600
1538700
1544000
1550800
1555800
1566400
1580300
1593000
1624900
1629200
1635700
1641900
1657000
1663300
1675300
1687500
1697400
1704900
1709500
1742400
1749900
1756300
1761300
1767100
1771600
1804200
1813700
1828100
1839500
1846700
1863400
1873600
1890900
1895100
1905000
1923600
1935800
1944500
1956200
1969300
1974400
2014100
2017700
2030600
2034800
2038800
2044900
2051400
2056600
2062000
2074800
2081800
2087100
2098400
2112000
2116800
2122500
2129300
2140700
2146800
2151400
2155900
2159800
2179300
2191900
2198000
2202500
2209700
2216800
2227900
2235000
2243100
2251800
2273500
2282400
2295600
2303600
2308200
2312600
2323100
2330700
2342600
2349100
2359500
2363600
2377000
2383900
2391900
2402400
2422000
2443000
2463200
2468600
2478100
2485300
2505200
2510200
2528700
2533100
2550200
2555600
2566500
2570500
2575700
2609500
2625200
2641800
2647100
2651100
2654700
2674900
2690800
2698000
2724300
2740100
2769700
2775500
2783300
2795000
2810400
2815300
2821200
2827300
2832000
2852500
2866800
2881800
2888300
2898700
2911100
2922300
2931500
2940200
2958600
2971800
2981300
2988800
2998000
3013900
3019300
3034900
3048600
3055300
3067900
3085900
3096000
3103000
3119900
3125100
3129100
3142700
3154500
3169200
3175300
3181800
3195200
3211500
3235400
3239200
3259300
3270100
3278200
3282600
3291500
3298700
3306000
3313700
3341200
3353200
3362000
3388700
3397400
3405400
3423500
3428300
3433100
3439000
3445400
3465000
3469700
3474500
3489200
3503900
3508600
3514000
3537100
3548200
3565300
3590000
3610700
3616100
3621100
3627100
3632200
3638000
3659500
3670100
3676900
3689500
3694700
3698500
3712800
3728900
3744100
3752500
3756200
3765500
3778400
3783800
3789900
3794300
3815300
3819700
3826700
3835200
3856100
3882700
3888800
3893500
3905700
3920800
3928100
3936200
3949400
3966400
3970800
3982400
3990100
4004100
4009900
4022200
4035600
4039600
4045700
4054400
4062400
4078600
4086100
4100800
4108000
4135300
4141900
4152700
4159800
4166600
4187200
4193400
4215100
4220400
4236600
4255100
4260800
4268100
4288900
4317200
4332000
4336100
4341600
4349800
4363600
4373200
4389400
4396100
4404100
4410400
4431800
4436600
4441300
4445100
4470200
4480000
4491300
4501400
4509800
4515600
4536800
4541300
4549200
4557500
4562700
4571400
4581300
4591600
4595400
4600600
4608500
4619600
4634500
4641100
4649200
4660800
4676700
4694300
4699300
4722100
4731000
4736200
4747400
4757100
4763900
4769400
4782500
4790400
4806500
4822000
4826200
4843800
4867900
4874100
4878600
4887600
4891700
4902000
4919300
4932600
4947400
4951800
4974400
4979800
4992500
4999700
5010700
5019100
5034900
5063000
5073800
5078800
5096500
5121200
5127600
5132800
5140600
5153300
5168400
5177100
5206000
5211100
5240500
5252300
5257300
5268000
5276400
5289900
5295200
5302700
5308200
5317900
5333800
5344500
5364600
5369900
5377200
5386000
5403000
5409500
5418800
5428600
5445400
5451300
5465500
5475300
5480200
5508300
5516300
5527200
5533700
5537700
5547500
5553400
5558700
5571200
5590100
5596400
5604900
5610500
5631900
5643400
5660100
5668500
5691900
5696400
5711300
5721700
5733400
5751800
5757200
5783700
5798900
5818700
5828800
5835500
5846800
5853100
5861300
5872400
5883400
5893100
5901500
5940300
5949500
5955400
5965300
5972100
5993600
6009400
6018500
6029600
6039700
6049000
6064400
6072900
6098900
6113900
6121300
6127900
6134500
6144100
6161200
6178600
6185800
6194600
6199400
6212000
6235300
6246000
6252200
6258400
6291200
6297400
6301500
6315700
6332200
6344600
6360700
6369100
6380800
6393100
6398100
6428800
6436900
6456300
6461400
6475100
6483500
6488200
6504400
6513700
6519300
6529400
6563900
6577900
6601800
6611000
6616000
6625300
6645100
6653200
6661800
6675800
6685600
6696000
6700200
6710200
6721500
6728300
6741800
6759400
6763500
6769200
6784700
6806400
6811400
6825600
6850900
6865200
6875200
6881400
6902700
6910100
6923000
6934700
6940500
6956100
6967000
6974100
6979500
7001900
7013900
7030700
7037700
7044700
7062100
7072500
7082300
7108400
7119300
7134200
7152200
7159300
7164300
7171100
7177200
7185400
7199100
7210700
7219600
7237400
7268200
7276600
7282800
7305100
7319400
7324400
7347700
7358600
7364600
7388800
7406000
7420200
7425800
7433200
7439500
7460800
7477700
7487600
7500200
7506600
7511400
7517500
7529300
7544400
7564200
7570400
7578200
7600600
7605800
7635600
7646000
7667300
7673500
7695000
7700700
7706800
7716700
7724800
7737400
7741500
7758000
7766900
7783400
7790600
7802900
7807700
7819200
7836000
7845600
7878700
7887000
7892100
7901000
7912100
7918600
7941700
7946500
7952200
7969900
7974800
7992200
8006800
8018200
8025600
8036700
8047200
8059200
8080900
8096400
8101900
8107500
8111500
8121500
8133900
8143900
8156700
8174500
8202500
8210300
8215500
8221700
8228000
8233800
8239200
8244900
8254300
8259300
8278800
8282900
8302100
8307400
8314300
8326200
8331700
8343000
8362100
8373600
8378500
8383500
8396600
8409000
8423200
8432900
8437000
8462400
8471100
8475300
8498500
8510500
8545800
8549700
8568000
8594200
8598100
8613100
8627700
8631600
8653000
8658600
8664700
8670400
8681000
8686300
8690300
8696400
8708100
8712100
8718800
8732200
8742800
8752000
8761600
8787300
8793600
8798800
8817800
8838300
8877400
8890900
8918500
8926000
8934000
8944100
8951100
8965200
8984100
8990900
9009400
9014200
9032500
9040000
9044700
9053000
9057900
9069100
9073800
9081400
9087800
9108000
9128000
9133700
9146900
9182900
9191500
9201100
9209500
9222000
9230500
9234300
9240200
9257200
9265500
9277500
9288000
9301500
9308200
9313000
9364400
9369500
9375700
9385300
9397200
9409700
9414600
9426200
9430700
9448100
9457000
9466500
9492900
9499800
9507900
9531600
9543700
9564700
9569000
9583500
9595300
9612000
9634400
9650800
9655400
9685300
9704900
9711900
9722300
9743500
9770200
9776300
9786800
9794200
9799000
9803800
9808600
9821000
9824900
9835100
9839300
9854800
9861100
9885900
9893800
9908400
9914300
9924600
9937500
9969000
9975400
9982100
9988000
10002500


