# repro call number: 0
# mode: 3
# signal: 1
# stimulus file: /extra/setup/oel/stimuli/receptorInfo/gauss_st6_co200.dat
# carrier freq (kHz): 3.5
# stimulus length (msec): 1000
# pause between stimuli (msec): 700
# length of ramp (usec): 1000
# desired firing rate (Hz): 100
# standard deviation (dB): 6
# cut-off frequency (Hz): 200
# repetition number: 0
# duration (msec): 1000
# intensity (dB): 93.8095
4200
5900
11400
13700
21900
24500
34400
43500
50500
58900
65900
77500
79300
84400
90300
92200
102700
125900
142700
144400
146200
156300
186200
197000
206200
208900
211200
215400
217200
262500
267200
283000
296300
302500
325000
340800
345400
350400
359000
360800
366100
367900
384200
394700
396300
401700
415500
425300
427400
453400
458500
460300
471800
477500
479200
481000
486400
494000
500800
517200
546000
552500
554300
556300
561100
562900
582100
603300
608600
612000
614100
624500
630100
632000
657300
668400
671300
679800
687200
702400
713700
715400
738000
739700
741700
752300
756200
773700
788600
790400
798800
810700
826200
841600
847300
854300
856100
863100
865000
891200
901400
903400
926200
933300
936200
938000
956000
958000
964600
976400
999800
1001600
1027200
1029100
1077300
1078900
1085100
1086800
1092900
1110500
1132600
1150200
1154600
1174800
1188100
1195700
1208200
1222500
1232700
1238200
1242000
1244000
1249400
1253700
1265100
1272200
1287700
1289700
1294000
1296000
1308600
1310600
1313200
1336300
1342600
1362400
1380800
1390400
1392100
1397900
1409200
1411000
1416900
1427700
1448600
1475700
1477700
1485300
1487000
1497900
1513700
1530400
1540600
1551600
1576800
1584800
1590700
1592500
1614300
1625500
1636500
1638200
1640200
1654200
1659500
1661400
1669600
1682500
1689600
1702500
1704400
1719600
1735400
1740600
1742700
1754200
1756100
1783800
1802500
1811900
1813700
1823700
1831400
1852600
1854600
1874700
1887700
1896300
1898300
1912300
1914200
1932100
1933800
1948100
1957700
1963700
1968900
1990500
2013800
2015500
2026600
2032300
2054300
2064300
2071100
2081200
2082900
2097000
2106900
2112300
2114200
2132300
2134100
2159500
2168500
2179300
2181900
2196000
2209900
2233500
2244500
2254500
2256600
2263200
2265000
2276400
2279000
2280700
2292500
2300200
2316000
2343500
2345300
2368900
2374700
2381000
2399500
2401200
2410800
2431200
2433200
2439300
2456900
2478300
2489700
2495800
2497500
2509200
2524400
2526200
2560400
2571300
2577000
2585900
2588200
2591900
2596900
2598800
2610600
2624300
2626100
2637000
2647000
2662500
2673000
2695300
2697000
2723100
2737000
2738800
2748600
2754200
2766200
2774400
2794400
2805800
2821300
2823300
2835500
2839200
2840900
2846300
2856900
2859000
2876500
2889200
2912400
2928800
2934600
2936700
2938600
2945500
2954900
2965700
2981000
3011800
3023700
3025600
3041000
3048900
3059900
3087100
3088900
3112100
3130800
3161600
3163400
3185600
3187400
3209900
3212600
3227700
3233200
3245400
3267900
3275800
3278000
3287700
3320200
3337100
3346700
3367000
3382000
3383800
3398100
3420900
3427500
3453000
3454700
3468400
3474400
3491200
3492900
3504600
3510700
3535700
3537300
3542900
3550800
3552500
3568700
3577500
3587300
3593600
3605800
3617900
3630100
3640100
3647400
3659400
3669800
3675800
3684600
3686400
3710400
3742900
3747500
3753400
3768700
3770600
3785100
3800700
3806000
3807800
3817500
3834300
3836100
3841100
3876100
3888300
3897300
3899500
3913000
3918900
3953100
3971100
3998500
4003300
4005100
4009600
4041600
4061100
4062800
4064500
4074400
4082400
4085400
4087200
4102100
4129600
4167600
4173000
4188100
4189800
4214500
4221400
4225100
4226900
4231300
4236500
4238200
4248400
4250400
4262200
4295600
4297400
4302400
4312200
4313900
4323700
4329400
4345600
4365900
4390200
4392000
4399100
4404400
4424200
4428900
4444300
4446100
4452500
4466800
4482800
4488000
4505100
4507500
4521700
4532100
4537000
4554700
4556600
4562000
4591700
4597400
4637700
4649100
4669100
4670800
4712400
4714300
4726700
4737600
4739600
4758200
4769100
4789800
4793500
4800100
4806200
4808000
4820400
4832800
4848400
4870000
4880000
4881800
4893200
4898500
4900500
4916600
4922900
4932100
4977900
4987300
4993600
4999200
5001000
5021200
5030600
5032500
5055100
5056900
5071100
5085100
5087400
5091200
5093000
5109100
5110900
5135900
5154900
5164100
5172600
5180300
5203100
5209000
5215900
5221900
5234400
5242100
5265900
5275600
5283600
5292700
5300400
5323700
5326200
5346300
5361800
5363500
5369200
5383600
5393800
5418900
5430400
5435600
5437400
5446600
5451600
5457100
5459100
5469000
5474200
5478800
5494300
5510000
5516300
5527000
5528800
5537200
5558400
5565600
5572500
5574900
5633900
5642100
5643900
5651600
5658900
5677500
5686800
5688700
5702200
5704000
5728600
5753200
5754900
5761300
5768600
5770400
5782800
5800000
5807000
5809200
5830900
5842000
5846900
5848700
5859900
5869800
5883700
5896400
5914100
5919300
5924800
5936300
5949000
5959300
6005200
6028000
6033900
6036300
6053700
6063200
6070700
6092700
6094500
6106500
6119600
6141700
6159900
6172300
6188700
6190800
6197600
6204100
6217900
6219700
6245800
6266200
6272100
6273900
6294100
6296200
6310200
6312000
6333200
6335000
6345500
6369100
6379200
6398400
6404700
6423700
6434900
6441100
6465000
6469200
6471200
6476000
6502500
6505000
6535000
6541000
6547900
6554800
6556700
6568300
6575200
6596100
6611900
6632000
6633700
6640100
6653600
6656700
6686100
6702900
6717500
6762900
6779900
6785300
6787000
6793700
6810800
6830400
6837100
6839000
6849300
6851700
6869200
6871400
6876200
6892800
6894900
6906700
6928400
6939600
6954200
6978800
6988100
6999800
7007100
7014700
7020200
7026100
7062500
7067200
7074300
7100800
7124500
7139000
7150200
7170000
7171900
7191100
7228300
7234000
7235700
7242100
7248300
7254300
7256900
7259100
7298400
7312700
7322900
7325200
7339500
7344700
7349200
7360600
7369200
7371000
7386900
7403300
7406400
7418500
7447300
7459300
7464400
7478700
7485600
7497000
7502200
7512700
7517900
7523300
7532400
7538500
7540400
7550000
7556400
7558900
7562900
7590600
7592400
7597700
7614200
7618500
7626700
7638500
7640300
7664700
7679400
7685700
7699200
7705800
7711500
7713300
7724600
7743600
7751800
7783700
7790000
7811500
7820600
7826900
7857300
7859800
7862400
7864300
7870200
7899500
7912000
7915600
7930700
7940600
7942900
7964800
7971800
7982600
8011600
8014100
8022300
8024200
8052000
8080100
8087600
8089500
8104900
8117600
8138200
8151100
8158500
8173400
8194100
8203700
8206400
8226300
8239700
8244600
8246600
8271600
8291300
8293100
8295400
8302500
8306400
8308300
8323500
8344600
8356300
8358300
8366400
8384000
8393200
8395200
8410500
8416000
8421500
8456200
8477100
8482000
8483700
8495700
8497500
8499400
8555400
8566700
8588800
8590600
8611600
8622300
8625000
8634500
8656700
8664100
8665900
8677700
8690600
8699200
8721800
8730600
8742200
8748800
8750600
8763600
8779200
8780900
8794200
8813600
8822000
8823700
8838300
8845100
8859700
8870000
8893400
8915700
8921500
8927300
8943100
8956900
8962300
8968200
8994800
8997300
9002900
9004600
9016100
9046400
9048100
9058600
9063900
9067700
9069900
9079800
9106700
9114400
9116300
9133300
9148400
9178800
9180600
9195500
9197700
9205100
9206900
9211700
9233700
9235900
9247000
9249200
9256300
9272900
9284200
9290100
9305400
9307200
9309500
9336800
9346700
9349000
9367100
9395600
9401800
9406000
9418400
9420200
9448100
9450200
9460800
9462900
9474600
9476900
9491400
9508700
9516300
9530300
9555200
9562600
9575400
9585500
9596300
9610700
9616700
9626500
9642800
9644500
9662800
9682800
9690800
9710500
9726800
9728600
9738900
9765500
9781600
9793000
9820200
9822400
9832700
9856600
9859600
9872400
9896000
9909900
9911900
9921600
9925900
9932500
9942400
9953400
9955300
9962400
9975100
9977000
9996600
9998500


