


# OFFOEL HEADER
# repetition: 1
#



4100
5700
10000
11900
19000
20500
22100
39400
41100
55100
56700
58600
71600
80700
88100
94000
96700
102800
118100
119700
162800
164800
179200
181100
184500
191200
222200
230200
231900
233600
238200
254100
257600
266700
285800
303200
308100
318200
320000
324700
340900
342800
354500
356000
362300
368300
370500
376900
383000
398500
400500
405900
416600
418300
451800
453400
459500
461700
482400
484100
488500
503200
508700
521100
528900
547300
550600
566900
578300
590700
601700
623800
635000
639100
666300
701100
711700
713400
724300
725900
727600
738600
753500
759100
769800
777000
785200
789200
791000
798700
804200
813500
815300
830600
832600
837700
839400
861900
872400
874300
886800
888400
890600
900000
902500
919400
936500
953600
963800
965500
979000
985600
1000300
1002200
1006800
1008800
1019500
1033600
1035400
1044900
1047000
1061500
1072600
1074400
1081700
1088500
1093300
1126200
1139300
1141300
1170000
1172600
1174500
1183000
1186200
1200500
1215600
1217300
1228000
1258200
1264100
1294200
1295900
1322300
1324100
1332000
1343700
1352500
1354300
1357400
1363600
1372400
1378700
1394400
1405700
1422300
1424200
1426700
1446900
1464600
1482900
1490800
1492700
1498200
1503300
1505200
1507900
1509700
1519000
1527200
1544900
1573800
1576200
1594400
1602600
1612400
1617100
1618900
1623300
1640100
1648600
1653500
1676700
1678400
1680400
1699800
1704300
1714400
1729400
1731200
1738400
1740200
1766700
1768400
1789300
1799200
1804700
1822700
1824600
1826600
1848200
1869900
1886400
1900600
1906800
1917400
1919100
1933200
1935200
1938500
1949200
1955000
1956900
1966200
1972800
1989100
1993700
2000600
2046000
2060800
2065700
2070200
2072000
2082800
2089300
2091200
2095500
2104400
2106300
2143800
2145800
2148900
2158700
2160500
2162400
2172800
2198400
2215700
2227600
2234500
2246600
2248300
2271000
2275800
2277700
2283000
2305300
2337000
2344900
2346700
2360800
2362600
2367500
2382600
2385200
2405900
2425300
2430800
2436300
2438000
2444300
2446100
2452200
2470200
2495200
2505500
2507700
2510100
2511900
2525500
2527200
2551500
2568200
2580000
2592100
2605100
2616400
2626600
2639500
2641600
2643500
2662700
2664600
2685300
2687300
2695700
2706400
2708100
2724700
2726700
2732800
2738400
2740200
2752000
2757700
2759400
2779500
2781500
2797000
2808100
2809800
2836800
2845600
2852400
2859000
2863500
2883100
2888000
2894400
2898400
2900500
2910300
2935500
2946200
2948000
2950100
2960000
2965800
2967800
2976700
2979000
2990900
3005500
3023400
3029500
3047400
3049200
3056700
3067800
3082300
3084000
3093500
3095400
3100200
3105300
3114500
3129900
3134900
3136800
3163800
3172600
3174300
3185100
3200500
3212600
3216700
3218500
3224800
3244600
3253200
3259100
3271000
3273300
3285400
3294500
3308200
3319700
3324200
3325900
3331200
3356700
3362100
3365200
3373300
3375100
3393200
3399200
3409200
3411000
3414500
3420200
3426000
3438200
3440200
3446500
3450600
3460500
3462700
3477200
3490300
3492100
3507000
3513800
3521300
3523100
3547200
3549300
3554900
3569100
3571000
3576200
3577900
3587400
3589400
3606000
3621200
3629900
3631700
3633500
3650600
3666800
3668900
3678600
3699200
3708000
3722500
3729200
3735400
3748400
3763700
3766100
3769700
3788900
3794600
3796300
3816500
3821500
3839000
3847000
3850700
3853300
3866700
3868600
3870300
3876000
3877700
3898200
3912200
3921600
3928300
3933800
3935800
3951700
3957200
3963800
3990500
3992400
4001500
4003500
4013700
4020300
4022200
4036300
4045900
4052000
4060700
4089100
4094200
4095900
4113500
4127300
4140900
4142800
4162800
4165700
4177500
4182600
4210800
4212500
4214300
4220100
4226600
4231800
4235600
4249300
4258000
4268800
4289900
4308000
4313000
4314800
4342900
4352800
4358500
4364000
4378600
4394300
4398500
4409900
4415200
4417000
4422900
4430500
4438400
4480900
4486500
4488200
4502400
4504200
4512800
4514600
4531000
4536200
4545700
4575300
4586000
4597000
4602000
4606300
4608000
4618500
4624800
4630100
4659300
4661000
4671900
4687600
4699800
4717500
4724000
4726000
4729200
4740300
4745600
4747400
4756600
4762600
4791100
4796200
4798000
4813000
4814800
4823600
4825600
4836400
4842200
4844100
4855900
4874800
4888400
4890200
4896100
4898000
4922100
4935500
4937300
4943200
4959600
4978100
4979900
4981900
4986600
4992600
5001800
5010100
5026200
5061600
5070100
5088600
5095700
5097400
5109700
5113200
5115000
5116900
5130700
5134600
5136700
5140100
5142100
5176900
5192300
5194100
5223000
5228300
5230000
5257300
5263500
5288500
5293100
5297900
5299600
5304700
5318600
5320300
5322400
5327500
5359300
5366400
5389000
5400300
5407400
5416800
5418500
5436400
5444300
5446800
5462700
5465600
5475200
5477000
5478800
5504300
5513000
5514800
5524700
5526500
5530700
5554400
5556400
5562200
5564800
5566600
5585100
5600200
5602200
5607500
5616800
5642400
5644300
5648600
5665000
5666800
5681200
5683200
5696200
5707500
5737600
5739300
5755100
5768700
5770600
5781200
5783400
5795800
5812800
5814600
5818700
5824100
5862400
5868900
5870600
5895800
5907800
5909600
5924500
5930300
5939000
5945400
5992700
5994600
6004300
6006100
6012200
6014600
6031900
6044700
6046500
6086400
6092100
6106700
6111500
6114000
6128700
6139000
6149700
6153400
6155200
6167400
6173900
6185500
6187400
6192500
6200700
6206500
6211700
6213600
6247000
6257300
6259300
6265300
6288900
6290800
6300100
6301900
6323800
6328100
6344500
6359600
6361400
6371000
6377600
6391600
6398200
6403400
6415200
6419600
6421800
6425600
6427700
6436100
6458700
6461400
6469300
6486300
6499400
6505700
6512600
6523100
6541200
6548800
6550700
6584500
6586400
6594200
6596000
6605700
6608000
6634400
6636200
6641400
6650400
6655600
6677700
6681000
6686200
6697500
6703800
6712500
6718700
6733900
6736600
6740600
6750200
6752100
6766000
6768300
6775400
6782400
6797900
6823600
6825400
6830900
6832900
6856800
6858500
6899500
6908900
6923700
6925500
6934800
6939700
6947000
6956200
6969400
6981300
6983200
7010100
7018200
7020100
7026500
7040300
7042500
7066800
7071200
7073500
7077300
7079100
7095800
7112000
7114000
7120000
7124300
7130400
7136800
7138900
7155400
7157500
7164300
7191000
7192800
7200600
7221500
7223300
7225700
7228200
7245200
7247300
7258200
7260100
7265900
7271500
7277300
7279600
7304500
7311600
7317100
7326500
7337100
7351400
7357300
7360000
7392200
7403500
7405300
7432300
7440900
7468100
7487900
7490000
7498500
7500400
7509900
7522900
7554300
7556100
7579200
7581200
7590100
7592100
7600400
7602100
7626000
7629400
7641900
7652900
7654900
7667100
7679200
7681000
7686000
7688700
7714800
7717000
7731700
7733500
7747300
7767100
7774500
7779900
7786400
7798000
7816300
7818200
7831100
7855500
7864900
7869700
7875200
7877400
7886400
7896700
7906700
7908600
7912800
7940800
7957800
7959700
7968900
7971400
7973900
7994800
8009500
8013700
8026100
8037900
8047600
8059300
8075000
8076800
8086700
8088400
8091000
8102700
8113700
8159800
8161800
8163600
8170600
8181700
8191300
8202700
8204800
8208400
8222400
8230500
8232500
8246500
8248500
8253600
8272400
8274600
8287700
8289700
8298000
8304700
8312500
8334300
8343000
8345100
8350800
8363600
8390300
8397000
8404800
8424400
8432000
8445800
8468100
8481700
8483500
8488300
8490200
8518000
8519900
8521700
8527100
8537300
8539200
8558000
8562500
8567700
8574000
8577900
8580800
8591900
8602300
8618300
8620100
8644300
8654600
8660400
8662300
8685000
8696800
8698500
8700700
8708200
8710100
8718200
8729100
8733900
8769400
8775500
8789000
8790800
8812300
8818300
8820200
8828100
8835300
8841000
8856200
8872800
8881700
8899700
8901500
8903400
8917300
8919800
8921900
8935100
8944500
8967300
8969100
8986200
8992400
9015700
9022100
9024400
9030400
9043700
9045400
9069000
9083900
9085700
9101300
9116800
9129100
9131000
9156800
9159000
9171600
9180500
9194900
9202500
9204500
9207800
9219400
9228000
9230000
9246700
9249400
9262300
9264500
9278000
9280000
9299900
9301700
9315700
9321500
9331500
9342000
9343800
9376900
9382900
9388500
9395300
9406600
9408400
9423900
9430800
9440200
9442000
9469600
9471500
9480700
9495900
9510400
9512100
9518600
9529900
9560300
9571000
9576800
9578600
9580700
9606100
9619400
9621100
9627700
9637200
9643500
9650600
9678900
9680700
9687600
9710700
9716100
9722400
9729400
9741900
9763400
9765300
9772200
9774300
9776700
9788600
9799500
9801300
9813400
9817700
9819700
9838300
9849000
9863200
9873800
9881000
9894700
9896600
9906300
9927300
9939900
9945700
9947400
9970700
9972600
9986900
9988700
10487100
