# repro call number: 0
# mode: 3
# signal: 2
# stimulus file: /extra/setup/oel/stimuli/receptorInfo/gauss_st6_co800.dat
# carrier freq (kHz): 3.5
# stimulus length (msec): 1000
# pause between stimuli (msec): 700
# length of ramp (usec): 1000
# desired firing rate (Hz): 100
# standard deviation (dB): 6
# cut-off frequency (Hz): 800
# repetition number: 0
# duration (msec): 1000
# intensity (dB): 62.619
9100
14300
19800
25100
31500
37700
42400
50700
56200
65500
72100
77500
83300
88700
94800
100300
108700
115700
126700
133900
141800
147700
155300
163100
168000
175300
182300
188700
196700
203300
209700
215600
230700
237300
245100
255100
264900
270400
280200
287800
294100
300300
309800
319700
330000
337000
344000
351400
360600
367100
375000
383200
391100
399500
408400
416500
423600
429000
436100
443300
449700
458100
465000
473700
486900
494800
504500
515100
526700
538200
545600
553700
562600
571200
577500
582500
588500
597000
607600
615100
620300
629300
639800
647500
654100
672300
677900
682800
691000
696300
706600
714700
722800
729900
739500
745900
753800
762400
770500
779500
784700
790800
800200
806600
816500
825200
833500
845600
854200
859900
869400
881000
891500
897500
904700
915000
924700
936800
944900
950500
956800
965000
972500
978700
990800
997400
1004300
1010800
1017700
1033600
1043100
1052300
1062600
1071700
1079700
1085100
1091600
1098600
1105400
1112800
1125000
1134200
1141600
1149000
1157000
1167000
1176900
1184900
1194900
1203800
1216900
1225000
1232000
1241400
1248200
1254200
1262600
1268500
1275200
1292900
1299500
1307300
1319100
1333600
1343300
1349000
1354600
1361900
1370100
1377200
1386600
1394500
1401500
1409400
1419800
1434800
1441300
1446900
1455000
1464800
1474800
1484400
1494600
1505200
1511700
1520900
1535000
1542800
1549300
1554800
1569400
1576200
1582200
1590500
1601900
1609600
1616700
1624000
1633600
1642900
1648900
1657000
1667000
1677600
1690200
1696800
1706200
1712600
1720700
1726500
1734100
1742100
1755800
1761700
1770100
1779800
1792300
1799100
1809100
1816000
1824800
1834000
1839900
1848400
1858100
1866100
1874500
1882700
1890500
1900200
1907200
1918200
1926000
1932900
1940700
1947500
1960200
1970500
1982600
1990200
1999000
2005700
2012600
2019400
2030600
2044800
2056600
2067900
2073500
2081000
2088500
2094200
2100800
2114500
2126500
2135400
2144600
2150500
2161200
2167600
2175600
2181200
2196800
2203400
2214100
2224500
2230900
2242500
2250300
2258100
2267900
2278600
2285600
2292800
2302600
2310800
2318600
2326100
2332700
2344700
2356800
2373100
2385300
2392600
2398400
2408400
2418100
2425000
2439100
2447100
2455200
2466300
2472700
2490100
2501000
2510700
2521500
2532400
2539000
2549800
2557100
2564400
2576100
2584100
2594300
2604600
2617000
2626200
2635600
2644800
2654100
2665600
2673300
2687800
2700200
2708700
2717600
2725900
2733000
2743400
2753900
2761400
2770700
2778000
2783900
2799000
2807100
2813400
2823900
2838700
2851400
2856900
2865900
2893800
2900500
2912600
2920700
2934500
2941200
2948100
2954400
2963000
2971500
2984500
2996500
3010500
3018600
3027700
3041400
3050500
3062800
3075100
3083700
3095200
3101900
3122100
3133700
3140900
3147400
3153900
3163500
3170700
3176000
3185800
3194400
3206700
3218100
3230900
3238900
3253600
3262100
3269200
3275400
3296700
3304800
3314900
3324300
3331400
3340000
3350500
3359600
3366800
3374200
3381300
3396900
3409000
3422500
3431600
3447100
3455700
3462900
3472800
3486600
3494600
3500800
3506500
3515100
3528100
3535100
3544900
3552300
3559200
3567400
3576300
3582900
3591600
3599700
3611400
3623400
3629800
3647500
3653100
3659900
3668200
3677500
3689500
3699000
3709700
3716800
3724400
3731000
3739700
3747600
3758200
3764600
3779700
3786900
3797400
3805700
3815300
3829400
3845600
3854200
3868000
3877000
3894200
3907800
3914200
3920700
3928400
3936200
3943300
3961900
3975100
3982000
3989500
4001700
4012500
4020200
4032400
4039200
4045700
4051600
4061800
4069900
4077000
4085700
4095400
4102700
4114400
4122500
4130200
4138600
4147100
4155200
4163500
4175800
4185100
4196600
4206300
4217600
4225300
4234400
4246900
4257400
4266300
4276800
4287600
4298400
4308300
4319200
4327800
4340700
4348700
4356100
4369500
4377600
4385000
4398300
4407200
4419700
4431200
4449400
4455900
4467500
4482800
4491100
4498900
4507100
4519000
4531100
4539900
4549200
4560300
4574400
4584600
4596700
4604200
4611700
4625500
4633800
4643000
4652900
4659900
4667200
4674700
4683800
4692700
4700700
4718700
4732100
4739100
4749500
4756600
4768100
4778900
4790000
4796600
4812600
4820500
4827400
4839600
4848700
4856700
4879800
4887700
4893700
4902700
4912500
4924800
4936600
4943900
4960200
4976700
4990600
4997700
5010500
5024300
5036900
5044500
5053200
5066100
5076900
5085800
5100200
5115900
5128300
5136700
5142900
5154000
5164800
5179500
5187500
5197200
5207600
5216800
5223800
5234500
5248700
5257600
5265900
5273600
5280800
5295500
5303800
5314000
5321200
5330100
5349900
5357100
5365700
5372600
5384100
5395500
5403600
5409900
5420800
5429700
5441900
5450000
5459600
5474800
5486700
5494300
5503600
5510000
5519500
5544200
5558900
5568400
5584700
5592200
5597600
5610600
5620100
5633100
5641800
5649900
5668400
5676600
5684200
5696700
5709100
5730900
5744600
5754200
5765200
5773600
5784700
5800800
5809400
5818300
5827500
5839900
5848000
5855800
5865700
5873900
5881300
5890600
5898500
5908300
5918300
5936000
5945200
5955200
5970000
5981500
5990200
5996000
6002600
6025400
6032700
6042400
6049300
6058600
6067400
6075200
6088000
6100100
6113600
6124400
6134900
6144100
6156100
6164100
6175800
6186200
6199000
6208500
6221200
6231900
6240700
6248000
6257900
6277500
6285200
6300800
6309400
6320700
6327900
6340200
6352900
6366500
6381000
6389700
6398900
6406700
6416200
6434900
6448700
6459500
6466800
6473100
6482000
6488300
6501800
6507900
6515600
6527800
6538500
6545400
6551800
6561800
6577600
6586700
6602400
6620900
6630200
6642400
6653900
6663200
6672800
6683900
6693700
6702300
6711600
6723100
6733000
6752400
6761800
6776300
6789400
6802100
6814300
6823500
6831700
6839800
6855800
6866900
6883600
6893300
6899400
6910000
6921300
6929600
6943200
6956100
6973000
6987100
6995000
7002600
7018700
7030900
7044000
7055700
7069600
7078800
7086000
7105400
7117600
7129600
7145600
7151800
7166100
7177700
7188000
7196400
7202400
7212400
7230100
7238600
7251500
7263100
7283700
7297600
7307300
7313300
7320200
7333400
7340300
7350200
7357800
7371500
7387400
7392900
7399600
7410100
7435900
7446900
7455400
7464500
7482600
7490500
7503100
7521000
7534400
7545400
7557700
7575400
7589300
7599800
7606400
7616600
7627500
7645000
7654900
7663600
7671100
7684700
7693900
7701100
7713900
7725600
7737200
7744100
7756200
7764800
7775100
7782800
7791500
7804800
7814300
7829400
7845600
7857900
7863700
7879200
7889100
7895900
7909200
7917700
7931000
7938000
7944900
7952100
7959700
7969000
7978900
7988100
7999500
8015600
8028400
8035800
8043900
8053200
8065600
8077200
8095600
8109100
8116000
8122300
8130300
8141100
8148800
8161200
8178700
8194200
8213100
8222800
8229300
8237800
8255600
8265700
8281900
8292200
8300800
8316100
8326300
8333500
8339600
8354700
8366600
8382500
8391100
8404000
8413800
8421200
8433900
8448700
8460200
8468300
8480500
8490500
8505100
8512400
8529900
8542300
8550200
8560400
8567800
8579100
8587100
8595600
8605500
8615300
8623700
8632800
8642000
8649100
8658300
8669000
8675900
8689200
8696000
8709100
8718600
8729400
8740400
8751700
8760500
8773600
8789000
8797400
8806700
8817300
8827700
8843900
8855400
8866700
8873800
8884400
8899300
8909400
8916400
8927200
8934600
8942700
8951800
8960900
8967100
8973400
9001500
9008000
9019000
9028700
9036300
9043500
9051200
9063000
9074900
9087200
9095300
9108100
9125600
9136300
9148500
9158500
9170800
9183700
9194300
9204800
9220100
9229800
9238900
9253600
9262900
9277800
9293500
9304700
9323500
9331600
9340100
9356700
9368000
9383100
9390700
9400900
9415700
9423200
9432700
9445500
9457100
9464700
9473500
9486300
9501000
9513900
9519900
9529900
9539900
9547600
9565300
9574400
9587500
9597900
9603800
9609800
9615500
9621600
9630900
9639600
9648600
9667300
9676200
9685400
9692900
9702600
9712600
9728500
9755500
9762600
9777200
9789300
9796200
9802600
9811300
9824000
9832900
9850400
9856300
9863400
9873500
9888500
9904300
9915000
9929700
9940500
9951400
9959300
9969000
9980600
9987200
9994500
10007400


