# repro call number: 0
# mode: 3
# signal: 1
# stimulus file: /extra/setup/oel/stimuli/receptorInfo/gauss_st6_co200.dat
# carrier freq (kHz): 3.5
# stimulus length (msec): 1000
# pause between stimuli (msec): 700
# length of ramp (usec): 1000
# desired firing rate (Hz): 100
# standard deviation (dB): 6
# cut-off frequency (Hz): 200
# repetition number: 0
# duration (msec): 1000
# intensity (dB): 64.2857
8400
13800
19200
26200
30400
39300
46600
51600
55800
62900
68900
81300
85600
90300
96100
105900
111100
121900
131200
138700
147800
152100
159600
173000
184100
191100
198800
204600
211500
216800
221400
230600
246000
256500
263400
271800
278800
287900
301800
306300
311500
316300
330200
338100
345900
354700
364500
371500
376100
385700
391400
399700
405700
414700
421200
430500
438500
459000
464600
470100
477900
482900
490700
499400
505900
523000
531300
544600
551500
557200
565900
581900
587800
592800
598600
613300
618000
628400
633800
639300
656600
663200
671700
677800
684400
691900
706900
718400
725000
732800
743200
749200
760700
768900
778800
792500
797200
804300
816200
825200
831400
840800
851300
860900
867600
872500
884200
895300
903800
908700
921600
927800
933100
939500
944500
961000
968800
975400
981600
989200
1005400
1011100
1017800
1026900
1032900
1042800
1065600
1070600
1076400
1083500
1090600
1098000
1116100
1121600
1129000
1137400
1147000
1155100
1159900
1166800
1178200
1187000
1193900
1202600
1214800
1223100
1229600
1238600
1244700
1249400
1258700
1268800
1276600
1288900
1295100
1300300
1313800
1318500
1326300
1341500
1347600
1358200
1368500
1380000
1387100
1395500
1402400
1408700
1415000
1419900
1433100
1448200
1454700
1468800
1481300
1489700
1502300
1517400
1533400
1545100
1551200
1557300
1582800
1589800
1596800
1608100
1619600
1630100
1641500
1646700
1654800
1660700
1665900
1674100
1682800
1695100
1701800
1708400
1718300
1725900
1735700
1741200
1746500
1759200
1776800
1783400
1789200
1801900
1808900
1817700
1828600
1836600
1843200
1858400
1869400
1880200
1887700
1894500
1902900
1909100
1916800
1937500
1952600
1962700
1973300
1989600
2008700
2018800
2025600
2036300
2042800
2049500
2058500
2070300
2078100
2085700
2090900
2102300
2108300
2113800
2118800
2137300
2143500
2160100
2173400
2182900
2188000
2196100
2214800
2226400
2234800
2243500
2260100
2268000
2279700
2285000
2291100
2297500
2306700
2315600
2323300
2331200
2343100
2350000
2360100
2374000
2381000
2386700
2393000
2403600
2415300
2426600
2437100
2444000
2456300
2463300
2483000
2496200
2501200
2505700
2514100
2526100
2531200
2547700
2559900
2566700
2575900
2585700
2592000
2597800
2603200
2608400
2615900
2629200
2640800
2652700
2663300
2676600
2693900
2701200
2707400
2716100
2728400
2741500
2752700
2760300
2771700
2778400
2798800
2804800
2812400
2819900
2826000
2834300
2840800
2846400
2852100
2862600
2869600
2880100
2893000
2900200
2906700
2918000
2929600
2937600
2943400
2951400
2959800
2965400
2971300
2984500
2995300
3011600
3018300
3029000
3043700
3057500
3065200
3092200
3099300
3105900
3115300
3124700
3136300
3145500
3156500
3166800
3174600
3190300
3202900
3215800
3233000
3239300
3246000
3252200
3264000
3275000
3281800
3288700
3293900
3300100
3310900
3326500
3340300
3352800
3358100
3368600
3381100
3387600
3395800
3402100
3412500
3425700
3434000
3452600
3459200
3472500
3479500
3486200
3495900
3509200
3516000
3524900
3539900
3547500
3556900
3570400
3576900
3584000
3591700
3601300
3613100
3623900
3641500
3647600
3653900
3664100
3675400
3688100
3702100
3714300
3726000
3733400
3748300
3754200
3759700
3764700
3771000
3776000
3787100
3798300
3806200
3811400
3819700
3836500
3841600
3848100
3862500
3882100
3889100
3895100
3903300
3918600
3924800
3934700
3949900
3959000
3972300
3978300
3994000
4004100
4010700
4016600
4033700
4047700
4055700
4065500
4071100
4077800
4087600
4093400
4105900
4123800
4135100
4145500
4168200
4178400
4188800
4194700
4207400
4216800
4225300
4231400
4237200
4243000
4253600
4266900
4284400
4296300
4302100
4307900
4318000
4324400
4330000
4350200
4370500
4376200
4390400
4396800
4404000
4409900
4428600
4434200
4441300
4449900
4457200
4468500
4474800
4481700
4493400
4504600
4511200
4526700
4537700
4544400
4559000
4567600
4578600
4589500
4595800
4603000
4610700
4619900
4642400
4653900
4660900
4674500
4688400
4701100
4709600
4717700
4732100
4743100
4748800
4758400
4765400
4780200
4793300
4799800
4807600
4812500
4819900
4831100
4839100
4852300
4865100
4875400
4886500
4898300
4904300
4912700
4927200
4936600
4965700
4975000
4984500
4991700
5000000
5005900
5021300
5027900
5035600
5040500
5060500
5065500
5087100
5093000
5098400
5112700
5118600
5138000
5148100
5159900
5168900
5178300
5185900
5208600
5215300
5222600
5229000
5244100
5249800
5260800
5279700
5289100
5297500
5304500
5327500
5336600
5350600
5358300
5366300
5371200
5388700
5399800
5410700
5422700
5431900
5437800
5443000
5451300
5457800
5464000
5472200
5478700
5485000
5499400
5516300
5522700
5532700
5543800
5563800
5571600
5578200
5583300
5623700
5636100
5643800
5649100
5657000
5665600
5673400
5682200
5691400
5707000
5713400
5734400
5741600
5750300
5758300
5767400
5774200
5787000
5803100
5812500
5822200
5829500
5837100
5846200
5852900
5864300
5871900
5877000
5889200
5901000
5918700
5925400
5930700
5941100
5949300
5963600
5987700
6001800
6011300
6032700
6040600
6054200
6066600
6075500
6097900
6111800
6119500
6125600
6146900
6154200
6165600
6176800
6187700
6194100
6206700
6211800
6222700
6242100
6250600
6258800
6271200
6276600
6282800
6299600
6306600
6315700
6320900
6332800
6339200
6346400
6352100
6372100
6384200
6404300
6415700
6426500
6431700
6441000
6448400
6462300
6470100
6475500
6481600
6488100
6507400
6525600
6537800
6546600
6553800
6560500
6567800
6574600
6582200
6588500
6600500
6617500
6627900
6637400
6642400
6649800
6661600
6676000
6686800
6696700
6703100
6714000
6724200
6738900
6753900
6762700
6770000
6784600
6791400
6798500
6804500
6813900
6819000
6835300
6843200
6855400
6874300
6881400
6898300
6911100
6917600
6934100
6940600
6946400
6959400
6984500
6992600
7006900
7013000
7020300
7026300
7032700
7045900
7067000
7073100
7079800
7094700
7108900
7116800
7125000
7131500
7144300
7155900
7162100
7170200
7176700
7190200
7197000
7205700
7219000
7233200
7241100
7248200
7254900
7261000
7276100
7297000
7311400
7320400
7326600
7339300
7349600
7356100
7365800
7374900
7387400
7393900
7400500
7409600
7422000
7452600
7467600
7478000
7485000
7492300
7498600
7506600
7518300
7525500
7530800
7538000
7545200
7552800
7562100
7568400
7579200
7590900
7597000
7605900
7619500
7626400
7633100
7644800
7652800
7662500
7676000
7686200
7691700
7705300
7712700
7719200
7725000
7731500
7749000
7757700
7764500
7774900
7787800
7794100
7821700
7828700
7835400
7858400
7864600
7870200
7876500
7899400
7906700
7915400
7921600
7927000
7935200
7943400
7949000
7956400
7962700
7971500
7978600
7987800
7995400
8016900
8024200
8029500
8049000
8058500
8078600
8086400
8093000
8105200
8116800
8124300
8133100
8142900
8154000
8163800
8174000
8184000
8200200
8210100
8217100
8232300
8245400
8251100
8277000
8288400
8297200
8306800
8313400
8327100
8349700
8357000
8363800
8372200
8388600
8395200
8403000
8420300
8426400
8445400
8461000
8481100
8487100
8500600
8505700
8517200
8527500
8553700
8560600
8572700
8584300
8593800
8599500
8616300
8627800
8637200
8656800
8662700
8669700
8682900
8695800
8704200
8710100
8727400
8735700
8748400
8755200
8766200
8775600
8784900
8798500
8809700
8819100
8827500
8834200
8846000
8865800
8874200
8892900
8900100
8920900
8928000
8933700
8939300
8947900
8962500
8973800
8991700
9000500
9009000
9016000
9023600
9036600
9051500
9063600
9070200
9075400
9085000
9100300
9107200
9119900
9136800
9151200
9179800
9185700
9198000
9203600
9210400
9217400
9238700
9244800
9253100
9261000
9270000
9279200
9289400
9296400
9310100
9318500
9333900
9350700
9370400
9380100
9395200
9406600
9412600
9422100
9427600
9434700
9442000
9454900
9466100
9479800
9494900
9519800
9542900
9560100
9568100
9582600
9591400
9602000
9614700
9622100
9632400
9638000
9648500
9668000
9684300
9690200
9697500
9712500
9724200
9733200
9741900
9760100
9770900
9782200
9796900
9810300
9825800
9850200
9862700
9877900
9899600
9911500
9917100
9926400
9933400
9942700
9949200
9959600
9967700
9980400
10001900


