# repro call number: 0
# mode: 3
# signal: 1
# stimulus file: /extra/setup/oel/stimuli/receptorInfo/gauss_st6_co200.dat
# carrier freq (kHz): 2.5
# stimulus length (msec): 1000
# pause between stimuli (msec): 700
# length of ramp (usec): 1000
# desired firing rate (Hz): 100
# standard deviation (dB): 6
# cut-off frequency (Hz): 200
# repetition number: 0
# duration (msec): 1000
# intensity (dB): 83.6957
6500
11000
13400
16200
19300
23600
25900
28400
36100
39100
45100
47700
50100
58800
61400
67100
79400
85100
87700
92100
104600
118600
127700
134700
144300
146600
156400
180800
186900
198000
200800
208800
213300
216400
218900
226300
237400
243700
258800
260000
268000
274600
284400
299100
304200
311000
335000
342300
345200
351900
360900
367300
373200
384700
395900
403100
411200
417500
427100
439100
455400
460600
463100
467500
473800
479000
481800
487300
495300
502200
528000
536100
547200
549800
553900
556700
562400
583000
588500
594100
609600
612300
615100
625800
631600
634600
659100
669900
673400
676100
682000
689600
704400
715500
722200
728400
740200
743100
758000
769500
775600
789900
800300
812200
827800
834700
848500
856400
864100
866800
892400
899200
903400
927700
930100
935100
937900
940300
957300
960300
966200
971200
977900
1001500
1006700
1023700
1029100
1055000
1065000
1068700
1073100
1079300
1082300
1087100
1094000
1112000
1127100
1134300
1143200
1151300
1154200
1157700
1175500
1186100
1191100
1197700
1210500
1213200
1222600
1233800
1239100
1243700
1251100
1255100
1267000
1273100
1284900
1289600
1295500
1302500
1310400
1313000
1315900
1338000
1343500
1363400
1377800
1392000
1394500
1399100
1410600
1413200
1418600
1429800
1449300
1454800
1466400
1477300
1480200
1486700
1498900
1531000
1541700
1547000
1552700
1586300
1592200
1594700
1609400
1615700
1626900
1634100
1638400
1641200
1656000
1660900
1663600
1670900
1678100
1683100
1692200
1698700
1704400
1707400
1720200
1726900
1732700
1736900
1742300
1756100
1768800
1779400
1785800
1798800
1813500
1825800
1832700
1839900
1854500
1868000
1877100
1888800
1892800
1898900
1901800
1913500
1934000
1949500
1959600
1966300
1971000
2000800
2015600
2018300
2032300
2035000
2052100
2066700
2072800
2082700
2087000
2098600
2103400
2109000
2114500
2134400
2137300
2163000
2170300
2175900
2181300
2211500
2235300
2244200
2255800
2259700
2265500
2277000
2280100
2283200
2294300
2302000
2317200
2325900
2340100
2345900
2351200
2356700
2370500
2376200
2382500
2386800
2398100
2401300
2411900
2426100
2433500
2440700
2452500
2459400
2480400
2491500
2495600
2498600
2520300
2526500
2545100
2562400
2572500
2577900
2587700
2593200
2599100
2601600
2612200
2624100
2627000
2638200
2648600
2656300
2661800
2674400
2697000
2713200
2723800
2738600
2743000
2749700
2755900
2767500
2770600
2775400
2795800
2800600
2808000
2816100
2823300
2831300
2837200
2841000
2847900
2859000
2863700
2869500
2878100
2885300
2890600
2895600
2903700
2913500
2925000
2930800
2936700
2939300
2946300
2955800
2958600
2963100
2967900
2982600
2996000
3013400
3025300
3041300
3054500
3062500
3088800
3091700
3095500
3101300
3112400
3133100
3136300
3152300
3163200
3165700
3172500
3186700
3189400
3199700
3211600
3214200
3228800
3234600
3242000
3247500
3260900
3270200
3274600
3278800
3283000
3289000
3295500
3305300
3320900
3337900
3350500
3356000
3367000
3375300
3383700
3390300
3396400
3401000
3422500
3430100
3449700
3454500
3469300
3475500
3481100
3487200
3493300
3505900
3513100
3520700
3537500
3541300
3544800
3552700
3556400
3570000
3579000
3587600
3595200
3610000
3620400
3641700
3649000
3672000
3682500
3686600
3689500
3712800
3723900
3744800
3749200
3754600
3760500
3767200
3771100
3786600
3793700
3801800
3807500
3810200
3819300
3834600
3837600
3843000
3878000
3889500
3899000
3905300
3914900
3920600
3931200
3946100
3955200
3960300
3973500
3984100
3990700
3999600
4004600
4010600
4042900
4050400
4057200
4063800
4066300
4072000
4076500
4083600
4087300
4096400
4103300
4119800
4131400
4142500
4156200
4168600
4175400
4185400
4190400
4196600
4203000
4212400
4217500
4223100
4226800
4229800
4233500
4238700
4249900
4256400
4262300
4280200
4292900
4297300
4303800
4314500
4320400
4324400
4331200
4347500
4369800
4374200
4391600
4394700
4400200
4405600
4413700
4424500
4430500
4445900
4452900
4457800
4464200
4469200
4474400
4484600
4489600
4501800
4507100
4510200
4523300
4534700
4538600
4542400
4546200
4556800
4563300
4575000
4592800
4599100
4611800
4624400
4639700
4650000
4662900
4671300
4686400
4698100
4709800
4713900
4727800
4739100
4742100
4745300
4754100
4770300
4786000
4793700
4801400
4808100
4821900
4832600
4849100
4853100
4871700
4881500
4884300
4894400
4900000
4907500
4924100
4931300
4960700
4974300
4980900
4987100
4990200
4995700
5001000
5004000
5016800
5023200
5032400
5035100
5057300
5060400
5073200
5082400
5087100
5090900
5093700
5111400
5117100
5137000
5144900
5155100
5158400
5165400
5173000
5181600
5205200
5212100
5222500
5242400
5245500
5256800
5264500
5276500
5280700
5285300
5293600
5300800
5305800
5325200
5333600
5347700
5360300
5364000
5370800
5385800
5395600
5404600
5420500
5432200
5436900
5440300
5447600
5452800
5459200
5469100
5475200
5478900
5483000
5496000
5505900
5512100
5517400
5528700
5538400
5542100
5560100
5567100
5573100
5576700
5621500
5633700
5643400
5648500
5653700
5660300
5669600
5686700
5689700
5703700
5708600
5730800
5750500
5755300
5762800
5770500
5784600
5800200
5802900
5808600
5811900
5826300
5832700
5841200
5844300
5849300
5860900
5869400
5872400
5884200
5898100
5915700
5921100
5926000
5937200
5944600
5960100
5963800
5986800
5993000
6007100
6029700
6035300
6050900
6056100
6065200
6072400
6093800
6096500
6101500
6108700
6120400
6147100
6154300
6160600
6173800
6188300
6191100
6193600
6198800
6204900
6207600
6219900
6246200
6251200
6268300
6272800
6275600
6295400
6302800
6312400
6316300
6330300
6334900
6337600
6345900
6349400
6370700
6385800
6400400
6406200
6412500
6423000
6426600
6436500
6442200
6452200
6465700
6471200
6477400
6504300
6512000
6523400
6532600
6542600
6549400
6553900
6557600
6563400
6570400
6577200
6583000
6596700
6613300
6624000
6634200
6640300
6654700
6659300
6677500
6687900
6694200
6709500
6719600
6751500
6764200
6781200
6787400
6794000
6798500
6809800
6814100
6832200
6838600
6841500
6850900
6863400
6871200
6877200
6885700
6894500
6897500
6907900
6919300
6930900
6937000
6941700
6961600
6980700
6989700
7004300
7008200
7015800
7022100
7027300
7031600
7063300
7066300
7069900
7075500
7090400
7107600
7114200
7120100
7140500
7152000
7156400
7171500
7174700
7192300
7202700
7209000
7229800
7234900
7237800
7243700
7250300
7255300
7259100
7272900
7281100
7292500
7300700
7313700
7322300
7325400
7336000
7341200
7346600
7351400
7362500
7370900
7375500
7388700
7398300
7404600
7409300
7418100
7421600
7428300
7449800
7465200
7473700
7480200
7486800
7498500
7503500
7514100
7519000
7525200
7533400
7540700
7545300
7551600
7558200
7564300
7571400
7577200
7592100
7600100
7615000
7620200
7628400
7640100
7642800
7657300
7660800
7665800
7672300
7681400
7687300
7692300
7700600
7706700
7713900
7720800
7726800
7745600
7752700
7781500
7785800
7791600
7816900
7822600
7829100
7837700
7855700
7859900
7863400
7866100
7872100
7896500
7901400
7912200
7916300
7920500
7932500
7937900
7943300
7948000
7953700
7958900
7966800
7973400
7983800
7992700
8013600
8024000
8046200
8054000
8075600
8082300
8089200
8101600
8106900
8119400
8128400
8138600
8142300
8151800
8159700
8169700
8174900
8195700
8205500
8213600
8228000
8241400
8246400
8273000
8290100
8293700
8296200
8304300
8308300
8324700
8331100
8346000
8352800
8358200
8367500
8385300
8388600
8395600
8412900
8417400
8422400
8458400
8478500
8483700
8497200
8500000
8503600
8522100
8537000
8555800
8568000
8570900
8590300
8593700
8613100
8623900
8637100
8657700
8660600
8666300
8679600
8692100
8700600
8706900
8713100
8723300
8730100
8733500
8743600
8750300
8759500
8765100
8771700
8781200
8784100
8795800
8816000
8823400
8826600
8831600
8839900
8845500
8855000
8860600
8867300
8873000
8889900
8893900
8917300
8923200
8928400
8935300
8944500
8961900
8965100
8969600
8976900
8996300
8999500
9004800
9007400
9017800
9038800
9048200
9051000
9060000
9065800
9069500
9081600
9102000
9115800
9118600
9133900
9145600
9175900
9180000
9183500
9195300
9198500
9206500
9213300
9234700
9238000
9248400
9256300
9260900
9266000
9275400
9285600
9291300
9297500
9307100
9310000
9338700
9347900
9368300
9375900
9390100
9396600
9407500
9412200
9420100
9423000
9435300
9450100
9461800
9464900
9476200
9479100
9492000
9516100
9532500
9555500
9563000
9577500
9586700
9597000
9603300
9612100
9618400
9628900
9633600
9644300
9664300
9681700
9686800
9692000
9695800
9702600
9710200
9720700
9728500
9737000
9740500
9755600
9766400
9778300
9791200
9794700
9821900
9833000
9847200
9858700
9861400
9874100
9877000
9897000
9908100
9912500
9915600
9922300
9927400
9934000
9938600
9945100
9955400
9962900
9977000
9998000


