# repro call number: 0
# mode: 3
# signal: 1
# stimulus file: /extra/setup/oel/stimuli/receptorInfo/gauss_st6_co200.dat
# carrier freq (kHz): 5
# stimulus length (msec): 1000
# pause between stimuli (msec): 700
# length of ramp (usec): 1000
# desired firing rate (Hz): 100
# standard deviation (dB): 6
# cut-off frequency (Hz): 200
# repetition number: 0
# duration (msec): 1000
# intensity (dB): 72.4194
8100
11400
14400
17200
21700
26200
29000
31500
39200
43300
46800
49800
52600
61800
68800
72500
81100
84700
88000
93100
97000
106000
109400
119900
130500
135100
140100
147200
150500
155200
158600
166100
173300
184500
188600
193700
197400
200700
205500
211700
215700
219400
222600
227800
230900
235700
245300
258700
262400
270500
277200
287100
301300
306500
312200
315600
336700
345000
348500
353700
362900
366000
370100
373800
388100
398800
402100
405400
412600
420300
429500
441900
457600
462700
466500
469800
474700
478500
482400
486000
489700
498700
530400
549900
556400
559400
564200
567300
585800
589900
594000
597500
602300
609500
614700
617800
621100
629000
634200
662400
673500
677300
683500
686700
691100
694700
706500
718300
723400
727400
731800
735200
742100
745300
760400
780500
792100
795400
801400
804800
814000
827200
831600
837200
840900
851900
858800
862400
866200
869700
885800
893500
905600
921900
930300
937800
941200
959300
962700
969000
973700
980500
992600
1004400
1010300
1026200
1031500
1069100
1073700
1081600
1089400
1096200
1114900
1127000
1152700
1156000
1159900
1172400
1178300
1192400
1200400
1213400
1226000
1236100
1241700
1246300
1250200
1253600
1257800
1268800
1275900
1291300
1297200
1300600
1305200
1312500
1315800
1319100
1340600
1359300
1380200
1389900
1394700
1398500
1402500
1413600
1416900
1421800
1431900
1453700
1467900
1480900
1488700
1502700
1518300
1533700
1549400
1554100
1557600
1581700
1591700
1595200
1611100
1618300
1629400
1636100
1639800
1643100
1647100
1657200
1662400
1665700
1672000
1679700
1684000
1692300
1695700
1700800
1706900
1723700
1736500
1743600
1747000
1753800
1758500
1767100
1782200
1801400
1812100
1816200
1825000
1828900
1836400
1840800
1857200
1869800
1878800
1883500
1891900
1901300
1908100
1916300
1936700
1951000
1966800
1972400
2002000
2005600
2018100
2024300
2034100
2037400
2048700
2054100
2059900
2066900
2071100
2074700
2082300
2085700
2089300
2101200
2106900
2111100
2114500
2118100
2128700
2136500
2140100
2172900
2181900
2185600
2193900
2214200
2236900
2246800
2258200
2263300
2267900
2271900
2279000
2283000
2293500
2299300
2302800
2319000
2323300
2334800
2342700
2348300
2359400
2373200
2378700
2385500
2391600
2403100
2409400
2414400
2424800
2435900
2443000
2455500
2461500
2465200
2473500
2482300
2485900
2495500
2499600
2503100
2513900
2523400
2529100
2547900
2558500
2565600
2574700
2581100
2591000
2596200
2602400
2606500
2614900
2625700
2629600
2641000
2649900
2659800
2665500
2676200
2699500
2728000
2741300
2752400
2757700
2764400
2770500
2776900
2799000
2810600
2818400
2825400
2834200
2839300
2844400
2853000
2861800
2868000
2873100
2897300
2916400
2927000
2938600
2942400
2948700
2958500
2962300
2970300
2986200
2993200
3016000
3029200
3044200
3063200
3067200
3091200
3094600
3099600
3114700
3123500
3138000
3154000
3167800
3189300
3202200
3214300
3218500
3230600
3236200
3243500
3251400
3264500
3272800
3279900
3283500
3291600
3297600
3324700
3341100
3354500
3362200
3371800
3379300
3386600
3393600
3399300
3404700
3425500
3434800
3456600
3471700
3483000
3495400
3498700
3503400
3508100
3517500
3539400
3542800
3546700
3555300
3558700
3573000
3581400
3588700
3594500
3612700
3622800
3645200
3650200
3663200
3674600
3687200
3690500
3694200
3700500
3714900
3725300
3748800
3752400
3756700
3762800
3768600
3773600
3785100
3789100
3794800
3805400
3810200
3813800
3818700
3823100
3837300
3841100
3845400
3862000
3867400
3880500
3892400
3900900
3904400
3907800
3916800
3922600
3944300
3958200
3976200
3992500
4006400
4010000
4013500
4045800
4053000
4059800
4065500
4068800
4073000
4078000
4081800
4086300
4090400
4101600
4106300
4120200
4134400
4171700
4177500
4185900
4192800
4219000
4225600
4229400
4232600
4236100
4240100
4243400
4247500
4252600
4263500
4290400
4300100
4304000
4316500
4322600
4327400
4333800
4351400
4361700
4374500
4394600
4398500
4405100
4409300
4415200
4427400
4433200
4448700
4456000
4465800
4470900
4479100
4492300
4509000
4525800
4537300
4541600
4550000
4559200
4565700
4589500
4595200
4601600
4628600
4642800
4652900
4658600
4673800
4687500
4710500
4716600
4730200
4741600
4745000
4748400
4757500
4788100
4795700
4800500
4804500
4810500
4814500
4825500
4831300
4853100
4874200
4884400
4896800
4902100
4910200
4926800
4933600
4937100
4940900
4981900
4987300
4992600
4998200
5003500
5007300
5012600
5020800
5026300
5033800
5037600
5059900
5063300
5076200
5085400
5090100
5093900
5097400
5108100
5114100
5117900
5134500
5140300
5147600
5157800
5163800
5169600
5176300
5184300
5191000
5208300
5213700
5219900
5225500
5229600
5245100
5265700
5279400
5288200
5295100
5306100
5327800
5350600
5366400
5373300
5378300
5388200
5399300
5405800
5423400
5435000
5439500
5442800
5452100
5455900
5461300
5471500
5478500
5482700
5498300
5503400
5516600
5521500
5530900
5534400
5543200
5563000
5569800
5576600
5580500
5621500
5643600
5647500
5653000
5656400
5663600
5681600
5690200
5694400
5706400
5710200
5713900
5733400
5740400
5753000
5758600
5765400
5772600
5788200
5808800
5812500
5830500
5835400
5844800
5851100
5855100
5864200
5869600
5873700
5886700
5901600
5917300
5923600
5928200
5932800
5952400
5963400
5973700
6010000
6032000
6037900
6057100
6067300
6076000
6090000
6096800
6100400
6110600
6116500
6150200
6163100
6174600
6184000
6191800
6195700
6200400
6207600
6212800
6222500
6249600
6256900
6274600
6277900
6283800
6298300
6304200
6315100
6332500
6337700
6345100
6349300
6374100
6389800
6403100
6408500
6416000
6428300
6432000
6439000
6444900
6473300
6479000
6482900
6506800
6511100
6535300
6546900
6551700
6560100
6565500
6572700
6579900
6584900
6598800
6606100
6615600
6619300
6636700
6642900
6662200
6681200
6686600
6714400
6727900
6752200
6761400
6783700
6791000
6794700
6798800
6803400
6812800
6819900
6841000
6844700
6853600
6873300
6879800
6893100
6898100
6905400
6911200
6916700
6923000
6933200
6939500
6947300
6983500
7001600
7009500
7018200
7023800
7028900
7034200
7066700
7072600
7079300
7086000
7104900
7115200
7122700
7143100
7154000
7159500
7165600
7174300
7178000
7189500
7197000
7204400
7211400
7232100
7238800
7246300
7252500
7255900
7259200
7262600
7275100
7282900
7303100
7309200
7325500
7329600
7345300
7354400
7364900
7373600
7379000
7389000
7394300
7406200
7411500
7421500
7432100
7468400
7480100
7483600
7489100
7504700
7516700
7521800
7527700
7536300
7542500
7547600
7554700
7560700
7565900
7569700
7574000
7593500
7597100
7601400
7622900
7631000
7643400
7650100
7659000
7664600
7668400
7689100
7693800
7702700
7709800
7716500
7724100
7729400
7737000
7748900
7754400
7758200
7779700
7788000
7794400
7819200
7825000
7831200
7835000
7841800
7862400
7866000
7869300
7874400
7899400
7904000
7915100
7918900
7922200
7927100
7935600
7940700
7945600
7949200
7953200
7956600
7961400
7970700
7986000
7990900
7994900
8017000
8025600
8029200
8034500
8050800
8055200
8084700
8091100
8095600
8104800
8122600
8141300
8145600
8154500
8162100
8171900
8177400
8198800
8208300
8219400
8231900
8243900
8248500
8296000
8299300
8305500
8310600
8314100
8327500
8360300
8364200
8371100
8387600
8391100
8397900
8416000
8423200
8481000
8486100
8490000
8498700
8502100
8505500
8516700
8538100
8554700
8561300
8567600
8570900
8574600
8594600
8598100
8616200
8626500
8640300
8661600
8668800
8682800
8694600
8702700
8716100
8727000
8734900
8746000
8753400
8767700
8783900
8798200
8818200
8826600
8831100
8847900
8869200
8874900
8892900
8897200
8912700
8920500
8925600
8932400
8938300
8946800
8965500
8972200
8999600
9006900
9010500
9019300
9042400
9050700
9054400
9068500
9072400
9079000
9084300
9090500
9118500
9121900
9180000
9183700
9199600
9203200
9209700
9216000
9237500
9241200
9251100
9254900
9262400
9277300
9289500
9294500
9309600
9313000
9317100
9372300
9398900
9410700
9416700
9422700
9426000
9452700
9464700
9468000
9480700
9519400
9535300
9545600
9567300
9580900
9590200
9613500
9621100
9634300
9647200
9653900
9666400
9670900
9685400
9692900
9696900
9704700
9726300
9731400
9738100
9743000
9769100
9781600
9797100
9803500
9809000
9824700
9850800
9861700
9865200
9876700
9880000
9900600
9915800
9920400
9925100
9928800
9932200
9936500
9941500
9947000
9959000
9965700
9979200
9983100
10000700
10004500


