# OFFOEL
# duration (msec): 1000
# repetition number: 1
5300
8600
17800
29600
36200
40800
44900
48100
55000
59700
132500
136400
139200
142100
144400
146700
148700
151700
156200
184700
192800
197600
218700
224600
228100
231700
235900
242400
293800
298700
301000
304000
306700
308600
311300
313600
315600
319500
341800
347500
349900
351900
354300
356200
358200
360600
363400
366700
381300
391000
401800
426100
430500
434100
436600
438900
442200
445600
486700
492000
502200
506500
510200
512700
516000
518200
520600
524600
555500
562600
600500
603000
606100
608100
610300
612300
614200
617400
619600
623500
662500
664700
666700
668600
670600
672500
674600
677400
679400
681700
683800
686200
688700
692300
721800
724500
730500
788000
793900
800300
803300
807000
811400
816900
881800
888400
891100
893200
897000
942100
985100
990300
1043100
1050700
1057700
1060100
1063000
1065600
1068600
1072100
1123500
1126800
1209700
1214700
1224200
1258800
1263800
1266400
1269700
1273100
1320800
1322800
1325200
1327900
1330400
1334800
1377700
1380200
1382400
1386900
1425000
1482500
1485700
1488200
1490300
1492700
1494700
1496900
1499500
1502600
1537900
1661000
1663300
1665300
1667000
1668800
1670500
1672500
1674500
1676400
1678500
1753500
1756100
1758200
1760600
1762800
1764800
1767000
1769300
1772800
1776300
1779700
1784400
1787000
1790400
1793000
1796400
1798800
1802400
1911500
1917200
1921900
1992000
1997000
2000700
2002900
2004800
2007900
2067900
2071000
2073300
2075200
2076900
2078800
2080800
2082900
2085700
2087900
2090300
2092200
2094600
2131500
2133900
2135900
2138200
2141100
2146700
2177400
2180500
2186100
2246700
2251800
2254400
2256600
2259000
2261800
2264800
2310500
2315600
2318200
2321200
2324400
2327800
2357200
2363100
2368000
2370300
2373900
2378000
2443500
2453400
2458800
2462500
2467400
2474200
2531600
2536400
2577100
2581000
2585600
2663800
2668300
2672500
2702200
2710800
2757700
2760200
2762900
2766200
2768900
2772200
2774900
2777100
2780900
2877400
2908400
2922700
2984900
2991700
2998500
3029600
3033300
3036000
3038100
3041000
3096200
3100600
3110800
3149500
3153100
3156100
3161200
3242000
3276200
3284100
3289300
3296600
3326800
3368100
3372300
3384100
3413400
3428900
3433500
3435400
3438100
3440000
3443300
3447500
3486800
3522400
3524800
3526800
3528600
3530400
3532400
3534300
3536300
3538100
3540700
3566000
3570600
3575600
3618700
3620800
3623300
3625600
3627700
3629700
3631800
3635800
3641300
3737200
3739800
3742100
3745100
3747200
3749200
3751200
3754200
3788800
3792200
3795400
3798400
3803100
3841600
3847300
3863700
3917700
3925400
3929400
3932000
3935500
3940100
3944100
3948100
3952200
4071600
4075800
4079800
4082300
4085800
4132300
4137600
4141500
4145800
4149200
4198200
4208000
4219600
4239100
4245700
4248500
4250900
4253700
4256600
4261300
4263800
4267800
4311300
4315200
4317600
4320600
4323000
4327500
4360900
4446100
4449800
4452300
4454600
4462200
4527100
4530400
4532600
4534600
4536900
4539200
4542800
4545400
4548200
4599600
4604900
4615000
4680200
4684400
4687700
4690400
4699400
4763400
4769600
4773200
4780100
4816400
4824300
4854600
4858000
4860200
4862200
4864400
4866500
4869000
4871800
4989800
5034000
5039200
5042300
5044900
5047100
5049300
5052700
5055600
5101900
5105700
5142400
5146200
5149300
5152700
5198300
5240800
5248100
5289400
5293200
5295700
5297700
5301400
5378800
5381900
5384200
5386900
5390700
5393700
5397500
5400800
5406200
5484400
5494500
5497800
5503700
5509300
5540700
5589900
5594900
5597900
5600700
5603700
5606800
5611200
5614100
5616400
5619000
5621400
5624900
5627800
5630400
5677000
5681200
5701600
5706200
5710100
5713200
5717800
5721600
5760900
5764200
5767200
5770400
5809800
5814400
5820500
5823800
5827300
5831200
5835300
5883700
5887500
5891600
5893900
5897600
5901100
5904800
5915000
5921400
5975000
5978700
5980800
5982900
5985100
5988500
5992100
5995700
6033400
6037200
6039800
6042000
6043900
6045900
6048100
6050400
6053000
6057400
6059600
6063600
6137200
6176300
6180000
6182400
6185200
6187200
6189600
6192100
6194300
6197300
6200800
6245800
6291400
6297100
6300100
6303400
6307500
6311100
6343400
6349300
6383100
6387800
6390100
6426500
6432000
6437200
6531400
6569600
6574200
6577200
6582000
6616400
6619800
6622600
6624900
6627600
6630000
6633100
6636100
6638900
6645100
6649900
6667100
6697100
6701300
6703800
6706000
6708400
6712600
6750900
6753700
6756500
6761200
6764200
6844400
6852600
6894400
6900500
6903800
6942500
6946400
6950100
6955200
6999000
7052200
7055900
7090900
7100400
7105600
7109900
7114900
7176000
7180000
7182800
7186300
7192500
7246200
7249900
7253000
7255500
7258000
7260300
7262700
7265300
7267800
7272600
7346100
7351600
7354600
7356900
7359300
7363000
7366500
7465600
7472000
7480300
7551000
7555100
7606900
7654000
7664400
7705400
7743000
7747500
7749800
7751700
7753800
7756300
7758400
7760500
7762700
7799600
7853400
7874700
7931000
7939200
7942800
7948300
7985300
7988600
7990600
7992600
7994300
7996200
7998000
8000800
8004700
8008400
8041900
8044700
8047400
8049600
8052000
8054000
8057300
8062600
8072600
8107000
8110200
8113400
8116100
8118600
8121200
8125300
8128200
8130600
8161400
8167900
8172000
8176700
8183100
8233900
8239400
8243000
8245700
8285700
8288800
8291700
8293800
8296700
8299300
8302400
8305900
8335600
8340200
8344100
8347500
8355900
8404400
8411400
8446600
8449700
8452000
8456100
8458600
8461700
8464300
8466400
8468500
8471100
8474100
8477000
8479600
8483100
8521700
8524800
8528100
8530800
8534100
8537700
8590500
8595700
8631800
8637200
8641000
8648800
8681200
8735900
8745500
8748600
8754200
8801400
8806300
8829700
8840600
8848900
8881200
8883900
8887200
8891500
8894300
8896800
8962000
8964900
8967400
8969500
8971500
8973900
8976500
8978600
8984900
9009800
9012000
9016000
9020300
9066400
9072200
9107800
9111000
9113000
9115600
9118500
9121100
9151000
9154000
9156100
9158100
9160100
9162700
9165000
9170400
9199200
9202200
9205100
9207200
9209800
9252000
9259700
9274900
9278100
9281700
9285000
9287800
9292000
9320600
9325200
9327300
9329200
9331100
9333000
9335000
9337200
9341000
9401500
9406800
9409500
9412100
9415200
9417900
9420700
9423000
9425300
9427800
9431600
9434800
9437600
9441200
9444200
9487900
9492000
9525400
9528400
9531000
9533100
9536300
9572200
9575400
9578400
9580800
9586300
9610900
9613800
9616200
9618300
9620500
9623100
9626400
9656100
9659400
9666800
9702400
9706200
9709300
9713900
9733400
9739500
9742500
9745800
9748500
9751900
9759800
9826200
9831600
9898700
9911300
9942100
9996500
10001700
