# repro call number: 0
# mode: 2
# signal: 1
# stimulus file: /extra/setup/oel/stimuli/receptorInfo/gauss_st6_co200.dat
# carrier freq (kHz): 3.53553
# stimulus length (msec): 1000
# pause between stimuli (msec): 700
# length of ramp (usec): 1000
# desired firing rate (Hz): 100
# standard deviation (dB): 6
# cut-off frequency (Hz): 200
# repetition number: 0
# duration (msec): 1000
# intensity (dB): 83.2143
5900
8800
11800
14700
20000
23900
26900
29900
36100
39500
46000
51100
59500
62500
66900
75100
79500
82800
86700
91900
103600
106600
117500
127800
134700
144300
147500
156900
172100
181100
185000
190000
198700
201800
208200
211800
215400
218800
226200
238100
243800
255200
259200
268600
275100
283300
286900
298700
301900
305100
327300
333900
337400
342600
344100
346300
352400
360900
368000
371400
374700
385500
390000
396200
397800
399700
411900
418100
427100
435300
440100
449100
455900
461100
474200
479700
483300
488300
496400
503400
520800
529300
536400
547900
553800
557500
563300
580400
584300
589600
594900
610300
613500
617300
626100
630700
634500
658900
668100
672000
676400
682300
689300
703900
715600
721700
728700
743400
758500
770200
790300
794400
800400
804200
822100
828300
835400
848200
852300
857100
864600
868400
882500
893200
903100
907000
912000
928900
937200
940900
957200
961100
966400
971600
978500
1002000
1007200
1014000
1023800
1029700
1065400
1071700
1078900
1082400
1087200
1094000
1114000
1126000
1134700
1143200
1151200
1155100
1158900
1175600
1184800
1190600
1197700
1224600
1234400
1239600
1244500
1251200
1255700
1266700
1274500
1289600
1295900
1303300
1311000
1314600
1324000
1337900
1343800
1364000
1373900
1378900
1384400
1390400
1393900
1399400
1411000
1413200
1414800
1419500
1430600
1451000
1477300
1481200
1487400
1499200
1510800
1516000
1531900
1542500
1549400
1553800
1580600
1586800
1593000
1609100
1615900
1627100
1635600
1639500
1643400
1651000
1656900
1661600
1665700
1671600
1678500
1692300
1693700
1699600
1705200
1715100
1721500
1732500
1736800
1742000
1756100
1757400
1769800
1779600
1786400
1799900
1813600
1826200
1832800
1836500
1842400
1854700
1863600
1877000
1889500
1898900
1903900
1911000
1915100
1933700
1935100
1949900
1959700
1966200
1971100
1995700
1997300
2001300
2015400
2019300
2033000
2045600
2051400
2055900
2067400
2072200
2078300
2083100
2089500
2099700
2105000
2110000
2114700
2134200
2136200
2138000
2161500
2170400
2174300
2181600
2191900
2201000
2212100
2231500
2235700
2242200
2247000
2255800
2265200
2272300
2277400
2281700
2288100
2294500
2302300
2314200
2319900
2339800
2346300
2370500
2376300
2382800
2400400
2404500
2412200
2433600
2441100
2453200
2459600
2480200
2492700
2497000
2500700
2510800
2521400
2527000
2545900
2562700
2578500
2588000
2593800
2599600
2607700
2612700
2623900
2627800
2638200
2648900
2657000
2662700
2674300
2690000
2697100
2700900
2714500
2724500
2739000
2749900
2755400
2759700
2768300
2776000
2790600
2796300
2808100
2815400
2823600
2832500
2837100
2842200
2850000
2859400
2868200
2878700
2886300
2891800
2896900
2913900
2930700
2937100
2941200
2946800
2956300
2961100
2968100
2981300
2986200
2996800
3013900
3025800
3037700
3043600
3055100
3063800
3081600
3089400
3096300
3102200
3113000
3121600
3133500
3138800
3152300
3163300
3167200
3171600
3187400
3199200
3211600
3215900
3229700
3235400
3247700
3261200
3270500
3276600
3280700
3285800
3290500
3295800
3306500
3321500
3338300
3350200
3357100
3367700
3374800
3379500
3385200
3392100
3398000
3402500
3422000
3426500
3431500
3450600
3455900
3470300
3476000
3481900
3493300
3506100
3511600
3520400
3537600
3541700
3545900
3553000
3556800
3568300
3572300
3579500
3588300
3609200
3620100
3632400
3641900
3650400
3661000
3672800
3679800
3686400
3690200
3711300
3715400
3729900
3744800
3750700
3755800
3766200
3771900
3784300
3788600
3795400
3802400
3808200
3820000
3833700
3837500
3843800
3860900
3878100
3885900
3891400
3900100
3904600
3914800
3921300
3931800
3955600
3969300
3975100
3991100
4000500
4005300
4011600
4018400
4044200
4050500
4057200
4064400
4073300
4078100
4084200
4088600
4104400
4116800
4123100
4131900
4142900
4165300
4175900
4187100
4191300
4203000
4212700
4217800
4223900
4228200
4233800
4239000
4250300
4263000
4280800
4293100
4298000
4304700
4314700
4322500
4326700
4332500
4347600
4368700
4391400
4395500
4400800
4406600
4414600
4425400
4431000
4446600
4453400
4463500
4469900
4478600
4485900
4490400
4502800
4507900
4523200
4535000
4539100
4546100
4557100
4563800
4586300
4590800
4595200
4600300
4610300
4639900
4650800
4662900
4672200
4682700
4697200
4709800
4714400
4729000
4740200
4744700
4752900
4760100
4772600
4787600
4792300
4796500
4802000
4808800
4822200
4833900
4846500
4851100
4872200
4882700
4895000
4900300
4910900
4925000
4932600
4966800
4980000
4987500
4995800
5001800
5017900
5025000
5031900
5036000
5057500
5061400
5073200
5082700
5088300
5092400
5096100
5111700
5137700
5145700
5156000
5160800
5166500
5174200
5182000
5194400
5205900
5212200
5217400
5223600
5237100
5243700
5257500
5265200
5276500
5285200
5293800
5301500
5325200
5333700
5347900
5360800
5365200
5371600
5387500
5395300
5406700
5417100
5421600
5432600
5437900
5441800
5448400
5453800
5459500
5469400
5475700
5481500
5496400
5512200
5518800
5529200
5539200
5560400
5568000
5574600
5578700
5590600
5617300
5634200
5644300
5648400
5654600
5661400
5679800
5687400
5691200
5704300
5708300
5731400
5755600
5763100
5770900
5785200
5792700
5800600
5809200
5826900
5832900
5841300
5849300
5853500
5861700
5871400
5886000
5899200
5906900
5916000
5922600
5928100
5938300
5945100
5961000
5991300
6007700
6015100
6029400
6036200
6051600
6056200
6064500
6072600
6093800
6097700
6108900
6114600
6122100
6144100
6148400
6161300
6172500
6182200
6189200
6193300
6199500
6205700
6209600
6220400
6246600
6255400
6270300
6274700
6296500
6303600
6313300
6329800
6335500
6346100
6351400
6370600
6386800
6400700
6406500
6415800
6424100
6428900
6437500
6443900
6453700
6466300
6471800
6478600
6504300
6523900
6534100
6542900
6549900
6556000
6560100
6565400
6570900
6578700
6585300
6597800
6615000
6625100
6634500
6642100
6655000
6659100
6676600
6688200
6694200
6700200
6710600
6721500
6733500
6752600
6758800
6764800
6782300
6787700
6794900
6799800
6810700
6815300
6833000
6839500
6851600
6863600
6871900
6878200
6884200
6894900
6909300
6915700
6931200
6936500
6941700
6975900
6981400
6990400
7003700
7008800
7016600
7022700
7028600
7063900
7069700
7076000
7091400
7102700
7109000
7117700
7127300
7141200
7152800
7158300
7172000
7176600
7193400
7203900
7209600
7225200
7230900
7236900
7244300
7251000
7256700
7260800
7279200
7300500
7314700
7322000
7326000
7341200
7351200
7362600
7371600
7376700
7388800
7406800
7418600
7428600
7450100
7462400
7467200
7479600
7487700
7498600
7503600
7515200
7520700
7525800
7533200
7538200
7542400
7553000
7558800
7564900
7572700
7578100
7589300
7593500
7600700
7621300
7628600
7641300
7659400
7666900
7674000
7681800
7688100
7701100
7707800
7714600
7722400
7727400
7747700
7753800
7782400
7787000
7793300
7817800
7823300
7829400
7833900
7856000
7860400
7864200
7871800
7901000
7908900
7913600
7918600
7933000
7938500
7943800
7950400
7958800
7967100
7973600
7984400
7993400
8014300
8024000
8028000
8046100
8054000
8064500
8076600
8082600
8089800
8101800
8107800
8120000
8128900
8138500
8145200
8152100
8160400
8171000
8176400
8196700
8206300
8214600
8228300
8241900
8247200
8262700
8274400
8286600
8294000
8298200
8304200
8309200
8324400
8331100
8346400
8353200
8358800
8368900
8386100
8395600
8413500
8418300
8423000
8443400
8458300
8474600
8479600
8484500
8498100
8502600
8512700
8524500
8536300
8553200
8558200
8569300
8578100
8590600
8597500
8613700
8621300
8625600
8637900
8658200
8666800
8680100
8692400
8701800
8707600
8713600
8724700
8732200
8744100
8750800
8759900
8766100
8781600
8794800
8816200
8824400
8828400
8833800
8840900
8847300
8861300
8867400
8874600
8892800
8917900
8924000
8929600
8935400
8945500
8964000
8970800
8977800
8997300
9004800
9008900
9018200
9032000
9048800
9061100
9066600
9070800
9081800
9103100
9116700
9134800
9147400
9177400
9182000
9195300
9199800
9207500
9214400
9235000
9239900
9249800
9257600
9265500
9275700
9286400
9292000
9298500
9307400
9311700
9332000
9339100
9349300
9369100
9386300
9396700
9406200
9410200
9420600
9436600
9450000
9463300
9477000
9481300
9492900
9516600
9535200
9556700
9563700
9578500
9587300
9598500
9603500
9611500
9619100
9628700
9634500
9644600
9664900
9683000
9693700
9712100
9720700
9729300
9738400
9742800
9748000
9767000
9778700
9793900
9807800
9822800
9848000
9860100
9874300
9879200
9897600
9911500
9915600
9923600
9928400
9936100
9944300
9955900
9964000
9977300
9998500


