# repro call number: 0
# mode: 2
# signal: 2
# stimulus file: /extra/setup/oel/stimuli/receptorInfo/gauss_st3_co200.dat
# carrier freq (kHz): 3.53553
# stimulus length (msec): 1000
# pause between stimuli (msec): 700
# length of ramp (usec): 1000
# desired firing rate (Hz): 100
# standard deviation (dB): 3
# cut-off frequency (Hz): 200
# repetition number: 0
# duration (msec): 1000
# intensity (dB): 73.4848
6500
9700
13100
16200
24700
28100
34600
41200
49300
55100
74600
80700
89300
102500
107000
110900
121100
126400
148900
159200
166100
182000
189200
194300
199600
206000
210200
215100
220100
234600
249000
270000
277200
285700
293400
306100
311800
320900
331400
337300
340900
347200
356100
373100
380100
390400
398100
405400
410900
416200
422100
429000
430500
461400
467100
480900
486400
491200
501600
518700
524000
531700
553800
557500
562400
571300
585900
591500
598200
605200
608600
618700
626000
640300
646300
657100
661800
669300
685000
706900
730200
735300
741100
750500
761300
779200
783400
791600
794300
799500
806800
815200
829700
838800
843000
847900
866000
874400
883100
885300
901900
910300
920400
939100
953400
960400
965900
976300
983200
993500
995200
999500
1012300
1019300
1029500
1035100
1041400
1066900
1076700
1110000
1115700
1121100
1126700
1132800
1141000
1158000
1164200
1168900
1175900
1182900
1190600
1197100
1212700
1219900
1224400
1246800
1259100
1260500
1267100
1272600
1284100
1300300
1303900
1322000
1346200
1351200
1356200
1362800
1376400
1389000
1395200
1403300
1411400
1420200
1445100
1451300
1461300
1492500
1501400
1505700
1511000
1514700
1521700
1531600
1545000
1546400
1556100
1567900
1576000
1586500
1598900
1609600
1618500
1625000
1630700
1644500
1645900
1660000
1668300
1675700
1680700
1685100
1695400
1700000
1715900
1720200
1737900
1747500
1762600
1768300
1775300
1779500
1791600
1797800
1809700
1844900
1851400
1865600
1867000
1871400
1884000
1890100
1898200
1911700
1915600
1930400
1937600
1942700
1949000
1959200
1970000
1975700
1985600
2014300
2020600
2029400
2039600
2045000
2052400
2060200
2087000
2094300
2104900
2116500
2123600
2131900
2143400
2155300
2165200
2176700
2183100
2188500
2199000
2208500
2214600
2225500
2237000
2247500
2256100
2265700
2269800
2292800
2307400
2319200
2325500
2338600
2345000
2349700
2355600
2375700
2384400
2391700
2397700
2410300
2416100
2429400
2433600
2437700
2450200
2462000
2472700
2483200
2501900
2503700
2510200
2514800
2521700
2533900
2543800
2550500
2556900
2565600
2576000
2591000
2596300
2612800
2621100
2630700
2636600
2651400
2663500
2672900
2678600
2693800
2700700
2719400
2724100
2743300
2745600
2765000
2774700
2779700
2792000
2808900
2813500
2820200
2830300
2836400
2850700
2866800
2871700
2882800
2889900
2896100
2912400
2922500
2937900
2945600
2952600
2970000
2974100
2985100
2994500
3001100
3006900
3012000
3018700
3035200
3043400
3053100
3068500
3074300
3082100
3108700
3110200
3122000
3135300
3140000
3155400
3169300
3178300
3202400
3203800
3213400
3218500
3255300
3263600
3269100
3290200
3294600
3311000
3319600
3334600
3345900
3357800
3369500
3393100
3399500
3404500
3411600
3417200
3422100
3432500
3447300
3467700
3469000
3483700
3488400
3505100
3510700
3515000
3519200
3526000
3530100
3540800
3556400
3565500
3574000
3580800
3588800
3600200
3613200
3617700
3622900
3631700
3640900
3659100
3669600
3683900
3688800
3692600
3697000
3707800
3720700
3730800
3744300
3755400
3766200
3774100
3782000
3795500
3807900
3813700
3823300
3831300
3839800
3850800
3855300
3870500
3877000
3884100
3892300
3899000
3912300
3922500
3932400
3943500
3957300
3963100
3969600
3975600
3983000
3989300
3998400
4008000
4030000
4035500
4044000
4058200
4068200
4076800
4083900
4094100
4102500
4114500
4125100
4132000
4149200
4164200
4175200
4187500
4201200
4208300
4221000
4234000
4241200
4247000
4260500
4270600
4283900
4298500
4307000
4313100
4327500
4334300
4339000
4358700
4363500
4369800
4374900
4380400
4387200
4409200
4427700
4439300
4444500
4449700
4469900
4478500
4486800
4498400
4509600
4521900
4528300
4536400
4541600
4549100
4555000
4560800
4588600
4600400
4610100
4620900
4626400
4636600
4651500
4659200
4680800
4705300
4711100
4719100
4730200
4739200
4745600
4753400
4770500
4785800
4795700
4811600
4816900
4824200
4842700
4848100
4859200
4874300
4892100
4897300
4904200
4910500
4923000
4928400
4951300
4958700
4962900
4985400
4992800
5005800
5022000
5029900
5035500
5048000
5056700
5062200
5069000
5093100
5094700
5100100
5107800
5114500
5130600
5152900
5160700
5169500
5180900
5185600
5200800
5209400
5215900
5225200
5239900
5248000
5254000
5265200
5274300
5286800
5293500
5316900
5325100
5335700
5344600
5355900
5369600
5377700
5385700
5391900
5395900
5405300
5416200
5426100
5431800
5436400
5442400
5451800
5462100
5471400
5495800
5508000
5514400
5527100
5541500
5553500
5569600
5579600
5584100
5600200
5607100
5617300
5628800
5644900
5662100
5666900
5671200
5678900
5695800
5706100
5712900
5723100
5747200
5762800
5768400
5787600
5795200
5800700
5827100
5828700
5839200
5848700
5856000
5874600
5882700
5891800
5897500
5911600
5917900
5932100
5944400
5955900
5968900
5974700
5997900
5999200
6003400
6027600
6053300
6059100
6066900
6079400
6089300
6097900
6105000
6110600
6127200
6141100
6155200
6164500
6182100
6196500
6202900
6216000
6223100
6229800
6253700
6271000
6281900
6288000
6301600
6305600
6323700
6329700
6333800
6344600
6361200
6369500
6379500
6396000
6410400
6422900
6431500
6437900
6451700
6468000
6477300
6492900
6500200
6509100
6531000
6541400
6564200
6570100
6583100
6592200
6601800
6615700
6631700
6637300
6646700
6650900
6656400
6666300
6672300
6686200
6706900
6708400
6712800
6736600
6746900
6752200
6757900
6772600
6782300
6792600
6814900
6816500
6826000
6835100
6839400
6845000
6869400
6871000
6888100
6897200
6901600
6907400
6921500
6938200
6950400
6962200
6970700
6982300
6991600
6998200
7014000
7018800
7033800
7052700
7070800
7079500
7089800
7104500
7109200
7119800
7136400
7144300
7153300
7161400
7179500
7186400
7198500
7217900
7233500
7252200
7268900
7288400
7295500
7309300
7318500
7325700
7329900
7334600
7345500
7351700
7357600
7379100
7381100
7383100
7390200
7408900
7426000
7437600
7453400
7464700
7475400
7482400
7491200
7504700
7510000
7530700
7534700
7547100
7556700
7566000
7574100
7584500
7599200
7604100
7614800
7622600
7631700
7647800
7669100
7675400
7689700
7701600
7708100
7738300
7748500
7753200
7762000
7768400
7785600
7787300
7798100
7804200
7813100
7826900
7837000
7852300
7859600
7864900
7888600
7890300
7901700
7907900
7919400
7950200
7956000
7966300
7980900
7987600
7994800
8003000
8027200
8028800
8048800
8054200
8074500
8076200
8081700
8088000
8094200
8102400
8114200
8119500
8128100
8138400
8152900
8169700
8177100
8183800
8197200
8218000
8227900
8232800
8243800
8257000
8265200
8277700
8282200
8299000
8314100
8325200
8351100
8366700
8377300
8384500
8414300
8415700
8430300
8442600
8453400
8459100
8468300
8485200
8497500
8507400
8515800
8526200
8540400
8555100
8567200
8575100
8597500
8612700
8618400
8630900
8638300
8655900
8661900
8667900
8677200
8683600
8693800
8700000
8705400
8711300
8716900
8734200
8760100
8765300
8781200
8790500
8808900
8810700
8823500
8832500
8839800
8845100
8851600
8859500
8873200
8877900
8898200
8903600
8908000
8927200
8935000
8949500
8956100
8964200
8991300
9003100
9008300
9012900
9027700
9040500
9053100
9062000
9067100
9080100
9087300
9106300
9108000
9117600
9122800
9133300
9149400
9155500
9160000
9168600
9196800
9210200
9219200
9231900
9239900
9250100
9257200
9262200
9271100
9278100
9286200
9302100
9316300
9327100
9336300
9344800
9352500
9366500
9376600
9396200
9403300
9414700
9428300
9442700
9449500
9488500
9503400
9514800
9521600
9534800
9546600
9559700
9582600
9588900
9603700
9610700
9614900
9625700
9641600
9658800
9663600
9673200
9702500
9710400
9739700
9748900
9759200
9765300
9775700
9781200
9789200
9794900
9807500
9822300
9828400
9842700
9851700
9878200
9885000
9900400
9904500
9912900
9921100
9925800
9934700
9940400
9958200
9968800
9979400
9996300


