# repro call number: 0
# mode: 3
# signal: 2
# stimulus file: /extra/setup/oel/stimuli/receptorInfo/gauss_st6_co100.dat
# carrier freq (kHz): 5
# stimulus length (msec): 1000
# pause between stimuli (msec): 700
# length of ramp (usec): 1000
# desired firing rate (Hz): 100
# standard deviation (dB): 6
# cut-off frequency (Hz): 100
# repetition number: 0
# duration (msec): 1000
# intensity (dB): 58.3333
300
9100
13800
20500
45500
48900
59800
75800
78900
82800
95200
100800
104200
117400
131400
137700
150000
172900
183500
193100
212000
226400
233700
268300
273900
286100
296400
303600
316500
320300
336100
345800
354100
372700
375900
382100
407000
421300
427100
431100
439400
453500
463600
468700
487600
495400
502300
512400
519800
534000
537700
554500
567700
577300
590100
606600
610300
619300
659900
666600
678600
692500
696400
709600
715700
722100
727400
747200
755300
760000
763300
771400
782900
794600
802300
823700
829000
853000
860500
866300
875500
885200
889200
898300
901900
919300
922900
927900
945900
957300
975200
988300
993400
996300
1014400
1017800
1028700
1034800
1044800
1051600
1080000
1083700
1086600
1091700
1098400
1104800
1109600
1119000
1127500
1140500
1151500
1155400
1161900
1170500
1186200
1191400
1212300
1226300
1239700
1250500
1262600
1272600
1278600
1305800
1312900
1319800
1333600
1337700
1344400
1348400
1362200
1368900
1375100
1384800
1398000
1406600
1411700
1423000
1435200
1449500
1458400
1464900
1474100
1486100
1496900
1508500
1516000
1557100
1562600
1574800
1586300
1596500
1600400
1612200
1626100
1646000
1668300
1686700
1697400
1701300
1742300
1748900
1755600
1759000
1766900
1791300
1796900
1807400
1827800
1857300
1860500
1870300
1874000
1878700
1890500
1899700
1908800
1912300
1923200
1931500
1940900
1951800
1959900
1976300
1979800
1999300
2010200
2023100
2032400
2042000
2055100
2062600
2066900
2072600
2086200
2094600
2098900
2102500
2113100
2129900
2139200
2149000
2152900
2173800
2183500
2186800
2191400
2208800
2217000
2221200
2229800
2241800
2256300
2269400
2273100
2279800
2286500
2294100
2304000
2312000
2323500
2342600
2346900
2363800
2369200
2382400
2392400
2396400
2406500
2416200
2428400
2438600
2444200
2447500
2468400
2484500
2502100
2512000
2525200
2528300
2541900
2556500
2584500
2588800
2601800
2628500
2631700
2637300
2642800
2650600
2657100
2672200
2684000
2700000
2709800
2715900
2732600
2746300
2755200
2758700
2774300
2792400
2807400
2817000
2830400
2840700
2844200
2857200
2888800
2896200
2899500
2909700
2924100
2929500
2947600
2956700
2963400
2969000
2979600
2994900
3004200
3011600
3017300
3028200
3033800
3044200
3064200
3081800
3095700
3114800
3124800
3139900
3170100
3173900
3183700
3187300
3192300
3198300
3207900
3221500
3224800
3232200
3247100
3266400
3282400
3291900
3313000
3329400
3338800
3353400
3357000
3367900
3376000
3379700
3390800
3400700
3413100
3416500
3442200
3463300
3470900
3485800
3491000
3494900
3503300
3510800
3514200
3527600
3539600
3548500
3564400
3579600
3588900
3593000
3600600
3615400
3619600
3629800
3634000
3648900
3660000
3671400
3677700
3681200
3687200
3694900
3709200
3712900
3716400
3727100
3733300
3739000
3749900
3753600
3762600
3766900
3777700
3788100
3800700
3831600
3841200
3852300
3856300
3865800
3876800
3880500
3895200
3899500
3908000
3912000
3927400
3940900
3952700
3966200
3970100
3977900
3981900
3999100
4003500
4013200
4021300
4029100
4035200
4045700
4056500
4069200
4081300
4085600
4089500
4092300
4103700
4142100
4147700
4150900
4163800
4183000
4193800
4206000
4221800
4225800
4235000
4244800
4251000
4264700
4287300
4290400
4295400
4308100
4311200
4318300
4337000
4341400
4347800
4357400
4372900
4380200
4384000
4394800
4401500
4416800
4422900
4432400
4446000
4458300
4479900
4483200
4489900
4495800
4516800
4524400
4533300
4537800
4541600
4560800
4567300
4570400
4577600
4581300
4584500
4601900
4613600
4627400
4636800
4639800
4673900
4677200
4691700
4703100
4717700
4732100
4738000
4742100
4754200
4764700
4785700
4798900
4810500
4814600
4822500
4831400
4834900
4838000
4865600
4874700
4878000
4885000
4906000
4919500
4928200
4962800
4966500
4978600
4990300
4999100
5002800
5021400
5030800
5039700
5043700
5060700
5071800
5075000
5094500
5100800
5118500
5127900
5131000
5153000
5160500
5176100
5195300
5202600
5221900
5233900
5237500
5244300
5248900
5253000
5264400
5278000
5282300
5296100
5299300
5313800
5322000
5338600
5341500
5347600
5357100
5373600
5396400
5403000
5415700
5426000
5432400
5439000
5448500
5458400
5468800
5472500
5479400
5513000
5516900
5527700
5538300
5557900
5564900
5573800
5580600
5590800
5594500
5597500
5601200
5614100
5626200
5632600
5643200
5653300
5677000
5683800
5698300
5708300
5714400
5739700
5752800
5765900
5778800
5784800
5788100
5791400
5802900
5824700
5848800
5853000
5877500
5889900
5906400
5924900
5938400
5958000
5961800
5976600
5987100
5999700
6015300
6030800
6040100
6047300
6054800
6061400
6079900
6084000
6094100
6100900
6119000
6131700
6141600
6159600
6170200
6174600
6189900
6193800
6196900
6200300
6209600
6233700
6248400
6261400
6265200
6277100
6292800
6303100
6307000
6360600
6375800
6381700
6385400
6393700
6409000
6427600
6452000
6468200
6472400
6478200
6498600
6507900
6513600
6517400
6543700
6547300
6555800
6560400
6576100
6580100
6605900
6623200
6626700
6629900
6661200
6665500
6682800
6686100
6691100
6706500
6710100
6730500
6748900
6766500
6777000
6798300
6811600
6833600
6836900
6851900
6865700
6878300
6891600
6894900
6916000
6919300
6924300
6953100
6957200
6965600
6968600
6974400
6990500
6996500
7009100
7019900
7024300
7033100
7043500
7055000
7067100
7095000
7108400
7124800
7157700
7186100
7199400
7212900
7221900
7225800
7247200
7258400
7268200
7289500
7300300
7323100
7327500
7336000
7339500
7348800
7359900
7368500
7389400
7414500
7434100
7445200
7457800
7469100
7497300
7504000
7533800
7545100
7554200
7581000
7592800
7609200
7613000
7626900
7648400
7651800
7662500
7689300
7698900
7711400
7715400
7727700
7741100
7752200
7763500
7776000
7792900
7809300
7817600
7823900
7838400
7854700
7867100
7876900
7884200
7900200
7919100
7933900
7940100
7958600
7972400
7975600
7978900
7984500
7994000
8013100
8041700
8047400
8054700
8058300
8080700
8096400
8113100
8125400
8159000
8167900
8171800
8183200
8197900
8208800
8215900
8229600
8238400
8256100
8264400
8271300
8277000
8285400
8289600
8296600
8326000
8360200
8364300
8371500
8375000
8383600
8395400
8411800
8428500
8442700
8452600
8465500
8474600
8478000
8490100
8493500
8511900
8523300
8536900
8540300
8547200
8569400
8581000
8604000
8610500
8623800
8638100
8641700
8652300
8663900
8676200
8680700
8687500
8704300
8714400
8717900
8732600
8746600
8761500
8767900
8771600
8787600
8802100
8826600
8836100
8841800
8851600
8862700
8883300
8891700
8913900
8926300
8932300
8935800
8946900
8964200
8968500
8991700
9001400
9024400
9030100
9037800
9049800
9079900
9083800
9087200
9090900
9101900
9111700
9121300
9129600
9135900
9154700
9168200
9185500
9191500
9201600
9205400
9230100
9249100
9252600
9261600
9265600
9285500
9302800
9314600
9327300
9340300
9358100
9366300
9375700
9390100
9393600
9402000
9420300
9432100
9445600
9465600
9468900
9480600
9487300
9496600
9503900
9513700
9517100
9528200
9546500
9558400
9589500
9602600
9619200
9640400
9644000
9646900
9653200
9660100
9687300
9700000
9707800
9717000
9730100
9741000
9744300
9760400
9768500
9772600
9780900
9791500
9813000
9821000
9834600
9838700
9851500
9863900
9873200
9893300
9917000
9944800
9959900
9964000
9978100
9993000
9998800


