# repro call number: 0
# mode: 3
# signal: 2
# stimulus file: /extra/setup/oel/stimuli/receptorInfo/gauss_st6_co400.dat
# carrier freq (kHz): 5
# stimulus length (msec): 1000
# pause between stimuli (msec): 700
# length of ramp (usec): 1000
# desired firing rate (Hz): 100
# standard deviation (dB): 6
# cut-off frequency (Hz): 400
# repetition number: 0
# duration (msec): 1000
# intensity (dB): 72.973
7200
10600
14800
18100
25700
30800
36500
44900
50600
63100
66700
75200
84200
88700
98900
107500
113800
123900
127500
134400
146100
151100
179700
184900
193700
203400
211000
217000
230700
234100
243700
247700
252000
268800
272700
277400
283100
290000
298500
321200
328100
336900
348300
354900
363200
375300
386600
408700
413600
421900
430400
437200
442200
449700
463700
479800
484900
497000
501900
509800
517700
523100
530000
536900
544100
548000
556500
560100
564600
570600
574600
581100
602100
605800
609500
620300
637600
643300
648800
655200
665900
681000
691000
695600
704800
711200
720000
727300
732500
735700
742800
751100
759500
770700
777300
785500
795900
800900
809000
813800
824400
831100
838000
842400
850500
854000
860900
866300
870700
874500
879000
889000
893000
900300
908500
916300
920400
924300
929300
947600
955600
968400
974200
979300
1003000
1017800
1025200
1032000
1041800
1048400
1057100
1067500
1076500
1086900
1092700
1108900
1125500
1135700
1139600
1148500
1152500
1157400
1162600
1179000
1200600
1206300
1212300
1217700
1231300
1238500
1244500
1266100
1272600
1294200
1299100
1304400
1314100
1319800
1325700
1329500
1333800
1350900
1363700
1379700
1386000
1392800
1399000
1402600
1409600
1431200
1443900
1451500
1471000
1475100
1480300
1490800
1494700
1499600
1510500
1519600
1524600
1532400
1546100
1550100
1558200
1573900
1580400
1590800
1600300
1606500
1624900
1630800
1645100
1648800
1660400
1664100
1667400
1671400
1683300
1691400
1710000
1724400
1729200
1732600
1736200
1748300
1754500
1766500
1774800
1780600
1794100
1798600
1806100
1821400
1828700
1837500
1841900
1848000
1860800
1871100
1877100
1895200
1899400
1906700
1910400
1925000
1941500
1949000
1964600
1973200
1983500
2004000
2017100
2022600
2030800
2037100
2049000
2055600
2059200
2065300
2072300
2076800
2093400
2108800
2123600
2134500
2140100
2150500
2159600
2167200
2172700
2176200
2192600
2204700
2208900
2212700
2227000
2240300
2245900
2253300
2261600
2296100
2300800
2315600
2320300
2329300
2341700
2349500
2359300
2366800
2370600
2381500
2399300
2404600
2414000
2422100
2426000
2431000
2446200
2452500
2456000
2461800
2468800
2475800
2491200
2496300
2501400
2508800
2515200
2533500
2540900
2553400
2563400
2571700
2591700
2599100
2612400
2625200
2637800
2655100
2662500
2669000
2675500
2685600
2695000
2712500
2724000
2728200
2733000
2737000
2748000
2754400
2760900
2775100
2785900
2795400
2799700
2805900
2816400
2827000
2834200
2840800
2845500
2855200
2861100
2868700
2881000
2892500
2903100
2909300
2920100
2927400
2935500
2942500
2947800
2961000
2965000
2976900
3000300
3005000
3016900
3034100
3040100
3044200
3049700
3054800
3076700
3094300
3099000
3118900
3131900
3135900
3140000
3145100
3155100
3167800
3189700
3196700
3207600
3212800
3218300
3223300
3228700
3236600
3250200
3262200
3268900
3278500
3303700
3308400
3313800
3321900
3335100
3341500
3349900
3360100
3376800
3389300
3401500
3407600
3417700
3423300
3431100
3438400
3444100
3454800
3461200
3468700
3485100
3492300
3501800
3506700
3515300
3526000
3533100
3553300
3561000
3570700
3594100
3604000
3610500
3614600
3626400
3632500
3649100
3653300
3673100
3679300
3686600
3698900
3705100
3714400
3733800
3743600
3752900
3761400
3781600
3787900
3792900
3798900
3805700
3812100
3818700
3824300
3828700
3834100
3839000
3848400
3857300
3872300
3876400
3884600
3891200
3896300
3908500
3913300
3923200
3952900
3959100
3969000
3974300
3978400
3986900
3993000
3997300
4009500
4025500
4030200
4036400
4045600
4059500
4070900
4081900
4098500
4105500
4112400
4119000
4124500
4135000
4139700
4144600
4152300
4161900
4171400
4183200
4194000
4198300
4204200
4215500
4224400
4231700
4247200
4260100
4267000
4275800
4280000
4286500
4290300
4296800
4301900
4314200
4331000
4345500
4350200
4355100
4361600
4368100
4376700
4389600
4421400
4430700
4438700
4442700
4453900
4457800
4464900
4471400
4477100
4484600
4493600
4509700
4517900
4522600
4526500
4540000
4546500
4552600
4568200
4574200
4578000
4587100
4591800
4600300
4605900
4610100
4616200
4640400
4646600
4665200
4673100
4677700
4682900
4691200
4696000
4701400
4707600
4730900
4739800
4745600
4758900
4763600
4776700
4795000
4807500
4816300
4833100
4865900
4871100
4876400
4883400
4889500
4893300
4901200
4913400
4923800
4929100
4935800
4939600
4957800
4964400
4977500
4990200
4998700
5003200
5019300
5024800
5045600
5051000
5068800
5075500
5084600
5096100
5102000
5115900
5132100
5142100
5147800
5162700
5172200
5187200
5197700
5205800
5214300
5219600
5239200
5244300
5249700
5258700
5273400
5283100
5301300
5323400
5334600
5338600
5343300
5348400
5356600
5362100
5366800
5371900
5381900
5386000
5394400
5403100
5408200
5415700
5433100
5439800
5445300
5450300
5458100
5482100
5487500
5491500
5497700
5505400
5512600
5517900
5523000
5531700
5544000
5558900
5567600
5584700
5593500
5601600
5607100
5610900
5618200
5623300
5633200
5638300
5649200
5653300
5656900
5665600
5675900
5680800
5689700
5693800
5704600
5711800
5722900
5730000
5734500
5742200
5765100
5769600
5777500
5790700
5810800
5819100
5829600
5837700
5851900
5864900
5875600
5886900
5894100
5901300
5918800
5922700
5928100
5935200
5940500
5949500
5953700
5963600
5972000
5985100
5996600
6002400
6008800
6013000
6024400
6040300
6051000
6067800
6088200
6093100
6098900
6104000
6107700
6115400
6130400
6145500
6156200
6162700
6172200
6183400
6194200
6207300
6213700
6217600
6227800
6242500
6251600
6262600
6273700
6284900
6298200
6302600
6310800
6322300
6328800
6338000
6375800
6386300
6392700
6397000
6419900
6432700
6437900
6445700
6467000
6481200
6495100
6502800
6515800
6525600
6529700
6534300
6542400
6549200
6554800
6576400
6589100
6595500
6608200
6615700
6623800
6629100
6637300
6645500
6651900
6656900
6660900
6667900
6672200
6688400
6704900
6711000
6716200
6733100
6738100
6746100
6757800
6766800
6770800
6785700
6793500
6800200
6815100
6834300
6838700
6844000
6848100
6853600
6862000
6876000
6880600
6892300
6901700
6909800
6919200
6924600
6932200
6937600
6949100
6956000
6960100
6964200
6974700
6979200
7000100
7007800
7013000
7022900
7031800
7040800
7045000
7054700
7070500
7081200
7098600
7106500
7116700
7120900
7125300
7133600
7159900
7164000
7167600
7190800
7199300
7207900
7217800
7224700
7228900
7235000
7239200
7252800
7258500
7267900
7271900
7280100
7285900
7306800
7319200
7328900
7334400
7341800
7347900
7353900
7366300
7375500
7383200
7390400
7396000
7401000
7414500
7425200
7436800
7446300
7454000
7464700
7492200
7515700
7521000
7544700
7554000
7559600
7570900
7579100
7588600
7594700
7605300
7609800
7619200
7623200
7630800
7639500
7643600
7656500
7661700
7672000
7677500
7683700
7696200
7706000
7710000
7726300
7733200
7744500
7750800
7763800
7768700
7781200
7786000
7793200
7806400
7814600
7822600
7827600
7835700
7852700
7859600
7868000
7886200
7890700
7897600
7904600
7916700
7922800
7932500
7937100
7950200
7971700
7978800
7994200
8015900
8026100
8056400
8064200
8073700
8084300
8096800
8113200
8122300
8126700
8132200
8145300
8151500
8175200
8183400
8187900
8194900
8207700
8213000
8224800
8237500
8256100
8268600
8281400
8288500
8292800
8312400
8317500
8321300
8331300
8337700
8347500
8354000
8361500
8368500
8383600
8390100
8401800
8414400
8424500
8441200
8446500
8455500
8473900
8484800
8489800
8497800
8511400
8517700
8533000
8541200
8564600
8572500
8576900
8585400
8605600
8615200
8624500
8631300
8639600
8652600
8663200
8677800
8682200
8712800
8722700
8727600
8737700
8751400
8756700
8771400
8779000
8788400
8795300
8808300
8821700
8835700
8856100
8860900
8868300
8873600
8881300
8889100
8893200
8919100
8925500
8933800
8938100
8942500
8947900
8964300
8975200
8998100
9011000
9019900
9027300
9034700
9043000
9051500
9073600
9078000
9083900
9089100
9102400
9113500
9117700
9136700
9141200
9162700
9172600
9177200
9184200
9192600
9206600
9215400
9222900
9229800
9237800
9245700
9258600
9269000
9274100
9280200
9295300
9301900
9307500
9313300
9322700
9330100
9347400
9356300
9366400
9371400
9376700
9380900
9395500
9401700
9406800
9412700
9418500
9433200
9443100
9451600
9461000
9466200
9471500
9482400
9509700
9515200
9519500
9529700
9540100
9547900
9562300
9568800
9576300
9581300
9591400
9609100
9613300
9618600
9623600
9644600
9652200
9657300
9668000
9683500
9689300
9693300
9697300
9715500
9724200
9728000
9741900
9752100
9759200
9766700
9775100
9782400
9786500
9802500
9815700
9829800
9837000
9852200
9874400
9879500
9885600
9896200
9901900
9910200
9916400
9927100
9932000
9936700
9950200
9958300
9972200
9983100
9990300
9994100


