# repro call number: 0
# mode: 3
# signal: 2
# stimulus file: /extra/setup/oel/stimuli/receptorInfo/gauss_st6_co800.dat
# carrier freq (kHz): 3.5
# stimulus length (msec): 1000
# pause between stimuli (msec): 700
# length of ramp (usec): 1000
# desired firing rate (Hz): 100
# standard deviation (dB): 6
# cut-off frequency (Hz): 800
# repetition number: 0
# duration (msec): 1000
# intensity (dB): 79.8148
5600
11000
13800
16600
21000
28100
32900
37600
42500
50700
67800
71700
78800
82200
85300
95700
104800
115800
122800
127800
138900
149900
161600
166000
178000
184500
199400
207700
227700
233900
241400
251300
261100
273400
287000
291000
298000
313500
321500
330800
337700
342200
357500
371500
381900
395300
404300
411600
415700
424600
439300
448600
456700
483200
490600
500300
521100
525500
530800
541200
553400
560000
568500
578000
584700
591700
608200
614300
618200
635500
645700
650400
667200
686800
690200
702700
712100
720600
726500
735700
746800
754200
765900
781000
787700
795900
811900
820900
829100
833500
843100
850700
855500
861800
881800
893200
903400
912500
921000
932900
941200
946800
953300
962600
970500
975100
987200
1000900
1007400
1029600
1035700
1042200
1048100
1060400
1074500
1079300
1091700
1109300
1126700
1134200
1138500
1148100
1161600
1173800
1182000
1190000
1202600
1215100
1219700
1227600
1242800
1247100
1263200
1269900
1285900
1294100
1297300
1300400
1305800
1330300
1342700
1350300
1366400
1372400
1378800
1382900
1391900
1404900
1432700
1440400
1446200
1456400
1461400
1468400
1488800
1506600
1517100
1522500
1528500
1540500
1544500
1554000
1568900
1576400
1598500
1603100
1607000
1618900
1627600
1643100
1651400
1664600
1672600
1676800
1685200
1691500
1707900
1720900
1730300
1738600
1751100
1756100
1781600
1789100
1794000
1801700
1810300
1821500
1831400
1839100
1845700
1861500
1873100
1878700
1889400
1898000
1904200
1914400
1921100
1928800
1936500
1942800
1966300
1980100
1987600
1995900
2008200
2016400
2024700
2039000
2044200
2064300
2070700
2076500
2083700
2089100
2109400
2126600
2131800
2144500
2170100
2175300
2180100
2191800
2199000
2210400
2223000
2233100
2239500
2252700
2267400
2280400
2295000
2302800
2313700
2321100
2327700
2343800
2353000
2368200
2378200
2384500
2393900
2405800
2413000
2420400
2423700
2444100
2452200
2459500
2467700
2485900
2497000
2500700
2506600
2528000
2534200
2540900
2551400
2560400
2589500
2608400
2625900
2640200
2646000
2658200
2661600
2674600
2691800
2697700
2708300
2728500
2734200
2741500
2748700
2757500
2765200
2769800
2779500
2797800
2808300
2819700
2833600
2848200
2872500
2889700
2896000
2910400
2919900
2930500
2936200
2943700
2949200
2960300
2967900
2982000
2995100
3002800
3007700
3013700
3022800
3038200
3042700
3059100
3071900
3080400
3092500
3098400
3117600
3129900
3136600
3144100
3153300
3162300
3167400
3171300
3187800
3194700
3213400
3226900
3234600
3250600
3257700
3265100
3273400
3295200
3303900
3311000
3327500
3336400
3345200
3355800
3378000
3391700
3404400
3418900
3427700
3443800
3452300
3458000
3473100
3483100
3490000
3496800
3502900
3512400
3526600
3536300
3542100
3551800
3577500
3585800
3595100
3607300
3613900
3636600
3644800
3659000
3667800
3677900
3695700
3706200
3713900
3719900
3726800
3735500
3743900
3759600
3780600
3790600
3811500
3829600
3841900
3850200
3864600
3873400
3890000
3904300
3908700
3914600
3930400
3938700
3987400
3997200
4001400
4009100
4016000
4025400
4031700
4041900
4046600
4057700
4065200
4072300
4087500
4098400
4115300
4119500
4135600
4143700
4151900
4160200
4178000
4192200
4201700
4214400
4228600
4233000
4261700
4275400
4285400
4294100
4315500
4321300
4334500
4344600
4350600
4365800
4372800
4378500
4393800
4402800
4414900
4425100
4442700
4450300
4459400
4463800
4486700
4492600
4514300
4527600
4540400
4556200
4571400
4583800
4597700
4607700
4624100
4638400
4645700
4656400
4662200
4680300
4692300
4700200
4715300
4728900
4734500
4749700
4759200
4766400
4780800
4786700
4808100
4820300
4857300
4876000
4885500
4894100
4908100
4922500
4930000
4937400
4949800
4961100
4990600
5003300
5012200
5023400
5035700
5047800
5054300
5061700
5075200
5080800
5096500
5112000
5125300
5137900
5156000
5161400
5175300
5185900
5195400
5204100
5218300
5226600
5239000
5246800
5275400
5279600
5292700
5298700
5304600
5316900
5332400
5346700
5352900
5361200
5368400
5374300
5392200
5404600
5417000
5426000
5434500
5444700
5463600
5469300
5489500
5498400
5501900
5505900
5515900
5540400
5551700
5566300
5589300
5606900
5612800
5619000
5627600
5633400
5639400
5662400
5671300
5692700
5701000
5705300
5727200
5740500
5761300
5769500
5782100
5805300
5823300
5835600
5844100
5850900
5861400
5869700
5881300
5892800
5899100
5905100
5932000
5941700
5952900
5967800
5976300
5989900
5997300
6021900
6026300
6040000
6044900
6056000
6068900
6082600
6093900
6101400
6110900
6129200
6151500
6158500
6162000
6182200
6193400
6201700
6221300
6238100
6246700
6252600
6275700
6279300
6283300
6298300
6309500
6317500
6323900
6332000
6337400
6362500
6388600
6394200
6401300
6440600
6446000
6454000
6465800
6479900
6484200
6498900
6502900
6532100
6539800
6557400
6561200
6573700
6577700
6582800
6589700
6616500
6624700
6627900
6639600
6648500
6653900
6672600
6685200
6697500
6707200
6721200
6729700
6749900
6758000
6768800
6776100
6785200
6803700
6811000
6827500
6833100
6855200
6869300
6888000
6894400
6899400
6915900
6925500
6937900
6952300
6976100
6983500
6988100
6995000
7008800
7015500
7021300
7040200
7054400
7067100
7075400
7085200
7102400
7112400
7126200
7130400
7134600
7144600
7160200
7178900
7190800
7196700
7204800
7220500
7228300
7246900
7258500
7292800
7301800
7306600
7330700
7343900
7352000
7357000
7366500
7384500
7393500
7397900
7421500
7430800
7434300
7443500
7447900
7452000
7460000
7479200
7497500
7517300
7531600
7536300
7544100
7554300
7570100
7582700
7595200
7600400
7622300
7650900
7659100
7685900
7696600
7704000
7717100
7732800
7736400
7748900
7753300
7760100
7770900
7778700
7789800
7800500
7813600
7832900
7845200
7857000
7878900
7902800
7911100
7925200
7934000
7940000
7945800
7955400
7974500
7983200
7996200
8010200
8026500
8031100
8039000
8049800
8055100
8063100
8084000
8115700
8119300
8127000
8138900
8146500
8151200
8158300
8174200
8212700
8221000
8224800
8232200
8254500
8281900
8293100
8305500
8313500
8323100
8334700
8350900
8363200
8384400
8408100
8417000
8422000
8436200
8464200
8477700
8487600
8502400
8506800
8557900
8564300
8573600
8589600
8595400
8601000
8618800
8629600
8643600
8654700
8664900
8669500
8681100
8690900
8706500
8721600
8734100
8746500
8770200
8776800
8791500
8799900
8809400
8851600
8861700
8871100
8880300
8895100
8910100
8919100
8928900
8937800
8957100
8961800
8972500
8989500
9002700
9015600
9022800
9039200
9051500
9061400
9084200
9091700
9106400
9130700
9147800
9157000
9170400
9180500
9189900
9202400
9215000
9234700
9242500
9259300
9274200
9290000
9301100
9317300
9325900
9337500
9357600
9364800
9378600
9386000
9396300
9401300
9429200
9447800
9453700
9459900
9482100
9499000
9510200
9515100
9525600
9537500
9562200
9569800
9594600
9599600
9604800
9617300
9626100
9664500
9678500
9683100
9707400
9714700
9745800
9754600
9771300
9783000
9790500
9794600
9807100
9822300
9830000
9850400
9863100
9868300
9886600
9903200
9910600
9914100
9924300
9930400
9936000
9950000
9956200
9961800
9976000
9989900
10005100


