# OFFOEL
# duration (msec): 1000
# repetition number: 1
7300
10200
13000
15900
20800
23600
25800
44900
47900
58900
61700
63800
73600
76800
80300
83400
85100
94900
98800
102800
105700
107800
116800
119900
129600
135700
138800
141800
149900
153300
161600
171700
175700
181300
184900
192700
195800
211100
214200
216300
226100
234300
244200
265500
271000
274600
283500
286900
290400
294000
297100
300200
303300
314000
317300
320600
324800
335800
339600
343300
352500
356100
360000
372300
375300
379100
383400
386500
404700
408500
412000
422300
426200
431000
434400
437100
448100
453100
457100
464000
468500
484400
487900
491300
497300
504300
511100
520200
523500
531100
537100
543500
554100
557500
567000
577300
588500
592900
605400
608900
616600
640900
658500
666600
670100
680000
692300
696200
711000
718200
721500
724000
729300
746100
749400
752600
758800
763000
772000
782800
792500
797000
804200
825300
830800
853600
856900
885800
898300
908100
919200
922500
925700
961500
977700
981300
991800
# OFFOEL
# duration (msec): 1000
# repetition number: 2
6700
9800
13000
18900
22300
25100
27400
45300
48200
59300
62100
64300
74900
79100
82000
84300
96300
103200
106200
117500
130300
136700
139500
141600
150700
154000
171400
181300
192300
211900
215400
225400
245000
270400
284100
288600
295700
298600
300900
312700
317500
324000
337500
344300
355600
373600
383300
386500
405900
410400
423500
429100
433000
435900
438900
453400
458500
465200
485900
489200
492600
520800
525000
533000
543700
553400
556500
567000
576800
589000
605300
608400
616300
656100
667000
670100
679700
690100
694600
698500
709000
717700
720700
724500
728800
743000
747400
750600
757200
760400
763500
771200
782400
792300
796300
803600
825200
828400
831600
843100
853000
856200
860500
864700
874400
877700
885900
889000
897800
902100
917000
920200
923300
926400
929900
943600
956400
976300
979800
982900
989000
992100
995700
1003000
2087300
# OFFOEL
# duration (msec): 1000
# repetition number: 3
6700
9900
12500
16300
19700
22500
25200
27100
35600
43400
46200
49200
59200
61800
64600
71600
75400
78300
81100
83900
86600
94500
97900
102200
105000
108800
116600
119500
128700
132500
136600
139400
142300
150300
153400
163400
171800
176000
181000
184000
192400
195700
209900
213100
216300
225300
229000
235300
244900
266800
271100
275500
284300
287600
291500
295600
298500
301400
305100
313400
316700
321300
324900
335200
340500
344100
354100
358300
363000
372800
376300
382700
385700
405900
409800
424100
430300
434600
439100
453400
457400
465700
485000
488200
491200
504300
520000
523400
532400
543400
553300
556400
566500
578200
589200
604900
608500
616000
658700
665600
669700
680100
691800
696300
711900
717600
721200
724600
728400
744500
747700
750800
758000
761200
784400
794800
804000
825000
828400
853400
856600
863300
876300
886200
890500
899100
918600
922400
928400
944400
975800
979700
982800
991800
1005300
1267400
2618100
# OFFOEL
# duration (msec): 1000
# repetition number: 4
6300
9200
11700
14200
18800
22000
24600
27200
43200
46500
49100
58700
61400
64200
74800
78000
80700
83400
85200
94700
97500
100900
104000
106700
111200
116800
119800
128700
133700
136600
139400
142100
150100
152800
155900
163700
170800
174800
180300
183800
192200
195100
205800
211800
214600
225300
229300
234200
243600
268300
271600
275100
284200
287300
290600
294700
297800
301000
312800
316200
319800
323700
336000
341000
346600
354800
359600
368500
373800
380800
384200
407400
410600
423300
428100
433400
436400
456800
465000
469100
486700
489600
492600
504200
519400
522900
525800
532300
545900
554000
557600
576900
589200
605400
608500
617000
639700
663100
667600
670400
680400
692300
696400
711200
718400
721300
724500
732100
745700
749100
754200
759300
771500
783100
793400
804000
826500
832800
853200
856400
863500
876500
885800
889400
898700
919100
922100
926500
956500
975900
981000
990200
993900
1106200
1623200
2421100
# OFFOEL
# duration (msec): 1000
# repetition number: 5
6700
9500
12000
14500
17200
20200
22700
24800
27300
42900
46500
49100
58900
61500
64100
73500
76800
79900
82700
85400
89000
95800
99400
102800
105500
108800
117000
128900
131900
136300
139400
142600
150000
152700
162100
171100
176400
181700
192200
195400
210500
214000
217300
225000
229500
233200
244500
266500
271400
274400
284800
288000
292600
296500
299900
303600
313300
317000
321000
325700
336000
339700
344000
350000
354200
358400
362700
371700
375200
380100
383400
386500
406100
409100
412600
422800
426200
430900
434500
437500
449500
453500
456500
463000
467000
481500
486100
489200
492500
501000
506600
518900
522200
525200
531700
543200
553900
557800
565300
577400
588500
593300
605300
608400
616600
627500
658300
666100
670200
679200
690700
695000
698300
709500
717400
720600
724500
729600
744900
748100
751200
758400
761400
771400
782700
792300
804000
826700
853200
857200
875500
886500
898000
918100
920900
924300
929600
976700
980500
983300
992400
1012300
# OFFOEL
# duration (msec): 1000
# repetition number: 6
7200
9800
12900
20100
22700
25200
44600
48300
59300
61800
64500
74700
78800
81500
84300
96100
102900
105600
117500
130400
136800
139600
142300
150600
153700
173000
180800
192700
212300
215900
225400
232900
245500
267900
273200
284400
287400
292800
296200
299000
301700
305400
313300
316500
320600
324400
335800
339900
345300
354400
358400
366800
372700
375600
379900
383400
386100
406200
409100
412600
421600
425200
429500
433200
436200
439400
448000
453800
457100
462700
466000
469900
485300
488200
491000
496500
502800
507100
518600
521800
525200
532500
535800
543600
553300
556500
564800
576400
579700
588100
591600
604400
607500
610400
614700
617900
628000
638300
651000
656600
660400
665000
667900
670900
679300
682700
689500
693300
696800
708500
713400
717800
720700
724500
729600
742100
745900
749100
753200
758600
761700
771200
781800
792900
796600
804000
825000
828300
833000
853400
856500
885100
888200
898100
918900
922200
926900
954300
976200
979700
983700
989700
993300
1004200
# OFFOEL
# duration (msec): 1000
# repetition number: 7
6800
9700
12200
14900
18300
21300
23800
26400
29300
42600
45600
48500
58400
61200
63800
67700
74300
77100
80000
82600
85300
94900
97700
102100
105200
108200
116700
121200
129400
132900
136400
139300
142200
149800
153300
161600
170900
174400
180700
191800
195100
211800
214800
226200
231100
244900
270800
284600
289100
294400
298000
303700
315000
318700
326900
337900
355000
364600
374100
378900
383700
387500
407300
412000
424500
431800
435000
438100
454900
464600
468000
486700
490300
493800
504400
521100
525300
532100
543200
554000
566500
578500
589900
604900
607800
617400
658400
666300
669400
678600
691600
695100
717400
720800
723700
730900
746000
749600
756300
759700
772000
783300
793600
803500
826200
830600
852500
855400
863900
875400
885300
889100
898400
918800
922000
927000
976200
979500
982400
990800
994500
1003800
1889300
2350400
# OFFOEL
# duration (msec): 1000
# repetition number: 8
6700
9400
11800
14200
16900
19500
22100
24700
27400
43500
46300
48800
51600
58900
61700
64300
73100
76100
79100
81800
84400
88600
95000
97900
101000
104200
107000
116600
119400
129400
132600
136700
139800
142800
150200
153000
165500
171600
176100
181300
184100
192500
195500
203100
211300
214300
224200
228000
232600
244300
249000
269000
273300
282900
286400
291900
296400
299400
302400
314800
317700
322800
334700
341300
353500
357100
373400
377200
383400
386400
407600
424100
428700
433500
436400
451600
455900
465700
486800
489800
506200
520400
523600
535600
553600
556500
568400
578300
589300
605100
608000
616500
658100
667400
671900
679400
691600
695800
709700
717900
720600
723400
730000
744600
747700
750600
757200
761100
770400
792100
796400
804800
826500
831600
853300
857300
875700
885800
889200
898700
918400
921900
924800
976000
979300
982200
992000
1002300
1940000
2046700
# OFFOEL
# duration (msec): 1000
# repetition number: 9
7000
9800
12400
17800
21300
23800
26200
44900
48900
59100
61600
64200
75500
79500
82100
85000
96000
102800
105500
108100
117200
130600
136600
139200
141800
150400
153200
173300
181800
193200
212500
218900
226900
268700
285300
293600
297100
300200
313200
318800
323600
336700
346600
356800
367200
374700
382600
385500
405300
409100
425500
432900
436200
454000
457400
465700
486100
489100
492400
507700
520700
527300
544700
553700
556500
567700
577700
588700
605100
607800
611200
617400
628600
638800
656300
665400
668400
677900
681200
690100
693700
697100
708200
711400
717200
720000
722800
726100
730500
740000
744300
747600
750500
754600
758300
761200
769800
773300
781900
791500
795100
802700
807300
816000
823700
827100
830900
852700
855500
858500
862800
869500
874600
884900
887900
896500
899800
907700
918200
921500
924400
928500
944200
954400
960400
976400
979900
982800
990400
993300
1001500
1005100
1619600
1621500
1956700
2504000
# OFFOEL
# duration (msec): 1000
# repetition number: 10
6900
10900
13800
20700
23300
25800
43900
46900
59000
61600
64200
74500
79000
82000
84600
95500
103200
105900
116600
131100
136800
139600
142400
150100
153300
173400
181200
192600
211500
214400
224500
233400
245400
270600
284000
288700
295800
298800
301500
314100
322200
336200
345000
354000
372300
376100
382400
385900
401300
407000
424000
431900
435000
438100
450700
454200
462100
466300
485100
488200
491200
503500
519600
522500
526600
532400
543500
552800
555700
565500
576300
579200
587900
591300
604100
607400
611000
616700
619700
628000
638200
653300
657800
661900
666100
669400
674900
679800
682900
689700
693100
696100
699300
708700
712100
717400
720300
723300
727800
732200
742300
746000
749200
752200
757000
760500
769700
773700
781500
786400
792900
796200
802800
806100
817400
824800
828000
830800
851900
854900
857700
862200
867300
873700
877200
886000
889400
896800
900200
904300
908900
917700
920900
924400
927800
942800
957300
974400
978300
981300
985500
991300
1002700
1572900
1777500
# OFFOEL
# duration (msec): 1000
# repetition number: 11
8700
13300
17500
20300
23000
25400
27900
43700
47300
58600
61300
63800
74300
79800
82300
84800
98100
103300
106000
108800
117700
129600
136200
138800
141500
150500
153700
172500
181800
193300
212300
215500
226600
269300
282900
287200
296400
299200
302000
312600
317100
323800
337300
345700
353700
372700
376400
383300
386400
399600
407400
425000
431800
434900
438600
452800
457600
464400
467600
482400
486500
489400
492400
506200
519200
522800
531900
543000
553700
556600
566300
576800
585000
588500
592500
604700
607600
610700
617100
626800
638900
651800
658100
665300
667900
671000
678700
682200
690600
693700
696700
709300
715300
718700
721900
725000
729600
743500
747100
750000
753600
758800
762200
770000
773000
782600
791900
794800
802100
805800
816500
824500
827700
830700
842200
852900
856000
859300
863900
869400
875600
885100
888100
891000
897500
900800
918300
921500
925200
930300
943900
949100
959100
976000
979200
982200
990400
993800
1003200
# OFFOEL
# duration (msec): 1000
# repetition number: 12
6700
9500
12400
15200
19100
21900
24400
26900
44200
47100
49800
59300
61900
64900
74800
77800
80500
83100
86000
95600
102200
104900
107500
117000
121500
130300
135500
138300
141300
150000
153000
172200
181500
192500
196400
211600
214400
226200
246200
268400
273300
284400
287800
293900
297300
300600
308500
315200
321700
339000
354100
361200
373000
378100
383600
386600
406500
410900
423900
428200
433200
435900
454100
463400
467600
486200
489000
492200
507300
520500
523800
533200
550400
554400
577200
589300
605100
607900
617200
638700
659700
666900
670800
679600
692100
694900
710700
718200
721200
724900
729300
743800
747400
750400
758800
768800
782900
793200
803500
824400
828000
836600
843400
853800
856700
860200
873600
885100
888500
897800
900800
907600
918200
921000
924000
928700
944500
958800
975900
978900
981700
984900
990100
993300
1002200
1372400
2140700
2299900
2409600
# OFFOEL
# duration (msec): 1000
# repetition number: 13
6600
9200
11500
14200
17800
21000
23600
26100
29300
43600
46300
49100
58600
61100
63600
66500
74200
76800
79800
82500
85100
88600
95200
100700
103900
106700
117700
129100
135300
138100
140800
150200
152900
170400
175700
181900
192700
195500
212100
215100
226100
233400
244100
270500
283700
288700
295000
298200
301300
316000
321700
336300
346100
355000
372800
376900
383500
386500
405700
409900
423900
432200
435700
438500
452200
464600
484800
488600
491500
494700
505100
519900
522900
532600
543700
553300
556600
566500
576800
588200
604900
607800
616800
665800
669300
679800
691600
696400
711900
718000
720800
723900
729000
745900
749100
758500
761700
783800
793500
804000
825800
830500
853100
856000
863800
875700
885700
889200
897500
901400
913200
918900
921800
925000
931300
949400
959700
975500
979000
981900
985900
991000
994200
1002500
1184800
1476500
1701000
1877800
2107400
2260300
2670100
# OFFOEL
# duration (msec): 1000
# repetition number: 14
6900
11100
15600
20100
22900
25400
27800
44300
47400
58900
61500
64000
75100
78000
80700
83300
88700
96100
103200
106100
117100
130300
136300
138900
141500
150300
172100
181100
192400
195800
212500
215100
226100
233600
245200
270600
285400
293400
297200
300000
313300
317500
323600
338000
345000
355600
365300
373700
382000
384700
389300
407700
423300
431000
434500
437300
453400
459200
465700
485500
488400
490900
505300
519000
522200
531200
536000
543400
552900
555800
566800
576800
580500
588000
590800
595200
605100
607800
610400
616800
627600
639600
655400
659500
664700
667900
670700
677500
680600
689400
692700
695600
699300
708600
712800
717500
720500
723900
727800
731400
743100
746400
749300
752700
757600
760500
764200
771500
781600
792000
794900
802500
805800
816500
821200
825300
828500
831800
852400
855200
858400
863400
868700
874900
885000
888600
897500
900600
906500
917600
920900
924200
929400
943800
956600
975400
978700
981800
986100
990900
994100
1003500
1346000
1717700
1984400
# OFFOEL
# duration (msec): 1000
# repetition number: 15
7200
10300
14400
19300
22500
25100
28400
45100
49100
58900
61700
64200
76600
80100
82700
85400
96700
103200
105900
117200
135900
138500
141500
150000
152800
172300
181400
192400
212000
215400
226500
245300
269900
274000
284400
288100
295000
298000
301300
314000
317900
323000
336800
342000
351900
355500
359700
364700
372900
376100
381800
384700
387900
405800
408800
423000
426200
431700
434800
437900
448600
452900
456300
462000
465900
469500
484100
487500
490300
493800
502800
507400
518900
522500
525600
530600
534000
541600
552600
555600
566400
576100
579400
587900
591500
604800
607800
610600
616500
620200
627400
639800
654900
658500
664400
667600
671000
678100
681900
689000
692700
695700
701200
709400
714000
718100
720900
724100
729100
742700
746200
750000
754300
758500
762600
770600
773900
782100
792700
797300
802900
816100
826100
829500
853600
856600
874300
885800
890500
898400
919000
921700
924600
932100
961800
976600
979800
983300
991500
995000
1604100
2181100
# OFFOEL
# duration (msec): 1000
# repetition number: 16
7100
10400
13900
19600
22200
24900
28000
44000
47200
51400
59900
62600
73500
79100
82200
85300
96000
102600
105300
108800
117500
130200
136400
139200
142000
150500
153900
169900
181000
192800
211900
215100
226000
232500
246900
268200
273800
285600
293300
297400
300600
303600
313800
323800
337300
344100
353800
365700
373600
376600
383400
386500
406600
423700
433000
436400
452200
464300
468300
485800
488900
492600
504800
519000
521900
525200
530800
535300
543900
552700
555400
564600
576500
579600
587800
591300
604800
607700
610700
616000
619600
627400
640100
652600
658000
662300
667100
670000
678600
682400
689300
692700
696400
700100
708800
713200
717300
720500
723600
726800
731200
742900
746100
749400
753400
757800
761400
771100
781800
792600
795800
802900
806400
816300
824100
827300
831500
843400
851700
854900
858500
862200
869600
876300
885000
888100
896600
900100
913500
918300
921400
924400
928000
945100
959900
976600
979700
982500
989900
993100
1002900
1089800
1722900
2199900
2280500
2508400
2708300
# OFFOEL
# duration (msec): 1000
# repetition number: 17
6900
9900
13900
21000
23500
26200
44300
47800
59300
62100
71300
76700
80000
82900
95500
103400
106200
118100
130900
136400
139000
141600
150700
154100
172700
181600
192800
212400
224900
231200
244900
269700
274400
285000
288500
294900
297700
300500
303000
314100
318200
322800
335300
339500
343800
352100
356000
366000
373200
376300
382400
385900
405400
408300
420900
425600
429500
432900
436200
440000
448900
452900
456600
463600
467200
481100
486100
489000
491600
499700
504500
508600
519000
522000
525000
531700
535600
542300
553300
556400
565500
576700
580300
588900
592000
605000
607800
610600
613900
617800
627600
639000
651700
657900
663200
666800
670400
678800
682500
688800
693200
696300
708200
711800
717500
720700
724600
728800
743900
747300
750900
754900
758500
761900
770100
774800
782200
791800
794800
801900
805600
816000
824000
827500
832200
852800
855800
859700
862800
867800
875300
885500
889100
897900
901500
918300
922000
927500
933500
944200
958300
977900
981100
984600
991100
1002900
1534000
1909700
1912300
1945100
2031200
# OFFOEL
# duration (msec): 1000
# repetition number: 18
7400
12000
18300
21700
24400
27000
45300
48400
58800
61700
64300
77800
81000
83400
86600
96600
103400
105900
117300
131100
136500
139000
141500
150900
172500
181100
192500
197100
212400
215300
227200
234100
245500
268500
273500
283400
286600
289700
295100
298000
300600
304100
313700
316800
320800
324700
336600
340600
346300
353800
357000
363000
372400
375700
379700
383600
386400
405000
408400
422000
425500
429300
432600
435600
438400
447300
452300
455800
464200
468300
480400
485800
488700
491800
498500
503100
511200
518900
522100
527000
531800
542100
552900
555900
566300
576800
580100
588000
590900
605000
607900
611300
615800
619100
627700
639100
653000
657200
663000
667100
670100
678100
681400
689300
693100
696700
701700
708300
715500
718900
722000
725600
729400
741900
745900
749300
755000
759100
762000
769900
782300
792300
795500
803400
816100
825000
828500
853500
857500
864600
875100
885800
889000
898200
918300
921400
925100
966600
977400
981300
990800
1004200
1150000
1237200
1400200
1458900
1475100
1574300
1777800
1817900
1872800
1875300
1912200
1930400
2057600
2197900
2233400
2377300
2598400
2657700
# OFFOEL
# duration (msec): 1000
# repetition number: 19
7600
10800
14900
19500
22300
24600
27800
46300
59400
62100
64500
74400
78800
81900
84500
95100
101200
104300
107200
117200
128100
133200
137000
139600
143400
149800
152600
171800
181200
192400
195200
210900
214000
217000
225300
230700
240500
245000
268100
271500
275600
284800
288100
294000
297200
300400
304000
313600
316800
320400
323500
329100
336000
339400
344000
348200
353900
357600
362200
373000
376300
381100
384200
387700
405600
409000
414300
421900
425200
428700
433100
435900
439000
450400
454000
456800
464200
468600
478300
482800
486800
490000
493200
500100
505400
519700
522900
527200
532900
538400
544400
553500
556500
566400
576700
579600
589300
592300
604500
607200
610300
616500
628300
639100
656900
664700
668200
672500
679900
691500
694500
698000
710100
717700
720500
723900
728400
746100
749000
752500
758500
761700
773700
784400
793900
804100
824900
829600
853300
856100
866100
886000
889900
898100
918800
921700
925400
935700
977400
980800
983800
991400
1002400
1187100
1283100
1806300
2478900
2547000
# OFFOEL
# duration (msec): 1000
# repetition number: 20
7100
10700
13300
19000
22200
24500
26900
42500
45300
48100
52100
59000
61700
64100
74500
78200
80900
83600
88700
95400
99700
103700
106600
115700
118700
128800
132000
136000
138700
142500
149600
152500
161200
170600
173600
180600
183700
192100
195000
206000
211700
214500
224800
228600
234200
244000
267700
270900
274700
283700
286500
290000
295000
297700
300600
303600
313800
316600
320300
323700
335300
339300
342500
348400
353200
356100
363900
372700
375500
383200
386200
405500
408300
411800
422800
426700
432000
435100
437900
450600
453900
458300
463800
467000
472000
486000
489200
492700
504400
518800
522200
525900
533500
545100
553700
556900
566900
577200
589500
605400
609200
617000
629000
658000
665800
669800
679800
692500
696700
710900
718400
721700
726300
729600
745700
748900
751800
757100
760200
771400
782400
793400
802500
825900
831400
853700
858100
875300
885800
897000
918500
921300
924300
977200
981100
991400
1001900
1730400
# OFFOEL
# duration (msec): 1000
# repetition number: 21
6700
9500
12100
15000
19700
22500
24900
27400
42300
45400
48000
59400
61800
64300
72400
76000
79100
81600
84100
86800
95100
98400
102100
104700
107400
116700
119300
128700
131900
136400
139500
142500
149900
152800
162700
171200
175300
181300
185300
192500
196100
204800
211600
214600
218800
225800
232300
244400
248600
268800
272200
276500
284500
287800
293500
296500
300000
303700
313800
317100
320800
325300
337400
343000
353900
372700
375700
382800
386400
406800
411200
424900
432700
435800
439200
453100
456500
466200
485200
488600
491700
504400
520500
524700
532900
544000
553700
556300
569000
578000
588800
604900
607700
613600
641200
657700
666800
669900
679100
689700
694400
710200
718300
721100
724700
730400
745500
748900
751900
758100
761900
781800
793000
803700
826300
831500
853200
856200
875900
886600
898100
903200
919100
923100
959800
977800
981000
985500
993600
1007800
1652100
1826700
# OFFOEL
# duration (msec): 1000
# repetition number: 22
8700
11200
20000
22800
25300
28000
43500
46900
58700
61100
63900
74100
77800
80800
83400
90300
97100
102400
105000
107600
117200
129600
136100
139000
142000
150800
155200
171200
181200
192800
211900
214700
225300
244900
272400
285100
289900
295800
298800
302000
314500
319400
340200
346700
355600
363200
373100
382800
386500
406700
425800
432400
435400
441400
454000
465300
485400
488800
492700
504500
520700
528200
533000
542100
552900
555500
566100
577300
588400
604200
607400
610200
616200
628400
654400
660900
666100
669000
672300
679400
689400
692800
695600
699900
708600
717000
720000
722600
727200
730700
742700
746700
749600
752700
757000
759900
763900
770800
781400
784600
792100
795000
802300
805400
814800
820800
825700
829800
844100
853200
856000
859300
863900
874000
878800
885300
888300
896800
899800
903000
917700
920600
923500
927900
932800
944300
954700
959700
975700
979200
982400
988600
992200
996400
1003300
2247600
# OFFOEL
# duration (msec): 1000
# repetition number: 23
6700
10100
13000
19300
22300
24900
27400
45300
48000
58900
61600
64100
74200
78800
82100
84900
94800
101900
104800
107900
117000
120400
128800
135800
138200
140900
149600
152700
163300
171200
177000
181100
186000
192900
195700
210800
213500
216800
224600
228000
232600
243100
248000
267500
271800
276000
284200
288200
293800
296800
299800
303200
313000
316200
319200
322800
334500
338400
342400
346900
353800
357700
364900
371900
375000
378700
383000
386100
404600
408300
411600
423200
427000
432100
435300
438100
449600
453800
458800
464700
468400
480300
485600
488600
491600
495300
503200
506100
519100
522100
526100
531900
536900
544000
552900
556300
565900
576500
579700
588200
591700
604700
607700
611700
617100
627000
638900
647500
655000
661000
666400
669500
679700
691100
694600
698700
710600
718300
721200
724200
729800
745600
749200
755300
759100
762200
771400
789300
794300
803600
826000
830100
853900
857300
865500
874700
886300
897100
901600
918100
920800
923500
977600
980400
984100
992300
1002200
# OFFOEL
# duration (msec): 1000
# repetition number: 24
8700
11800
15600
20900
23400
26000
44700
48100
59500
62300
65000
74600
78400
81300
83800
86600
94600
103100
105600
117500
128700
135800
138300
140900
150100
153600
172000
181000
192200
212800
225300
243600
268600
274100
284400
288200
295400
298600
301800
314400
320700
336800
347300
354900
373500
380800
384200
387200
405700
408700
413700
422300
427800
432700
435600
438400
449200
454200
457200
464000
467400
478800
485800
488900
491700
502000
505700
519600
523000
526100
531600
535700
543200
552400
555700
565800
576500
579400
587700
591000
594800
604300
606900
609900
613900
617400
621000
629300
639900
653500
658400
661700
666800
669900
678400
681400
686200
691400
695200
700700
709200
713800
717300
720700
724000
728400
732400
741700
745600
748500
752700
758000
762100
769600
774000
781200
785200
792400
795700
801600
804800
816300
823900
827900
832600
843800
853100
857100
862500
873800
878000
885600
888600
895400
899600
907000
918300
921700
925900
929300
948400
962200
977700
980900
987700
991800
995400
1004200
1691400
2138400
2635600
# OFFOEL
# duration (msec): 1000
# repetition number: 25
7400
10300
13000
20600
23700
26200
44700
47900
59600
62200
65500
75100
80000
82700
85400
95900
103900
106500
117500
130100
136500
139100
141800
151000
172300
181500
192700
195400
211800
215000
225900
232700
245600
269300
273300
284300
287400
290400
296000
299400
302500
313200
316500
319700
323300
335600
341200
347500
354000
357800
364800
372200
375600
380700
383800
387000
405100
408500
413200
422500
426100
428900
433200
436300
440300
450900
454300
458900
464500
467800
479500
485900
488800
491500
494800
504100
507900
518800
522100
525500
531000
534800
543700
553000
556000
566000
576400
579600
588500
592200
604700
607500
610900
615800
619500
627600
638500
655500
660600
665200
668700
678600
682000
690000
693500
697100
701300
708900
713000
717300
720400
723400
728200
732100
742100
746200
749600
753100
758000
761800
770500
782000
793700
802500
817700
825800
829600
853000
857000
864400
875200
885300
897800
918600
921400
924300
960500
977800
981000
990600
994600
1004300
1823200
# OFFOEL
# duration (msec): 1000
# repetition number: 26
6700
9200
11500
13900
18200
21300
23700
26100
29300
43800
46900
49800
58500
61100
63700
73200
76500
79500
82300
85300
94600
97700
102200
104800
107700
116700
120000
128500
132000
136600
139600
142400
150700
154000
172600
181000
191600
195000
211900
214800
226100
244200
270600
275300
285200
293000
296500
299400
302400
315200
321800
335900
344100
354800
373000
376300
382900
385900
407200
412900
425800
432100
435200
438000
454200
465000
485800
488500
492000
508000
520100
524600
535200
544600
553300
556600
568800
577200
591500
605200
607800
615100
660300
666200
669500
680100
692100
696000
708500
717400
720800
723800
728700
745600
748600
752600
758700
762800
773000
792900
803300
823800
827700
853700
857300
864000
873100
885800
888800
898100
918400
921200
924500
929300
946900
960200
976900
979700
982700
990400
993500
1001700
1313400
1489600
1606100
1607800
1638900
2253300
2278800
2364400
# OFFOEL
# duration (msec): 1000
# repetition number: 27
6600
9000
11600
14400
19000
21900
24400
26900
42500
45700
48300
58600
61100
63700
74300
77400
80700
83600
86300
94300
98400
102800
105800
109200
116900
119600
128700
132400
136500
139300
142000
150100
153000
162200
170700
173700
180000
192000
194900
211000
213800
217600
224900
229000
236000
244600
248600
267100
270600
274200
283900
287500
292700
297100
300100
303100
314900
318900
324700
336300
343200
353900
358000
364700
373400
382500
385400
406100
411000
423400
431000
434200
438200
454200
459700
465400
486000
488700
491300
506200
520800
525300
533200
546000
553500
556200
566200
577700
589500
605100
608100
615800
659700
667000
670300
680600
691100
695500
708500
717600
720500
723700
728800
745700
748900
751700
758800
762500
771800
792700
803900
825500
830100
854000
856900
865600
885100
889100
899700
904700
918400
921800
925800
978400
981400
991700
1279100
1977600
2317700
2438900
# OFFOEL
# duration (msec): 1000
# repetition number: 28
6700
9600
12100
14400
18300
20900
23400
25800
28400
42400
45800
48500
52300
59400
61900
64900
73700
77200
80400
83100
86200
94600
97500
102800
105500
108200
117200
120700
129300
132800
136200
139000
141600
150000
152800
162200
171500
180800
192500
197200
211000
214200
225000
231400
244700
268500
274500
285200
288200
294700
297600
300600
314700
322300
336900
344000
354500
373400
377200
383300
386300
407100
411200
424400
431500
434700
437300
452300
456900
465600
485900
488600
491800
503800
519500
522900
533900
553400
556200
567500
577500
587000
591500
605500
608500
615200
626300
640300
667000
670700
679700
692900
697000
709600
718400
721900
725800
745700
748700
751700
758800
764400
792800
803700
824800
830700
853500
858500
875300
885400
888600
898300
917800
921000
923900
928200
956600
976100
979400
982600
989800
992800
1003100
1115000
1566400
2214600
# OFFOEL
# duration (msec): 1000
# repetition number: 29
6600
9000
11200
13800
17300
20900
23400
25700
28300
43800
46600
49400
58900
61500
64000
72800
76300
79400
82100
84600
94500
98100
102100
105100
108000
116800
119900
129700
136200
138800
141400
150600
153200
171900
180500
184600
192000
195500
210700
213900
216700
226100
244300
269400
283800
288400
295500
298700
301400
315200
320000
326000
337800
344900
353600
361800
373300
382800
385900
407000
423800
430700
434200
437200
450000
455600
466500
487200
490000
503000
520700
527300
535500
551000
554600
567500
578000
588700
605100
608100
616900
659200
667300
671400
679700
692000
695100
709900
717600
721200
726800
743400
748400
751600
758800
781700
793000
803700
807500
825300
828700
853000
856500
866600
874300
885600
888500
897200
900300
909000
918300
921100
923900
928600
941800
947300
957500
974200
977700
980700
983600
990500
993600
1002500
1269600
2188300
2268600
# OFFOEL
# duration (msec): 1000
# repetition number: 30
7200
9900
12800
17900
21200
23700
26100
43000
46800
58700
61200
63600
74600
78300
81300
83800
94400
102700
105300
117000
130000
136700
139200
141800
149700
152400
163600
173300
180800
192500
196400
211100
214000
227000
244500
270800
284700
289300
295800
298400
301400
313700
317300
323600
336400
343600
354000
372000
375300
382700
386000
406300
410700
423500
431200
434100
437400
452700
456500
465000
487000
489700
493100
505800
520300
524100
533100
544400
552900
555900
565600
577600
589600
605100
607700
618300
665000
669700
678400
681900
690900
695000
710600
718000
720700
723400
728500
745500
748500
753800
758800
762000
770600
783200
792700
797000
804000
818000
824900
828600
832100
853100
855800
859200
864100
874000
884700
888100
897300
901200
910100
918300
921100
923800
928200
944200
954500
960900
975900
979100
982200
989700
993000
1002200
1507500
# OFFOEL
# duration (msec): 1000
# repetition number: 31
7300
9800
12900
15700
20700
23300
26200
43400
46500
49300
59000
61500
63900
74400
77700
80600
83100
86000
95300
98100
101500
104400
107200
116600
120200
128700
132200
136500
139100
142100
150700
153900
163400
170900
174200
180600
183800
192800
195700
210400
213200
216100
223600
227200
230300
235600
245300
267100
270300
273300
276900
284300
287400
290700
294200
297700
300700
304800
313300
316900
320900
325000
335900
340100
343600
353900
357800
363700
372000
375600
378500
383000
386200
402500
407200
410200
423800
427200
432800
436200
440900
449100
454000
457500
463400
468300
482700
487000
489900
492800
500400
504800
508800
519200
522600
531000
534700
544300
553000
556200
566200
577200
588400
604200
607400
615500
632200
655900
666800
669900
679100
692300
695100
698100
709600
717400
720400
724200
729700
745400
748800
753500
758500
762800
781800
793400
804200
826000
830600
853800
857700
875600
886100
889400
899100
917700
920500
923300
928000
959700
977200
980100
991500
1004100
1088800
1193900
1201700
1205000
1359800
1773100
1860600
1945400
2085400
2093400
# OFFOEL
# duration (msec): 1000
# repetition number: 32
7300
10800
14600
21100
23500
25900
45000
59000
61700
64000
72700
79000
82100
84500
95800
103200
105800
117900
130500
136600
139100
141800
150700
181400
192000
211900
215400
226200
231800
245300
270500
284800
288100
294000
297300
300000
302800
314100
317900
321100
335300
339400
343500
353200
358000
365500
372000
375800
379800
383600
386800
400000
406000
409400
422500
425500
431500
434100
437600
447600
452700
456400
463700
467400
481800
486100
489100
492400
503000
507400
518800
522400
526000
530900
535300
543500
553000
556600
566200
576600
579600
588700
592200
604500
607900
610100
614500
618200
626600
639000
652700
658300
663400
666800
669700
678500
682700
690700
694700
697900
708400
712700
717600
720600
725100
728800
742400
745800
748900
752000
756800
760700
768000
773000
781900
786200
792400
795800
803100
822900
826900
830300
844700
853200
856000
860000
866000
874300
885100
888600
897500
918400
921800
925200
931000
959100
977100
980800
990200
993500
1004300
1113600
2028800
2413300
# OFFOEL
# duration (msec): 1000
# repetition number: 33
6900
9400
12700
15400
19300
22100
24600
27100
44300
47200
49800
58800
61400
63900
74500
78500
81300
84100
94200
97500
101600
104400
107100
117300
129000
132700
137100
139700
142900
150700
153400
171800
174700
181200
191800
195100
209800
213000
216500
226900
245000
269200
273400
284900
288600
293000
296300
299500
302500
313500
317600
324700
340100
354100
363600
373900
377600
383300
386300
407200
422000
430600
434300
436900
453500
459700
465500
486800
490100
504800
520600
524000
531800
553600
557000
576800
589000
605700
608900
617200
627500
641600
656900
666200
669400
678800
691700
695700
709000
716700
719500
722000
725100
730100
743100
746500
749200
753100
758600
762500
770100
781400
792100
794800
803900
815200
822300
826800
831800
843500
852400
855500
859600
864500
869600
876000
885200
888300
898000
901700
917700
921100
924100
927800
934700
943300
957400
976200
979300
982400
990500
993400
1003300
2127600
# OFFOEL
# duration (msec): 1000
# repetition number: 34
6500
9900
13600
19500
22500
24800
44500
50700
59600
62200
64600
73900
79400
81900
84500
96100
101700
104600
117600
129800
136200
138700
141300
150300
154600
172200
181000
192900
212000
215100
225300
232900
246000
269700
275000
284500
288200
294500
297600
300600
311900
315600
319500
324300
337300
342300
354100
357600
361900
371600
375100
382300
385000
400000
406400
409700
423300
426400
431300
434300
437400
449700
454000
457200
464100
466900
483200
487100
490200
493700
500200
504800
509900
519400
522100
525000
531000
534500
544000
553600
556600
565800
577200
588200
591300
604500
607500
610300
616200
622800
628600
639700
652600
658100
664600
667900
671200
678000
680900
687200
692200
695900
709400
717400
720600
723500
728500
741600
745600
748600
752300
757600
761000
770900
782300
793500
803600
825700
829400
853000
856800
861900
875600
885300
888600
898400
917700
920800
924500
932500
958800
977300
980100
985200
991900
1003300
2345500
# OFFOEL
# duration (msec): 1000
# repetition number: 35
7100
9800
12100
18600
21600
24300
26900
43700
46700
49200
58700
61400
63900
73900
77000
80400
83000
86000
94700
99500
103200
105900
116100
119700
128700
136000
138600
141800
150200
153100
171300
180700
192300
195500
212200
215100
225200
233200
244900
269400
274500
284900
288700
295000
298400
301000
314100
321500
326900
337900
344200
353800
360400
373900
381300
384500
406600
410200
424500
431100
435000
437800
451100
455200
464500
487200
489700
492800
505900
520100
522800
530500
544900
553400
556800
566500
577600
587700
592200
604400
607500
610900
616700
628100
639400
656700
662300
666300
669200
676600
680600
685000
690700
694100
697100
708000
711600
716000
719200
722200
725600
728900
732400
742700
746400
749400
752700
758300
761900
770800
781700
792000
795900
802500
805300
815600
823500
827200
830900
840900
852400
855200
858500
862800
874900
879100
885100
887700
897700
900900
911300
917900
920600
923500
927700
944000
957800
975200
978100
980800
984800
990400
993400
1002300
1131400
1635500
1775800
1842300
1854800
1856600
# OFFOEL
# duration (msec): 1000
# repetition number: 36
6600
9600
13400
17500
21100
23700
26700
44200
48600
59100
61600
64300
74400
77900
80800
83800
87200
95600
101200
104300
106900
116900
120800
128800
132400
136500
139300
142200
150000
152600
163800
170900
175100
180600
183400
192200
195000
206600
212200
215200
224700
228000
232800
244100
267100
271200
275000
283900
287500
291500
295200
298400
301200
306200
312800
316200
319700
322900
327300
335700
339400
344100
352700
356200
362900
372300
375300
380300
384100
387500
404200
407800
411200
423000
427400
431800
435000
438500
447300
452300
456500
461700
465400
468900
485000
488400
491100
503100
519100
522700
526800
531800
542600
553300
556300
566500
576800
580300
589900
605400
608400
613800
617700
651600
659500
665700
668800
679600
691000
694500
697500
709300
714900
719200
722200
727600
744100
747000
750000
753200
757100
760300
769900
782100
793100
802800
816600
826200
830200
853300
856100
860500
875500
885500
888600
898300
918500
921900
927100
957900
976000
979400
982200
992200
1410400
# OFFOEL
# duration (msec): 1000
# repetition number: 37
7100
11200
18300
21000
23400
25800
44000
47000
58500
61300
63900
74200
78800
81800
84800
95900
103000
106100
117400
129500
136100
138800
141600
150000
152900
171500
181800
192500
195500
211600
224400
230200
245800
268000
273400
284600
288400
295100
298100
300800
313600
317100
322700
335500
342300
347700
354400
358000
366800
372600
376100
382200
385200
405700
409100
422700
425800
430400
433700
436900
439900
450900
455300
459200
463900
467800
479500
485300
488700
492200
502100
507200
517800
520900
524000
530900
534800
543000
553400
556200
566000
576800
580400
588200
591600
605000
607700
611100
616100
621400
627300
640300
654600
659600
665300
668500
677000
680500
685900
691800
695300
700000
709200
716000
719200
722100
725900
730200
741700
745400
748900
751900
757900
761900
771300
781900
792400
802700
806600
817500
825800
829500
852800
855800
862500
875100
885600
888600
897400
905400
917800
920900
923900
926700
932100
944700
977200
980900
990000
993800
1600300
1695900
# OFFOEL
# duration (msec): 1000
# repetition number: 38
6600
9300
12500
15400
19500
22100
24500
27200
43200
46400
49400
58700
61300
63900
73800
77100
79900
83100
86300
94200
99000
103100
105600
108800
117700
129100
133500
136800
139300
142300
149700
152600
171400
175200
181400
192200
196300
210900
214000
217700
226000
233700
243700
267400
273100
284900
291000
295600
298600
301600
313800
317200
323400
338200
345200
354500
366500
373600
377000
383200
386000
407400
411000
423700
430500
434100
436900
449000
455400
465200
469400
484900
488000
491200
502400
510300
520300
523500
533000
545200
554300
576800
588700
605200
608000
615600
639500
656700
666700
670300
679600
690100
694700
709700
718000
720700
723700
726800
730900
743300
747400
750500
757100
760200
769900
782300
793000
796400
802800
815600
824100
827600
831300
841600
853200
856300
860300
864800
873300
876900
885900
890400
897500
900600
916600
919700
922600
927500
943200
951100
956700
975900
979000
981800
989300
993100
1001300
2227900
# OFFOEL
# duration (msec): 1000
# repetition number: 39
6500
9400
13900
19800
22900
25600
28600
43400
46800
49900
59100
61800
64900
74100
77200
80100
83300
85900
94700
97300
103300
105900
109100
116800
120300
129100
133200
136800
139300
142300
149700
152500
163600
169800
172700
178700
182500
192700
195900
205300
211300
214100
218400
225100
228900
234900
244200
250300
267400
271000
274900
283000
286100
290700
295000
297800
300500
303900
313300
316400
319900
323200
336000
340000
344400
348300
353700
358900
362800
372700
375500
380100
383400
386300
404800
408600
412100
423800
428300
432100
435500
439100
451400
455100
459600
465000
467900
482500
487100
490500
496200
504100
508700
520200
523300
530700
534700
543000
553400
556700
567700
577000
588300
591900
605100
608000
615800
629900
657400
665400
668900
679500
682900
691100
694700
697900
712100
718100
721100
726200
729700
745200
748600
751400
757700
760700
770500
785500
793000
805300
823400
827800
853200
856200
869100
885900
897100
900000
918200
921300
924700
929100
976900
980500
984700
991300
1003400
1307700
# OFFOEL
# duration (msec): 1000
# repetition number: 40
6500
9300
11700
14600
19400
22300
24700
27500
42800
46500
49800
59300
61900
64800
74700
78700
82000
85100
94700
99500
103700
106400
117100
129200
135800
138500
140900
150200
153200
162100
172000
180200
193200
211000
214400
225300
230800
245200
270800
284400
287800
294500
298100
301100
311900
316800
322200
336400
353800
373300
377100
383400
386400
407600
423400
432500
435900
451800
456500
465000
484800
488500
491700
507200
520500
524300
533000
545700
553700
556500
568300
577600
587100
591900
604400
606900
609900
616100
624500
629400
639100
656100
664100
667700
671200
679300
682800
690500
693600
696400
699500
708900
713000
717000
720000
723200
728300
732100
742500
746000
749300
753500
757200
760500
770100
773700
782100
792200
795900
803200
807700
817500
825300
829900
834500
851900
855000
858300
865100
874300
878600
885600
889300
897300
900800
910900
918400
921500
924800
928800
944900
954900
976200
979800
983600
990900
994400
1003400
1734300
2416400
# OFFOEL
# duration (msec): 1000
# repetition number: 41
6800
9500
12000
14200
18600
21700
24400
27300
43600
46700
49100
59100
61600
64400
73300
77000
80400
83300
86100
94300
97400
101400
104500
107200
116600
119200
129100
132600
136300
138800
141800
150000
153000
163200
171300
175100
179900
182800
191800
195400
208900
212300
214900
225400
228700
233200
244900
268100
272400
281000
285800
292000
295600
298500
301200
305900
314200
318200
322600
333500
339100
344200
355100
372800
375900
382900
385600
406800
410200
424600
431400
434500
437800
454300
464900
468600
485700
488400
491400
506600
520000
523000
532200
543500
553600
556300
566600
577600
590400
605200
608000
611400
618100
640800
661100
666300
679700
691000
695100
713100
718700
721500
725000
730500
744000
747100
750500
758300
763300
772200
783400
794000
804300
824300
827900
840700
854600
859100
866100
877800
886000
897400
904600
917800
920700
925200
947900
956400
975400
979400
983300
992300
1002400
1596300
# OFFOEL
# duration (msec): 1000
# repetition number: 42
7500
10100
12800
17800
21100
23400
25800
44000
47300
58900
61400
64100
75500
79500
82200
85200
95900
102600
105300
117100
120600
130600
136000
138600
141400
150700
153700
164900
172800
180700
192100
195100
211800
215400
226400
235500
246400
271100
274600
285700
291100
297300
299900
304100
314500
317500
327000
339700
347800
353900
361700
372500
376100
382800
385400
399700
406200
409500
421800
426400
430500
433600
437300
449100
453000
456600
462100
465800
470000
481800
486200
489200
493400
500100
504400
509700
518900
521800
525000
531300
538400
543400
550500
553800
556900
566200
576000
578900
588000
591300
605400
608200
613900
617500
628200
639400
654800
659300
666000
668700
672300
679000
682000
689500
693100
696400
701400
708600
712900
717500
720400
724400
730100
741900
745300
749000
752800
757700
761800
770500
781700
792200
795800
803000
807400
826000
828900
853400
856400
864700
875200
885200
888700
898200
902000
918100
921300
924200
927600
975300
979900
983600
991100
995500
1370400
1372300
# OFFOEL
# duration (msec): 1000
# repetition number: 43
6800
9200
11700
14600
19100
22200
24600
27200
43300
46200
48700
58800
61500
63900
73700
77000
79700
82200
85200
94300
97400
101500
104500
107500
116700
120500
129100
132400
136000
138800
141500
149800
152500
161400
171300
176200
181000
184400
192000
194800
204200
211100
214000
217300
224700
228500
232300
243800
247400
268300
272900
284300
287500
291500
295400
298500
301300
304900
313100
316600
320700
324600
336300
342800
352800
356800
373400
377500
383100
387100
405400
409200
423200
430700
433700
436500
452200
456100
464300
467400
485900
488800
494400
504300
520000
523500
531600
535200
543800
553600
557900
566500
576500
588100
605200
608000
615300
640200
655900
666200
671000
679600
690100
695300
701200
716000
719400
722400
726700
730300
743300
748500
752200
759000
761800
782900
793300
803400
826900
852500
856500
876000
885300
888200
899400
918200
921700
927000
959400
977800
981600
991300
1003600
1846800
# OFFOEL
# duration (msec): 1000
# repetition number: 44
7000
10300
13600
17100
20900
23300
25800
28900
43900
47300
58300
60800
63300
66300
76900
80600
83200
86200
95200
100900
103900
106400
117800
128600
135600
138300
141000
150800
153600
171100
180200
183700
192600
196200
212000
215000
226400
243800
269800
275700
285300
289600
295500
298900
301900
314500
319100
327200
340500
353500
372600
376100
382800
385800
407500
410600
424600
432600
435300
438700
453000
457200
465700
487200
490000
493300
502900
520400
524000
543800
553900
559100
576600
589500
604300
607200
610300
617500
645700
657900
665700
668600
678800
682200
691200
694300
697700
708700
715600
718700
721900
726800
731100
744000
746900
750100
756400
759800
763200
770600
781400
787600
793100
796600
803600
807200
816900
824500
828000
832100
843200
853100
855900
859000
862400
867900
874300
878300
885300
888200
896800
899900
909700
918100
921600
925600
931400
944200
949800
958200
975400
979000
982100
990000
993200
1002000
# OFFOEL
# duration (msec): 1000
# repetition number: 45
7000
10500
13400
20400
22700
25200
28000
44400
47100
58500
61300
63800
75500
79900
82700
85500
94900
102400
105000
107600
118000
130100
136400
139100
141700
150400
153300
173400
183700
192400
211100
214000
225000
245800
271700
284400
290600
296300
299100
302600
315600
321800
339100
344500
355300
364400
373700
378600
382900
385700
405800
409800
422800
428000
432400
435400
438500
450200
455400
464100
468600
483200
487100
490100
497500
503600
507900
519000
522300
525800
532600
537400
543500
552200
555100
558000
566100
570000
576900
580200
587400
590400
605000
607700
611100
616400
627600
639200
656300
660400
665800
668800
677400
680900
690300
693700
697600
708100
713500
718300
721400
724500
730300
743000
746300
749500
753000
757500
761100
771400
781500
785100
792400
796000
803400
808000
817000
824500
827400
831500
852700
856300
863100
873900
877200
885600
888700
898500
902600
917900
921100
924300
928200
955000
976100
979100
982900
992500
1004100
2036600
2070100
# OFFOEL
# duration (msec): 1000
# repetition number: 46
6400
9100
11400
13700
18500
21000
23700
26600
42000
44700
47200
50300
58600
61100
63800
71100
75100
78500
81400
83900
94000
97300
101400
104900
107500
116900
122500
128800
132700
136300
138900
141900
150400
154100
164000
170500
178100
181800
192200
195800
210400
213900
216900
224500
230700
235000
243100
247300
268400
272400
282800
285900
289000
294700
297800
301100
313500
317000
321000
327300
337200
341400
354100
363700
374200
379600
383700
387100
406200
410600
423300
429800
433300
436000
453200
457200
464300
467600
486300
489600
503500
519500
524000
532300
544900
553300
556300
577300
588700
604300
607500
616400
641300
655300
665900
670300
679500
692700
695700
711500
717700
720500
724100
729200
743300
746700
749200
752400
759900
771400
783000
793900
802700
824900
830100
852200
856000
885500
889400
899900
918500
921300
924700
929900
976500
979500
982600
991600
1002400
# OFFOEL
# duration (msec): 1000
# repetition number: 47
6600
9100
11500
14100
16800
21300
23900
26600
43600
46500
51300
58900
61500
64000
73700
77500
80400
83400
88800
95500
101800
105000
108300
116500
129300
135700
138600
141600
149900
153300
165800
173200
181700
192900
196000
212400
215500
226900
244600
268800
274800
285200
289500
295200
298200
301100
312800
318500
325400
337600
344400
354900
373000
375800
383100
385800
406500
411400
424800
431900
434900
437700
450500
455100
463900
466800
484500
488100
490900
499000
508100
520300
523700
532700
543300
553500
556500
576600
589700
605200
608300
615500
629000
658900
666800
670600
679400
692200
695600
712600
718400
721300
727100
743100
747300
751200
759000
763100
770600
783100
792800
803000
820800
828600
853000
856200
861600
874100
885500
889500
896700
899900
917600
920600
923800
927600
945000
957800
974800
977900
980600
984700
990700
993600
1001100
# OFFOEL
# duration (msec): 1000
# repetition number: 48
6900
10400
13500
19000
21900
24200
27200
45600
50300
59300
61900
64900
75700
79600
82500
85200
94600
98100
103400
106100
117300
129900
136200
139100
141800
150900
153900
171900
180500
192800
210700
213900
227300
245300
268000
272700
284500
287600
293800
297300
300600
313000
317000
321200
325700
335500
341200
351900
355800
362900
372900
375700
380900
384000
387100
405800
408800
421200
424700
428900
432500
435400
438300
449500
453800
456800
462400
466000
469800
484000
487600
490800
494600
501600
505100
518200
521700
525000
531300
535100
543100
553000
555900
565900
577000
580300
588000
591700
604500
607400
611400
616400
620400
627500
639300
651800
657800
661400
666100
669100
678400
681900
689900
693300
696100
700000
708700
715700
718900
722000
725300
729100
743000
746500
750100
754500
758500
761800
771200
782000
792300
796400
802800
807100
819500
825100
828800
852200
856200
864100
875000
886200
896800
918300
921100
924700
976900
979700
983000
991400
994700
1576600
2308900
# OFFOEL
# duration (msec): 1000
# repetition number: 49
7000
11400
14100
20300
23100
25600
45000
49200
58500
61200
63800
75300
80000
82800
86100
96100
102800
105500
108000
117200
129200
136300
139200
141900
150100
154000
164500
171900
181300
193600
210600
213900
225700
235100
271700
284500
289300
295300
298300
301100
314800
322900
339600
352600
356600
365000
373100
377400
382800
385600
406400
410100
422300
426800
431800
434400
437900
451200
454500
460800
465400
468900
483000
486500
489600
493000
502500
507500
518200
521500
524200
529100
534200
544600
553200
556000
565200
568400
576900
580300
588000
591600
604500
607300
610100
615700
618900
628300
638800
651100
656600
660900
665000
668700
671700
678700
681900
689900
692900
696400
701900
709200
713400
718100
721100
724500
728000
731100
741600
745100
748600
752200
757600
760300
769900
773900
781300
785900
792300
801500
806300
815300
824200
828200
844500
852900
856200
864600
874600
885600
888900
897700
902400
917900
921000
924800
928900
958200
977100
980100
983800
990600
993700
1003900
1453500
2181100
# OFFOEL
# duration (msec): 1000
# repetition number: 50
6900
9400
12400
17900
21600
24300
26900
44900
48900
58900
61700
64300
74300
79500
82300
84700
95100
102700
105700
110100
118100
129100
136000
138800
141500
150200
153400
172600
181300
191700
211800
215600
226200
245700
270400
285300
293600
296800
300100
304500
314300
319900
334900
341300
355000
363100
373400
382100
384800
402300
406500
410800
422800
427200
432300
435400
438500
447300
452700
456900
463700
467000
478400
484000
487300
490600
494500
505000
518800
521800
524900
531600
534900
542800
552900
555800
566000
577400
581300
588300
592900
604900
607800
610900
615700
627300
638600
656200
661000
666000
668900
672600
679100
682300
690000
693400
697100
708800
714400
718100
721200
724800
729200
742200
746000
749200
752700
758900
762000
770200
781900
792200
795200
802300
806400
817900
825200
829100
853100
856500
864300
873200
878800
886500
889500
898400
901500
918900
922000
927300
958200
977500
981100
984300
991000
994800
1004600
# OFFOEL
# duration (msec): 1000
# repetition number: 51
6600
12600
20600
23600
26100
45100
48700
59500
62100
74400
80200
83000
85300
95500
103100
106000
117100
129600
136000
138900
141800
150900
172100
181000
192400
195600
212000
214700
224900
231200
244900
266500
270900
275400
284700
288300
293500
297100
301000
312700
317200
321600
334600
340000
345100
353300
356400
361100
372000
375700
382200
385300
401200
406100
409200
412700
422100
425800
430600
433700
436600
441000
448900
453800
457100
462600
466100
474600
482900
486800
489900
494300
502900
507000
518900
521800
525500
531500
534600
541700
548900
554400
558600
566300
576900
580400
589300
604800
607900
613900
618400
627500
641000
656200
659800
666500
669700
679600
691100
695100
709100
717500
720600
724200
728600
744300
747800
751100
755500
759600
771600
782200
792800
803800
825000
828600
852900
857000
867200
876700
885600
889700
898900
911600
919500
922600
928300
959200
977500
980900
986900
992500
1321000
1395100
1417000
1859300
1886200
# OFFOEL
# duration (msec): 1000
# repetition number: 52
7100
10300
13600
19500
22600
25100
28300
44000
46700
49700
59600
62200
65900
74500
79300
82100
85200
95000
99000
103900
106500
117000
128700
136000
138500
141600
150300
153600
170600
181100
192500
207100
213000
226400
244400
271300
285400
294800
298600
302000
314500
319500
325000
336100
344800
354300
371700
375000
383400
386700
405200
408200
423300
427300
432900
435800
449200
453400
457200
465200
470900
485200
488400
491400
504200
508600
519500
522500
525300
531700
538100
545600
552800
555400
565800
576800
579400
588300
591500
604700
607600
610600
615400
619000
627400
639400
650600
657600
662900
666800
670600
678300
681900
689500
692800
696300
707700
711100
715700
719400
722700
726100
729500
743200
746600
750000
754800
758900
762500
770500
773500
781800
792100
795600
802500
807400
817100
824300
828500
842000
852800
855900
864300
874200
884900
887800
895600
899900
918000
921500
925200
931500
954700
976300
979900
983700
991200
995900
1002400
# OFFOEL
# duration (msec): 1000
# repetition number: 53
7100
10100
13000
18600
21800
24600
27400
44700
47800
59400
62300
64900
73800
79000
81800
84300
95400
101400
104700
108600
117400
129200
133400
137000
139700
147200
150900
160500
172200
181500
191800
195200
211200
215700
225900
242500
269500
274800
284200
287900
295100
298400
301400
314200
320400
337800
343700
355400
371000
376600
383200
386000
400400
407900
423400
429100
433500
436400
453100
456500
464700
485800
489000
492200
504600
515500
520400
523500
527800
533300
542500
552100
555000
566300
576400
579900
587400
590900
603000
606400
609900
615600
619000
626900
638800
650900
656200
660800
665800
668800
674400
679500
682900
689400
692600
696600
708400
711900
716600
720100
723700
727800
738700
744900
748400
752200
756200
759800
763600
771700
781800
792600
796600
802900
805900
816600
825200
829000
832600
852500
855800
860000
865100
873800
884200
888200
896600
900400
907300
917800
921500
925200
929100
944400
975500
978700
982300
988300
991900
995900
1003300
# OFFOEL
# duration (msec): 1000
# repetition number: 54
7500
11000
16000
21400
24200
26900
44900
58800
61300
63800
75800
80100
82800
85300
95900
102600
105200
109000
117400
130400
136500
139300
142400
150800
164200
172400
181200
192100
196000
211700
215000
225600
231400
244800
267600
272600
283300
286900
291500
295600
298700
301900
312900
316900
321700
325400
335500
339700
344100
349600
354300
358100
364400
371900
375600
379600
383400
386800
404600
408100
422000
426000
431800
434600
437800
448800
453200
456600
461400
466000
480000
485700
488500
492000
501500
505300
519300
522400
527500
531500
541700
546000
553100
556300
565500
576200
580300
587700
590800
595300
605000
607800
611500
616200
620200
628100
639300
652900
657600
661900
666300
669300
673300
679300
683700
691400
694300
698600
709500
716900
719600
723000
727200
730800
743300
747500
750500
757200
760400
770800
782200
793200
803800
824700
828000
853300
856100
865000
873800
885800
889900
897700
909500
918100
921200
925200
975900
979700
982600
992100
1003700
# OFFOEL
# duration (msec): 1000
# repetition number: 55
6800
10100
12800
16600
20200
22600
25300
28400
42900
45800
48300
50800
58900
61500
64000
72400
76200
79000
81600
85000
94700
98000
102600
105400
116900
121300
129100
132400
135900
138700
141600
149500
152400
162500
171000
175000
181100
191800
194800
205700
211600
214500
224800
229600
234400
244500
266500
270000
274300
284100
287500
293700
297600
300600
304600
313800
319300
324600
335300
343000
353200
357700
364800
373700
377000
382000
385000
406400
410800
424100
431600
434500
453900
462600
466400
486000
489200
492700
502600
519500
522400
525800
533300
553300
567100
577100
589300
605100
608200
617000
630200
640800
658900
666400
670100
680000
687000
693600
699300
711800
718000
721200
724700
729100
744400
748200
752100
759000
764700
783600
793700
804000
825000
830000
853100
856400
874600
885900
897000
900800
918600
921600
925300
958900
976000
979400
982500
990600
993900
1002400
2093700
# OFFOEL
# duration (msec): 1000
# repetition number: 56
6600
9100
11900
14800
19200
22100
24800
27700
43400
46000
48800
58700
61300
63800
66400
74300
77300
80000
83200
86100
94900
98200
102300
105300
116600
119400
129000
135100
138000
140800
149300
152400
161500
171200
174200
180300
183600
192200
195400
204200
210800
213500
216900
224400
228100
234400
244900
266600
271500
282100
286500
290000
295400
299200
306100
314000
318900
323900
337300
343100
353600
364300
373500
377700
383500
386700
406600
411600
423300
426700
432500
435700
453000
461500
467000
486000
489200
492800
501200
520400
524500
533400
545800
553600
556800
567700
577800
587900
593400
605300
608300
617200
653400
660900
667600
670900
681000
692800
695900
710200
718000
721000
724100
729000
745200
748900
753000
758600
762200
771600
783600
792800
804200
822200
826900
853600
858400
864600
877700
886400
896800
900700
918700
921900
929600
965300
974800
978800
981700
991000
994200
1004100
2172200
# OFFOEL
# duration (msec): 1000
# repetition number: 57
7000
10500
13400
17800
20900
23600
26300
42700
46400
49200
59700
62500
75800
79800
82500
85100
95200
102100
104700
107200
117300
130200
136200
139000
142100
150200
153400
171000
181100
192400
195400
212500
215700
227300
231400
244300
269300
275700
285400
295200
298200
301000
313800
318000
324200
340100
354300
373100
377300
383500
387100
408000
424000
432400
435300
452400
464000
470700
486600
489400
493500
506000
520100
523300
532100
552900
556300
566800
577100
580100
589200
594000
605000
607800
615500
626900
639800
654000
659400
665400
668000
670700
678800
682300
688400
692400
695400
698600
708300
711400
717700
720600
724100
727200
730600
741000
745200
748300
751700
758800
762600
770300
773300
781100
784800
791700
795600
803200
806300
819300
825500
828900
843900
852800
855800
858900
864200
875000
885100
887900
897300
900900
913800
919000
922000
925500
930700
943200
953400
959600
975300
978700
982800
990000
993900
1002200
1882200
# OFFOEL
# duration (msec): 1000
# repetition number: 58
6900
10700
14300
20200
22700
25200
42500
46200
49200
59000
61500
64000
74400
78100
81300
84100
95000
102500
105500
117100
128900
136400
139200
143800
150300
162300
172000
181500
192600
210800
213800
217600
226200
233900
245800
269900
284400
294200
297300
300600
314200
320600
325700
338900
345200
354900
359200
372300
376300
383000
386300
406300
410300
424700
433300
436100
453900
459000
466400
486000
489500
493300
505100
519600
523100
543600
553600
557400
567400
577300
589200
604800
607600
617800
628100
660300
667300
678400
682400
690700
694600
700900
709800
715800
719100
721800
726000
730500
743000
746200
749000
751600
756400
759600
769900
781900
791900
795300
802900
808400
819000
825600
828800
832200
843400
852600
855700
859400
864200
875100
884000
887500
890400
897900
901600
908600
918100
920900
925900
930800
945200
955000
976400
979500
982700
990200
993300
1002500
# OFFOEL
# duration (msec): 1000
# repetition number: 59
7100
10300
13000
18800
21800
24400
27000
43900
47400
59000
61500
64500
75000
79000
81600
84200
95300
103500
106100
117400
128900
134400
137300
140000
150000
152800
170600
180600
192700
195500
212500
215700
228400
244400
270700
284000
289100
295300
298500
301500
313900
322200
335900
343500
354400
364900
373800
378400
384000
387400
406800
425100
432200
435300
438800
453600
457300
464700
468000
484600
488000
490900
497300
503700
510200
520000
523000
530700
534900
543000
553100
555900
566000
576100
579600
588200
591200
605100
607800
612600
617200
627700
638600
652500
657000
660500
665700
668900
672800
678800
682800
690500
693800
696900
709300
716400
719800
724100
728000
731900
743200
746500
749600
755100
758700
762100
769900
774200
781700
785800
792100
795800
804800
816500
825000
828200
844900
853100
856200
859200
864000
874200
878000
886200
890400
897600
901800
918800
921900
925400
929700
945500
959600
976800
979600
982700
991200
995600
1001700
1496100
# OFFOEL
# duration (msec): 1000
# repetition number: 60
7400
11400
14800
20500
23900
26300
43500
46800
49400
59300
61800
64600
74000
77200
80200
83000
86400
94600
98600
102300
105100
108800
116900
119800
129600
134000
136900
139900
142700
150000
153300
162100
170300
173900
180800
183700
191700
194700
206600
212100
214900
225800
229800
242900
246600
266700
270500
274000
283200
286500
291700
296000
299200
302800
313900
317500
321100
324300
335900
339600
345800
352900
356900
361700
372400
376600
382500
385700
405300
408900
422200
425900
430200
433400
436300
440700
450900
454600
459600
464600
468600
483800
487200
490500
494100
503100
507400
519400
522900
531300
535000
544100
553900
557000
566100
577100
588600
594800
605300
608500
615600
654600
661000
667000
670700
680000
692000
695000
699600
709700
718100
721200
725100
730400
743800
747200
750200
758500
761700
770900
781000
792200
795500
804000
824400
829200
852900
857100
874700
886100
898100
918400
921600
925300
957600
976600
980100
983100
991800
1001900
# OFFOEL
# duration (msec): 1000
# repetition number: 61
6700
10200
13600
19100
21600
24400
26800
40000
45300
48100
58600
61300
64100
74000
77100
80600
83200
85900
94300
97800
102100
105300
108000
116900
120500
129200
133000
136800
140000
150100
152700
161800
171600
175000
181300
185000
192400
195200
204700
212200
215100
224400
229100
233200
243900
268900
272700
284700
288300
292500
296800
299500
302700
312600
316000
320100
324300
335700
339400
345400
352800
357400
363000
371700
375600
380600
383700
387300
399600
406200
409600
422400
426300
430700
434100
437200
449100
454100
463800
467000
485200
488100
491000
496000
504700
520800
525200
532500
552900
556600
567000
577000
588900
605300
608400
616800
629200
657100
666200
669400
679800
691600
695700
709500
717800
721000
726400
741700
746600
750100
758200
761400
782300
793000
796500
803300
825100
829400
852900
855900
864500
876100
885500
898000
919100
922700
929400
977400
981500
991500
# OFFOEL
# duration (msec): 1000
# repetition number: 62
6700
9300
12000
15100
19400
22700
25300
28100
43100
45700
48700
58700
61400
64000
74200
77200
80100
82700
85300
91100
94800
98200
102600
105400
110100
117000
120400
129200
133100
136300
139100
142100
150200
152800
161600
172000
180400
183800
192400
195900
212000
214900
224400
231300
244600
269700
273700
284300
288100
295000
298200
301800
313800
320300
336600
341000
353500
372700
383000
385600
406600
424300
432300
435300
439000
450600
455900
464600
468700
486500
489500
505100
520600
523700
532100
553400
557900
567400
577400
589300
604500
607500
611400
616400
640300
665200
668600
680500
692400
696900
709300
717200
720400
723700
729200
745200
749000
753200
758700
761600
771300
782200
793000
801900
824400
828700
852600
855600
859600
866800
875900
885500
888300
897100
900400
917900
920500
923800
929800
942500
955600
975800
979300
982100
990400
993300
1001000
1004900
# OFFOEL
# duration (msec): 1000
# repetition number: 63
6900
10500
13700
20700
23800
26500
44400
48800
59200
61800
64700
76200
80000
82600
85600
96700
103000
105900
118100
129200
136600
139000
141500
150600
153500
172400
183100
193100
211400
214400
226300
235200
245400
270400
284100
286700
292500
296200
299000
302200
313000
317000
320900
325100
334900
339800
344100
353400
356600
361400
365500
373200
375900
379600
383800
386700
404700
408100
411800
423100
426400
432000
434800
437900
447000
451400
454900
458300
464100
468000
484000
487100
490500
498700
503800
508100
517900
521300
525300
532600
542700
546000
552000
555300
566000
576200
579300
588600
591400
605000
608100
612500
617400
622100
627700
639200
654800
658800
663800
667200
670500
679100
684100
691200
694100
698700
709600
715500
718800
721700
724900
730100
742600
746900
750100
753400
758900
762500
771300
782700
792100
796600
804300
826300
830900
853500
856900
864800
876000
886300
896800
900000
918000
921500
924800
931200
977500
980700
990900
1002300
1616400
# OFFOEL
# duration (msec): 1000
# repetition number: 64
6600
10800
18300
21700
24400
44200
47300
58900
61800
65600
73400
77500
80600
83500
87800
94600
99100
103600
106600
116800
120100
129600
132900
136300
138900
141900
150300
154000
164000
170600
174300
180800
184000
192500
196100
205100
211100
214600
225000
228300
238100
244700
249600
267600
271900
275600
283800
287400
291500
295400
298300
301500
312800
316200
320400
324500
336100
341300
344800
353200
356500
360500
364900
373100
376200
382400
385200
405800
408700
413200
422100
425500
431300
434500
437500
449500
454200
457800
464000
467200
478800
485100
487800
491500
501500
506100
518600
522200
525300
532500
536900
543100
553000
556600
566100
576400
579600
589000
592900
604700
607700
616000
620800
628800
639700
657900
666200
670500
679000
683100
691100
694700
709200
716900
720000
723200
727700
744400
748500
757800
761000
772100
782200
792500
804200
826300
830200
853700
857500
877000
885900
888700
898800
918700
921700
926900
948700
977600
980800
990900
995200
2695400
# OFFOEL
# duration (msec): 1000
# repetition number: 65
6500
9900
12600
15900
19500
22100
24700
27600
41900
45000
47500
51900
59400
62000
64600
73300
76500
80100
82800
85400
95100
98300
102000
104800
107600
117200
121300
129100
132500
136500
139100
142000
150000
152700
162800
170800
175500
180900
192000
196800
205900
212200
215700
224700
228500
244000
269800
274500
284500
288000
294400
297800
300500
314400
318700
334500
339000
346900
355300
370200
374600
381700
384800
406900
409700
423100
432800
435900
448700
454100
463600
467100
485600
488800
491500
505400
520200
525000
533700
543700
553600
557300
567100
578000
588900
605300
608600
617800
666400
671100
679900
691600
695300
710300
717700
720900
725300
742800
746900
750500
757900
761600
771200
781700
793000
796100
804400
818300
825400
830300
852200
855200
859600
864900
874000
877100
885700
888500
896800
900000
908500
918300
921400
924900
929200
943800
954000
960200
976700
979600
983500
989200
992300
995200
1002200
# OFFOEL
# duration (msec): 1000
# repetition number: 66
6700
9600
12400
15800
19500
22100
24800
27900
43800
47000
50300
58400
61100
63800
73200
77400
80300
83100
86000
94400
97700
101600
104700
107800
117100
119800
129200
132700
136400
139200
142100
150400
153800
161800
170400
174300
180600
184300
191900
195500
210500
214100
217200
225100
231300
244000
247900
269200
273200
285200
290700
295300
298700
302300
313500
317800
330200
338400
344200
354500
360000
373900
378700
383500
386700
407500
424300
432300
435400
442300
451500
457500
464300
468800
487200
491000
507600
520500
524400
535100
545200
553700
556900
567200
577700
589300
605000
608300
616700
659300
666600
670300
679400
690400
694600
698700
710700
718000
721500
725500
730700
746300
749500
755700
760000
768500
782000
792900
802400
826000
853600
856800
865000
885400
898000
919400
922900
931000
978200
982000
986100
992200
1002600
1532200
# OFFOEL
# duration (msec): 1000
# repetition number: 67
7100
11200
18800
21800
24500
26900
43500
47300
59500
61900
65100
73400
79200
81800
84400
93800
102900
105500
112600
117900
129300
136200
138900
141400
150700
153500
171000
180500
192400
197600
211900
216400
226400
245700
270200
283200
286800
295700
299200
303700
315500
320100
338400
343900
353800
360600
373000
377000
383500
386200
403600
408500
423800
430500
433600
436300
455300
466300
486400
489100
492300
506300
520100
523700
533600
551900
555200
577400
588200
604500
607300
617000
639600
656400
664200
667800
671300
679700
686500
691500
694800
697900
708200
712900
717800
720500
723300
728600
741500
745700
749400
752900
757900
761200
769800
779900
783400
792200
795400
802400
807000
815700
825100
827900
832000
841900
852700
855800
859900
865300
870700
875000
885300
888600
897200
900000
903600
917800
921200
924100
929200
944100
950600
960700
976200
979600
983000
989800
993400
998700
1003700
1882800
2465000
# OFFOEL
# duration (msec): 1000
# repetition number: 68
7000
10200
14000
19800
22600
25300
45200
48700
59000
61900
64400
74800
78800
82100
85100
95600
103300
105900
117700
130100
135900
138600
141100
150500
170500
182700
192900
211700
214800
225600
248800
270800
276100
285100
289000
296400
299600
303300
314500
319000
324800
336500
343500
354600
359800
373000
376100
382100
385200
405400
409900
422500
426300
431000
434600
437400
448900
452700
456600
461900
465600
470600
482000
486300
489300
493100
502100
506900
510500
518200
522400
525100
529800
533700
536900
543400
552700
555800
566100
576700
579300
588200
591500
604500
607300
612800
617000
627200
639700
652700
657500
664800
667600
670600
678300
681200
690100
693300
697300
708800
713600
718200
721900
726800
730600
741900
745600
748800
752800
758300
761500
771100
781300
791900
795500
803300
808300
824700
829100
852600
856200
860400
874700
885000
890000
898200
907900
918800
921600
925100
977300
980500
989400
994000
1013000
1040400
# OFFOEL
# duration (msec): 1000
# repetition number: 69
6900
9600
12100
14500
19200
21900
24600
27100
42300
45700
48400
58600
61200
63900
72900
76000
79200
82000
85100
95000
99300
102800
105600
109100
117400
120400
129300
133900
137100
140100
143600
150400
154400
163800
171200
174800
180600
184100
191800
195400
205200
211200
214500
223200
226900
231100
244000
268800
272100
275300
284100
287400
295800
298700
302700
314600
318800
323700
335900
343600
353600
358800
373600
381700
385000
406800
423400
428800
433400
436600
448000
455400
465500
484700
488400
491600
507700
520700
523700
534100
553500
567000
577900
588600
605700
609200
617200
640300
657600
665300
671300
681100
692200
697200
710500
718000
721000
725800
731200
745700
749000
754400
760100
771500
782400
792300
804600
825400
830100
853400
857700
866900
885500
894700
899400
918100
921200
923900
929800
944500
976500
979700
982800
991000
994700
1002800
# OFFOEL
# duration (msec): 1000
# repetition number: 70
6800
10600
14800
18100
22200
25000
44000
47700
58500
61300
64200
74500
78100
81000
83600
92300
96100
102800
105400
117400
129300
135400
138400
141200
150300
152800
172000
181400
193100
210600
214200
225400
231900
270000
284900
291000
295800
298600
301700
315400
321800
337300
342800
354600
373600
382400
385900
406700
411300
425300
433200
435900
449400
455600
465000
486100
489200
492500
503800
520100
524900
535300
553100
555900
565800
577500
588100
591000
603800
606700
609500
615600
619900
628300
639000
651200
657200
663100
666700
669900
678400
681800
689200
692500
695300
698700
709300
714100
717800
721300
724000
727700
731400
741500
745800
748900
752000
757600
761100
770600
781400
792100
795100
802500
807400
818500
824900
828200
833700
842100
854000
857100
862400
873600
876900
885100
888500
898200
901500
917500
920200
923400
927900
944500
955900
975500
978900
981700
985600
990400
993800
1002400
1815200
2351300
# OFFOEL
# duration (msec): 1000
# repetition number: 71
6700
10200
13100
18500
21600
24200
27700
42800
46200
49400
58500
61100
64000
73100
76900
79900
82600
85200
94700
97800
101700
105100
108300
117400
129000
132200
136100
138800
141600
149800
153500
161500
170500
173100
177400
181100
192300
209800
213100
216100
225000
228600
234800
244500
267400
272100
278800
284800
288200
293200
296400
299600
303700
313200
316500
322100
336500
343800
351900
357100
372700
376100
383800
387200
406300
422400
427500
432800
435700
454900
459500
465000
472200
485900
489300
503100
509100
521300
530500
553000
555700
566600
577100
589400
605400
608600
617500
656400
666400
672400
679700
691400
694800
711600
717800
721300
726200
745300
748800
758200
761000
772700
792300
804300
824600
840900
853800
856600
866100
875700
885800
897800
918400
921600
925000
930800
959500
976200
979200
982300
990800
994600
1002300
# OFFOEL
# duration (msec): 1000
# repetition number: 72
6600
9100
11600
16100
19700
22700
25300
28200
43300
46400
49200
58700
61300
64400
73500
76700
80000
83000
86100
94900
98600
102800
106000
109200
117100
128600
134200
137300
139900
143400
149800
152600
161500
170600
173900
180200
183500
192200
195200
204700
210900
214000
218000
224000
227500
231600
235500
243400
247000
265600
270700
274100
284800
287700
292400
296100
299100
302300
313700
317100
320400
325300
334000
340200
345300
353700
356700
362300
373000
376900
382300
385300
405800
409500
423600
430900
434700
439100
452600
457000
465300
485900
488800
492200
504100
520700
524800
533000
545200
553200
556400
567000
577500
589200
604500
607700
611200
616800
658700
666400
669900
679600
691100
695300
701600
712100
718800
722000
726000
735800
745700
749100
752600
759100
761900
771500
783500
793000
803700
824800
830100
852100
856000
864000
875300
886800
898800
910100
918800
921900
926300
957900
977900
981800
990900
1006100
1772300
# OFFOEL
# duration (msec): 1000
# repetition number: 73
6700
9400
12200
14900
17800
21000
23600
26000
29500
42300
45500
48400
58600
61100
63800
73500
76900
79800
82900
85900
94000
96700
101700
104500
107700
117000
120100
128400
132600
136500
139600
143900
150300
153300
170400
173700
180300
183400
192200
197100
211000
213900
217100
224700
228900
234200
244400
269600
274800
285600
290500
296200
299800
304400
314400
318400
323800
338200
353200
359100
373200
376800
382300
385100
407900
424100
430400
434100
437300
452200
456500
465100
468700
485800
489500
492900
506400
520400
523400
532300
552800
555600
566400
576900
589800
605400
608000
616400
640600
659500
666200
671400
679100
689800
693700
698900
716600
720300
723200
729600
743700
748000
750700
758700
762600
771500
783300
792800
803600
825600
830400
853200
856800
875500
885900
898600
918200
921800
925500
945600
966200
978500
982000
991300
1002300
1548300
# OFFOEL
# duration (msec): 1000
# repetition number: 74
6500
9600
13200
17200
20800
23400
26300
44800
47500
58700
61400
64000
74800
79600
82000
84700
96000
102100
104800
108100
117000
128400
136000
138700
141600
150200
153900
171000
180700
192900
212100
215900
227100
269900
284400
290100
295400
298500
301700
314400
319600
338100
347500
355800
373100
378500
383700
387300
406900
412600
424300
432200
435500
445900
454000
463600
468800
486200
489400
492900
519900
522900
533200
553500
556700
566800
577100
587600
604800
607500
610400
616800
628100
657700
665800
668800
678600
683200
690200
693200
696000
699800
708400
716900
719900
724400
729600
742900
746400
749500
756700
759800
768800
773500
781900
792200
795600
803400
816100
824900
828100
831800
843400
853000
856100
861300
865500
874400
879500
885500
888800
897500
901500
908600
917700
920800
923500
926900
944200
955400
962900
975600
978800
982800
990700
994200
1001900
1210500
# OFFOEL
# duration (msec): 1000
# repetition number: 75
8900
12400
17800
20900
23700
26200
44000
47700
59500
61900
65200
75800
80000
82600
85100
95900
103200
106100
116900
129600
136700
139900
142400
150600
154000
162800
171300
181000
192200
196600
212300
215500
227000
245200
269800
273800
284800
289600
295300
298400
301200
314200
317300
321700
335000
339900
345000
353000
357100
365100
373200
377000
382600
385400
404700
408100
411500
423400
427200
432600
435200
438800
448800
453900
457600
463300
466700
479900
485300
488400
491600
495600
502500
507900
518600
522000
525200
531100
535500
544000
553400
556800
566400
577100
581200
589000
592200
605100
608100
616100
627400
639400
651400
657200
664000
667500
670400
678500
681700
690600
693900
697400
708500
711900
716700
719800
722800
726700
730000
742000
745700
748900
752500
758100
761200
770000
782300
791800
794800
803300
806700
816300
823600
826900
832000
853400
856400
862400
875600
884600
888200
898000
901500
918200
921600
925300
973400
978900
982100
991300
1002300
1113300
1664800
2033300
2035300
2037100
2038900
