# repro call number: 0
# mode: 1
# signal: 2
# stimulus file: /extra/setup/oel/stimuli/receptorInfo/lmd_co200.dat
# carrier freq (kHz): 3.5
# stimulus length (msec): 1000
# pause between stimuli (msec): 700
# length of ramp (usec): 1000
# desired firing rate (Hz): 100
# standard deviation (dB): -1
# cut-off frequency (Hz): 200
# repetition number: 0
# duration (msec): 1000
# intensity (dB): 73.375
8000
10000
12000
15600
18100
21300
32700
35500
37900
47700
51900
62800
77900
82900
85400
88500
91700
95000
122800
131900
135300
143100
159800
164000
171000
178700
192300
195500
208000
215900
245900
252200
258200
271900
279000
292200
307600
317700
323300
336100
342500
349900
358000
362900
366800
372300
384900
397300
405200
421600
430200
439900
446000
457600
463400
472600
495300
505000
512100
526900
536400
543200
549600
566100
582000
589500
602200
609800
613900
621000
634000
643500
654100
681300
689200
692900
695500
702400
713900
728500
743600
750600
758400
773000
785200
795300
802100
817200
838400
848300
871700
884000
906900
916100
938100
945900
949700
971700
983000
993900
1009300
1016500
1027600
1037100
1042700
1049400
1060700
1068400
1082400
1092100
1110500
1116100
1126800
1132700
1139000
1152600
1165200
1176800
1198300
1212400
1222700
1244100
1247700
1259300
1274300
1286900
1294400
1310400
1316500
1322300
1338100
1356900
1359200
1369300
1385900
1399000
1407300
1426200
1433900
1436800
1444400
1457600
1460500
1471700
1483600
1498200
1500800
1505700
1524100
1531100
1542100
1552100
1563200
1573100
1578800
1600300
1616500
1632400
1641300
1656500
1662200
1673400
1680200
1684900
1688800
1695700
1705500
1738000
1748400
1751500
1759700
1765500
1769100
1790800
1797300
1807300
1825700
1838700
1846100
1857900
1862700
1872000
1878600
1889000
1893900
1904100
1922000
1924700
1940500
1946400
1955000
1968400
1974100
1988000
2012200
2028200
2033100
2042600
2045600
2054700
2060400
2072800
2080900
2096700
2110200
2121400
2128400
2138600
2144900
2152400
2154900
2175600
2189400
2195400
2200200
2209200
2215200
2226300
2234800
2247400
2251100
2270400
2280800
2293200
2302100
2309700
2321100
2340500
2345100
2355700
2359600
2366200
2375000
2383200
2390200
2400400
2406800
2425700
2441200
2451800
2458500
2465700
2476500
2483000
2492200
2497900
2504000
2509800
2517800
2527100
2532800
2548500
2554000
2565600
2602600
2608200
2615800
2623400
2641500
2647900
2650600
2673900
2688700
2695900
2722800
2738800
2744000
2767700
2773400
2781600
2793100
2813000
2820300
2829300
2833300
2850400
2865600
2878600
2885500
2888300
2897600
2909400
2920900
2932300
2938500
2945000
2954600
2961800
2971500
2979500
2991800
3011800
3014600
3019900
3033300
3046500
3052100
3068100
3084100
3090000
3095800
3100400
3112000
3122600
3126300
3142100
3152600
3168000
3173900
3179700
3191100
3210000
3225800
3233400
3236000
3248000
3257800
3276200
3279300
3290100
3297500
3326600
3337700
3344800
3352700
3388600
3394400
3404100
3422100
3424600
3429800
3437100
3443000
3458500
3465200
3480500
3487600
3498300
3505100
3514200
3525400
3531700
3535700
3547000
3562500
3574400
3587600
3604000
3609900
3615000
3620900
3630000
3663400
3673900
3685900
3691500
3695200
3711000
3727700
3741700
3750300
3764200
3776500
3782200
3788700
3793900
3815700
3818500
3820900
3825000
3833200
3849200
3854600
3882100
3885300
3890100
3919800
3932300
3935900
3946400
3963600
3967500
3980200
3987800
4002100
4008500
4014500
4035500
4042600
4051500
4062800
4078800
4090000
4098900
4105900
4128500
4134000
4152100
4158100
4161400
4165100
4167400
4177500
4192400
4218200
4221200
4236100
4253300
4263800
4287200
4294900
4308300
4314400
4331200
4335100
4340400
4347200
4370200
4387700
4407400
4410900
4430400
4433900
4441300
4454800
4468500
4478800
4488300
4495000
4500000
4513500
4534200
4538400
4547300
4551000
4566700
4580100
4590200
4599300
4606600
4612000
4618500
4632900
4639400
4652600
4659100
4674400
4681200
4691900
4697700
4710800
4720300
4725200
4730100
4735400
4745900
4756000
4762200
4780800
4788000
4804200
4819500
4823600
4840700
4865600
4871600
4878300
4887600
4890600
4901400
4911900
4919400
4925700
4930800
4946000
4948600
4952100
4961300
4968100
4973500
4977300
4983800
4993700
4998700
5009700
5016900
5033800
5056600
5061400
5071700
5077000
5083600
5095000
5119100
5126200
5139400
5146500
5151800
5159700
5167400
5174400
5181900
5203100
5208800
5228900
5234200
5238600
5245100
5253800
5266100
5273000
5277200
5282700
5288900
5300200
5306400
5316200
5331000
5362400
5368800
5384300
5400700
5406900
5417400
5427900
5443300
5446900
5461900
5469600
5477300
5489500
5507600
5512400
5525000
5531500
5536000
5544900
5551200
5555800
5570200
5588200
5594500
5603200
5608700
5615000
5630300
5642000
5660100
5665800
5690300
5698700
5712600
5715900
5719900
5722800
5732300
5748700
5755000
5771500
5781000
5784100
5799600
5811200
5817600
5826200
5832700
5837800
5851300
5860000
5880900
5891500
5898200
5905100
5938900
5948500
5953800
5963500
5970100
5991100
6016500
6027500
6032400
6047000
6068700
6084400
6097900
6110000
6113300
6119700
6126300
6132100
6141300
6158400
6176300
6192400
6195900
6209600
6224400
6233300
6243700
6250200
6256500
6276500
6284800
6290300
6298300
6314200
6331100
6336900
6358200
6376500
6380100
6391100
6396700
6421500
6428000
6453300
6456900
6474700
6481200
6485900
6489900
6509300
6513400
6526700
6537600
6562600
6575100
6599100
6607900
6616100
6625400
6642300
6645900
6657700
6662800
6672800
6678400
6684300
6697600
6706400
6725500
6736500
6740200
6758500
6761800
6768000
6778000
6799000
6809600
6813100
6822500
6849200
6863200
6870600
6879800
6899300
6906800
6921700
6933700
6943200
6954000
6971300
6977200
6980300
6999700
7007900
7012200
7029800
7035200
7042600
7048500
7061700
7070200
7074200
7080600
7106100
7115200
7126900
7133000
7144100
7156000
7168900
7175900
7184800
7202700
7210100
7219200
7235500
7263300
7270700
7275600
7281300
7300800
7308500
7311800
7344900
7347900
7357900
7365100
7379000
7389700
7404000
7415600
7424300
7431600
7438100
7459500
7475100
7484800
7498600
7505000
7510400
7517300
7529200
7542500
7563400
7567800
7576300
7599200
7603700
7627000
7635700
7644200
7664600
7671600
7687400
7692700
7700800
7705300
7714500
7722700
7736800
7756200
7766000
7783900
7790600
7800600
7805700
7817100
7844100
7851200
7870500
7877400
7883600
7889700
7899000
7910600
7913100
7938900
7943800
7950000
7955400
7968800
7973000
7975400
8005300
8017200
8023800
8057000
8079000
8085500
8095200
8099900
8105400
8107800
8118200
8132300
8141900
8155700
8173800
8198000
8202100
8208800
8220200
8225800
8232600
8240800
8251400
8254900
8257400
8272100
8277400
8302500
8306100
8312700
8324600
8329600
8342000
8351000
8359500
8371600
8380400
8395300
8406500
8421500
8432000
8457500
8470600
8478500
8508000
8510900
8522800
8543800
8559700
8566700
8587500
8592500
8610200
8616700
8626900
8645800
8656600
8668300
8679700
8688000
8697000
8705700
8710600
8717100
8739500
8750300
8760700
8774800
8785700
8796900
8816100
8836500
8847500
8862400
8871100
8876300
8889100
8923900
8931300
8945600
8961200
8983300
8989100
9006100
9012800
9038300
9041500
9056200
9071100
9084700
9087400
9105400
9126700
9132200
9145600
9177600
9182200
9189800
9199500
9208400
9220000
9225500
9230600
9239700
9255200
9264800
9275700
9285900
9299300
9310600
9362000
9367900
9373600
9389700
9395300
9399200
9408000
9410900
9425200
9447300
9455400
9459400
9466000
9491100
9497900
9505900
9524900
9552500
9563700
9585500
9601500
9611000
9632100
9648600
9652300
9654600
9661900
9683000
9703600
9712100
9720000
9741400
9743900
9759200
9768300
9773900
9784800
9796400
9802000
9804400
9818200
9821600
9824800
9833400
9837800
9844400
9858600
9866500
9877100
9884400
9906000
9912300
9923100
9935400
9954200
9967300
9970400
9974500
9985100
9999900


