# repro call number: 0
# mode: 3
# signal: 2
# carrier freq (kHz): 5
# stimulus length (msec): 1000
# pause between stimuli (msec): 700
# length of ramp (usec): 1000
# desired firing rate (Hz): 100
# standard deviation (dB): 6
# cut-off frequency (Hz): 400
# repetition number: 0
# duration (msec): 1000
# intensity (dB): 43.6
5700
8100
13200
20200
22500
25100
28500
35700
42500
63900
78500
83500
97400
105700
110800
113900
122600
125800
141400
148500
155400
170400
178800
195300
201900
204600
210500
216000
230900
242800
245400
250500
257300
275500
287200
291200
298900
309200
314200
318500
322400
327000
343700
349500
358200
362000
373800
380700
385500
403900
410900
414100
420800
429600
435600
440500
448300
471600
479000
486800
493400
500600
507100
515400
521600
529100
532700
535900
539300
545800
556300
559800
568600
572500
575300
597200
601100
606300
615300
620100
626800
646600
655000
660300
669000
672400
679700
685900
703200
709100
717400
724100
729900
735900
741400
758000
768800
774600
784100
790400
796000
799700
811700
816600
822700
835500
839000
850200
864000
869100
875100
882800
891100
908200
914200
921600
927800
946400
964500
967200
977600
991100
1015100
1023500
1027900
1033100
1056300
1065900
1085300
1090500
1094800
1100200
1134200
1137800
1146900
1152300
1164000
1177100
1181400
1185300
1198000
1204200
1215800
1237000
1254900
1262600
1265300
1271100
1284500
1296700
1307500
1318000
1326600
1332800
1349700
1370000
1374800
1377300
1381700
1386700
1397500
1408000
1412600
1419900
1434700
1442200
1450400
1467600
1472600
1478400
1488800
1493200
1503100
1508900
1519800
1522800
1543700
1547800
1556400
1571100
1579000
1588700
1598300
1604200
1607300
1622900
1627400
1631100
1636600
1643400
1646600
1653700
1658900
1664100
1671000
1680700
1690900
1695400
1703100
1712000
1716400
1722400
1729400
1733400
1747000
1762400
1769900
1773400
1778900
1787800
1792500
1804600
1820900
1839600
1843600
1850200
1868900
1878000
1891600
1895400
1904700
1923200
1925400
1933400
1938100
1945900
1951500
1963200
1966100
1969900
1982200
2003100
2006000
2018500
2021300
2028700
2037100
2053300
2056200
2063000
2069300
2074900
2122100
2133200
2138300
2147100
2157300
2170100
2172500
2194400
2207000
2209700
2212600
2225500
2238700
2250200
2252800
2261700
2293400
2298100
2301000
2317800
2327700
2338800
2341900
2349700
2357000
2362900
2375400
2401600
2407500
2412200
2422400
2431500
2434600
2439500
2450000
2453200
2460000
2467100
2473800
2489400
2495000
2497800
2500500
2507300
2513200
2517000
2530400
2539600
2551200
2570000
2575200
2596200
2611400
2616500
2630900
2637100
2647300
2653700
2660800
2673000
2689300
2710000
2714200
2722500
2726200
2734200
2745000
2749400
2753300
2770400
2774000
2776500
2784700
2793800
2797400
2803700
2814600
2824900
2832600
2838300
2843600
2853500
2859200
2862700
2867700
2875200
2879700
2890900
2906900
2919300
2925700
2935700
2940100
2946400
2957700
2962600
2995700
2998600
3004300
3015200
3036600
3041400
3047500
3051600
3054200
3064000
3092700
3095900
3116300
3132900
3137500
3168800
3176800
3180300
3188200
3194200
3197000
3203100
3211900
3216400
3231200
3241100
3243900
3247000
3251900
3261900
3271000
3277800
3292000
3295400
3310100
3312900
3317700
3325600
3333400
3342800
3348900
3368300
3374400
3387400
3397500
3405600
3420400
3433000
3456000
3466100
3473200
3483200
3496600
3501700
3519700
3530400
3551300
3557900
3562000
3568400
3592500
3608900
3612600
3623500
3626500
3642500
3647200
3649900
3678200
3682100
3702600
3712800
3718800
3722100
3726800
3737400
3742100
3761500
3779500
3783600
3790100
3803400
3816200
3822100
3829000
3836600
3839800
3846400
3850800
3863100
3869100
3873400
3879000
3883700
3888700
3896100
3899000
3910000
3913700
3951200
3957400
3967200
3970400
3975100
3985500
3991900
4004200
4027600
4029900
4068600
4088000
4097000
4104200
4110400
4116800
4122700
4133300
4136600
4144300
4148200
4150800
4158200
4168000
4170600
4181500
4191700
4195800
4203800
4211300
4222600
4228600
4245900
4258200
4265900
4274100
4284000
4294700
4300200
4311100
4329900
4343800
4348300
4359200
4366000
4375900
4388700
4395000
4419600
4428700
4433600
4439200
4443600
4453400
4462700
4466300
4481400
4486200
4492900
4504300
4508500
4518700
4524700
4538600
4543400
4558800
4568800
4574800
4586000
4590000
4596100
4624600
4637300
4644600
4663900
4671200
4675200
4680100
4682900
4688800
4694400
4699900
4703500
4711200
4715100
4719300
4729200
4735000
4739100
4743800
4747800
4757300
4761400
4774200
4779900
4794900
4836000
4864500
4869300
4881300
4886400
4889100
4891800
4899000
4911100
4927000
4936500
4946700
4953900
4956700
4964400
4978100
4990100
4995200
5013700
5018500
5036600
5043600
5049200
5053600
5067500
5073100
5082900
5094900
5099800
5115500
5129900
5133800
5144200
5160900
5173300
5179200
5186400
5196100
5214300
5218000
5222700
5241900
5246500
5257200
5262400
5273200
5276200
5281200
5294500
5300200
5322300
5332600
5336200
5340300
5350200
5360400
5364500
5391800
5400000
5402800
5413300
5430800
5436200
5439900
5447500
5455900
5480400
5488100
5495500
5515900
5519900
5530100
5541600
5556300
5560300
5566000
5583400
5587400
5592600
5600100
5605600
5616600
5621300
5631200
5635400
5647300
5651200
5654900
5664200
5678600
5685300
5690700
5703300
5709500
5720500
5730800
5735700
5740600
5745100
5751900
5763600
5771100
5783600
5792200
5806600
5817700
5827600
5836300
5863000
5877300
5899100
5902300
5920300
5925700
5934100
5938400
5960100
5970600
5978200
5987600
5998000
6000900
6006700
6013100
6019700
6024000
6027700
6035100
6040700
6046400
6056800
6065900
6069800
6081600
6088200
6094200
6100600
6103200
6107600
6139200
6144100
6151300
6155300
6161700
6171400
6175400
6181800
6193000
6204100
6207300
6212000
6236200
6241500
6260900
6272800
6282400
6299500
6322300
6326300
6336500
6341800
6348800
6364900
6370300
6383800
6387400
6407400
6418300
6428600
6434500
6448400
6469200
6477000
6480200
6493300
6503300
6507000
6513700
6524200
6527900
6534100
6540500
6553000
6557500
6583700
6588000
6594900
6613900
6626300
6635600
6643900
6650200
6658500
6665900
6668900
6672200
6685800
6692800
6703300
6708800
6713700
6721100
6738300
6744200
6757600
6765000
6768000
6774800
6785000
6790000
6793700
6798600
6810800
6819400
6832700
6836100
6845400
6851900
6859200
6864400
6874400
6878800
6887200
6900000
6907700
6915700
6928000
6931200
6951700
6955700
6960900
6972400
6976700
6992200
6999400
7005100
7009700
7020400
7030000
7042600
7056200
7064600
7069100
7084500
7103900
7108000
7113700
7118900
7121500
7124600
7132500
7151700
7158500
7165000
7177400
7204900
7210800
7222800
7228100
7245400
7250300
7256200
7262700
7266400
7274300
7281000
7285300
7297300
7305200
7310300
7318300
7327200
7332000
7340100
7346000
7353100
7364500
7375500
7387100
7389900
7397000
7412500
7423000
7431400
7434500
7438200
7452000
7462300
7466500
7474400
7477500
7492800
7495900
7502800
7508900
7512300
7516700
7521200
7535600
7539400
7543600
7552400
7557500
7578400
7586400
7591200
7604300
7609200
7614700
7620300
7628000
7638700
7659700
7666100
7670000
7676100
7679000
7704300
7707500
7710200
7724100
7730800
7733900
7742600
7750000
7762200
7766600
7779300
7784000
7786900
7792800
7804200
7808100
7812000
7821400
7824900
7830700
7836700
7845700
7858000
7868100
7878800
7886800
7892500
7901900
7926900
7929800
7933800
7948300
7974500
7976900
7985700
8006800
8012700
8024600
8046600
8064000
8068400
8081500
8095100
8102200
8107300
8116200
8120500
8125500
8130600
8145900
8151200
8164300
8174000
8181500
8185500
8206500
8211700
8222300
8257000
8261500
8279500
8287100
8302500
8309400
8315500
8318700
8329100
8336500
8345800
8354200
8359100
8365600
8376400
8382500
8386800
8399800
8413300
8422900
8427100
8436000
8440100
8444200
8455600
8470000
8481100
8484600
8489300
8498000
8509900
8515300
8531500
8552700
8570600
8575100
8583600
8588300
8594600
8610400
8616000
8622000
8629700
8636000
8638700
8659700
8676400
8682400
8711100
8720900
8735700
8747400
8754200
8769800
8785500
8793100
8798000
8800900
8806800
8834500
8841100
8854800
8858800
8866400
8871200
8879000
8890300
8909600
8914800
8917500
8923000
8926100
8935100
8938100
8944200
8950200
8955000
8960600
8968100
8975000
8978700
8985900
8994000
9008100
9017600
9022400
9025900
9033500
9071800
9075900
9080800
9083700
9100100
9104200
9111900
9115600
9135300
9160500
9174700
9182400
9197000
9205900
9210100
9223000
9228700
9233500
9236300
9242500
9254400
9259600
9264100
9268400
9271800
9279100
9291300
9296300
9301100
9305200
9338800
9345800
9354300
9361600
9365400
9369400
9377300
9382000
9399700
9404200
9415300
9428500
9438500
9449600
9458900
9463600
9470000
9481100
9485700
9512800
9517500
9538600
9561500
9567700
9572200
9574900
9586100
9608200
9622000
9642400
9644800
9655400
9661900
9665700
9681700
9690200
9694700
9706200
9713000
9717300
9721700
9726000
9739400
9750900
9756900
9763100
9773800
9779800
9783500
9802900
9831800
9836200
9842500
9850800
9863200
9871200
9876400
9880500
9894600
9909000
9913900
9924800
9928900
9934100
9943200
9957200
9966500
9971100
9990100
9995500


