# repro call number: 0
# mode: 3
# signal: 2
# stimulus file: /extra/setup/oel/stimuli/receptorInfo/gauss_st6_co800.dat
# carrier freq (kHz): 3.5
# stimulus length (msec): 1000
# pause between stimuli (msec): 700
# length of ramp (usec): 1000
# desired firing rate (Hz): 100
# standard deviation (dB): 6
# cut-off frequency (Hz): 800
# repetition number: 0
# duration (msec): 1000
# intensity (dB): 92.5
4500
6200
10000
12000
14600
19300
25600
27700
34600
40500
45500
66100
69700
77500
83300
95200
103400
105200
120700
125400
137100
144300
149800
158600
160700
162600
182400
189700
197700
203200
209100
225000
239300
259400
264900
274400
286300
293500
304800
314100
327100
331600
340100
345400
354100
356100
368300
378400
393600
402400
408500
414300
416300
429800
439400
445100
448100
455300
481600
487100
491600
522900
527400
532700
538900
564600
567200
571100
582500
587400
589800
603800
607800
613100
616400
634200
642100
647600
660800
665700
685100
687300
689500
700900
704400
713200
718800
724100
734100
738200
749200
756300
779200
793500
801700
810700
814800
819500
831700
841500
848200
853300
879200
891300
910500
919300
922200
931000
939700
943100
945000
950800
961400
971000
985900
991400
1005600
1008700
1027900
1032800
1040500
1046200
1048300
1056800
1072800
1078200
1087000
1093500
1107800
1124700
1136300
1145800
1159400
1162800
1172300
1178800
1188000
1212800
1215900
1218100
1226400
1239700
1243900
1255300
1260800
1266700
1269000
1283800
1292500
1294900
1298200
1302800
1304600
1314000
1328800
1336200
1340700
1348700
1357200
1363900
1370500
1381000
1390400
1395000
1401300
1431000
1438700
1440600
1453200
1458800
1466900
1471100
1483200
1490800
1504700
1514200
1518400
1529800
1533200
1539400
1541200
1543700
1546700
1563800
1567600
1574400
1584900
1591200
1595700
1604700
1617100
1625900
1641300
1643600
1667200
1674200
1683300
1689700
1707100
1714800
1719600
1728400
1736900
1750600
1754500
1778000
1792200
1796100
1800000
1809300
1820000
1828700
1833500
1837700
1843600
1856300
1870400
1872300
1877100
1887500
1896700
1902300
1919000
1927100
1940800
1946400
1954900
1965300
1967300
1981000
1985900
1992700
2002600
2007600
2014100
2026000
2041300
2063700
2071200
2075300
2082100
2087400
2097800
2107400
2125600
2132100
2137100
2145100
2153300
2161000
2170700
2174000
2178500
2198100
2201300
2208800
2221300
2237800
2243600
2248400
2251700
2265500
2279700
2298300
2301400
2304600
2320800
2341100
2351400
2365800
2380700
2386500
2392000
2395700
2411300
2415500
2419600
2421700
2445600
2449000
2465400
2467400
2477700
2484600
2498200
2504700
2509000
2525300
2533300
2538900
2544500
2548800
2558300
2564700
2584700
2604600
2620300
2624200
2636100
2641300
2658700
2663500
2678600
2685400
2694700
2706100
2720800
2727000
2728900
2741700
2746900
2750200
2755100
2763200
2768100
2796100
2806200
2814900
2817400
2831700
2846300
2849900
2867300
2887400
2894200
2906900
2918000
2934500
2941600
2946900
2957000
2966300
2991800
3004300
3006800
3011800
3021100
3025200
3039400
3056700
3063000
3066100
3070500
3078700
3090900
3095200
3108600
3116400
3127300
3132300
3135500
3151400
3160600
3163300
3170000
3191400
3193900
3197200
3215600
3222000
3233000
3248900
3263400
3268400
3278900
3293500
3298700
3302400
3309100
3313900
3318200
3326800
3334900
3345200
3352600
3354600
3372400
3376400
3390000
3417100
3426100
3442200
3452700
3456200
3467300
3481500
3498000
3510000
3513800
3522200
3525900
3534500
3539700
3553000
3561300
3584300
3592000
3594900
3611100
3616400
3623200
3641600
3643800
3652000
3657000
3661200
3672800
3676700
3693200
3703700
3707000
3717900
3725100
3733300
3738000
3741000
3745300
3752600
3757800
3774200
3778600
3790800
3795900
3810100
3840300
3845700
3850600
3862100
3871400
3888800
3902800
3907900
3913300
3917600
3932900
3936700
3956400
3968200
3974300
3986100
3995200
4007000
4013500
4031200
4036800
4044100
4055400
4063000
4069400
4076200
4080900
4087200
4100800
4113400
4117400
4122600
4137300
4141400
4149400
4156700
4158700
4176600
4186500
4190500
4199500
4212000
4226400
4228700
4230800
4237600
4252000
4257900
4263300
4270400
4281900
4292800
4297500
4307900
4319200
4340000
4342800
4350800
4363900
4370300
4374200
4391800
4400600
4412900
4439500
4443500
4446800
4454300
4460400
4462300
4469200
4478100
4485100
4506700
4513000
4518300
4525400
4538500
4549500
4554700
4568300
4578500
4596600
4598900
4606800
4622300
4636300
4638300
4647000
4651000
4653900
4660200
4678700
4692400
4697700
4713300
4726800
4732000
4746800
4761900
4768700
4779400
4789800
4798900
4806700
4818800
4823000
4839700
4842800
4857000
4885200
4893900
4898600
4907600
4910700
4920000
4931400
4934900
4941100
4955600
4983900
4989000
4992300
5010200
5015600
5032500
5052400
5058300
5062700
5072800
5082000
5093700
5105800
5113100
5117900
5123600
5131000
5136600
5153700
5156900
5160400
5173700
5182800
5185100
5200100
5207400
5214800
5223600
5244800
5259900
5270900
5273700
5276800
5288800
5293400
5297400
5302600
5314400
5324200
5345100
5350800
5359100
5366800
5368600
5378300
5390200
5399500
5416500
5432400
5452200
5462500
5466800
5479500
5488100
5490500
5496100
5502500
5504600
5513500
5516400
5538600
5541900
5549400
5558200
5561500
5572200
5586300
5595300
5605400
5617000
5631400
5642700
5651000
5660400
5663100
5673100
5688900
5691700
5699300
5703100
5723200
5726000
5739100
5745700
5760200
5766600
5774300
5796100
5800200
5804000
5811600
5820800
5826400
5834400
5848900
5859900
5871000
5879200
5891600
5895100
5902700
5930400
5944600
5951200
5965600
5977000
5983500
5988400
5995700
6008900
6015700
6022800
6024800
6036900
6042300
6049700
6056100
6068800
6078300
6091700
6096800
6099100
6110800
6119200
6128100
6148700
6152000
6156900
6179800
6191300
6200300
6202200
6217400
6222200
6226400
6232900
6235800
6255100
6266400
6277200
6280600
6285100
6297000
6302600
6307700
6312900
6315900
6322200
6330400
6347100
6360300
6362100
6386900
6392900
6400900
6412000
6423600
6443600
6452300
6460700
6464700
6475700
6482000
6497500
6500800
6506700
6523200
6530400
6538100
6549800
6553000
6557600
6565700
6572200
6575700
6580300
6588200
6592400
6614800
6625300
6628700
6639600
6651900
6667000
6670900
6679800
6683900
6687200
6695900
6705400
6716000
6729600
6747000
6748800
6756300
6758900
6767400
6774600
6780400
6783700
6809200
6814100
6825100
6831800
6855800
6867900
6877800
6891900
6897100
6906600
6913800
6916800
6923700
6936100
6969900
6974300
6982200
6984600
6987400
6992700
7009800
7013900
7034900
7052500
7059600
7065200
7068800
7074400
7080900
7100400
7105500
7111100
7127800
7142300
7151500
7159900
7170700
7177700
7185700
7202000
7209000
7219800
7224800
7243200
7250400
7256900
7261400
7272900
7302000
7305100
7312800
7326800
7329400
7345700
7350400
7355400
7364400
7381500
7384700
7394500
7400500
7404900
7430100
7445100
7453100
7464900
7474700
7477900
7484800
7500800
7528100
7533900
7542300
7550500
7556300
7568400
7571600
7587800
7597000
7608300
7618400
7621500
7649500
7660600
7680500
7687800
7694900
7697100
7709000
7714500
7731300
7734500
7740500
7751500
7755900
7766900
7769300
7776800
7786000
7800900
7810300
7824200
7843400
7854600
7856600
7871600
7877000
7891900
7904300
7908300
7922400
7926400
7937300
7940600
7943900
7950500
7953400
7957300
7973100
7980000
7983600
7994200
8007600
8024200
8031300
8036900
8047500
8053500
8060100
8070500
8073700
8084700
8105400
8110300
8114500
8124500
8130100
8137600
8149400
8156000
8161000
8166700
8173900
8189700
8207200
8212300
8221900
8233300
8238000
8250800
8261200
8275500
8287200
8294300
8304100
8312000
8320700
8333600
8342500
8349000
8359200
8368900
8382600
8386000
8399300
8406800
8416800
8420700
8430600
8445400
8451600
8462600
8467000
8486200
8497400
8500000
8502200
8505400
8534700
8554200
8562400
8572400
8574600
8585100
8592900
8599700
8612200
8627600
8644100
8653000
8663700
8666500
8687200
8690400
8703200
8707100
8719700
8732800
8734600
8750400
8773000
8788000
8799400
8815000
8836200
8849600
8854000
8860900
8871500
8878400
8886300
8901800
8910000
8917400
8922400
8927400
8929600
8940600
8945800
8955200
8968200
8978600
8988400
9000600
9011300
9013800
9020900
9035700
9045100
9061400
9068500
9073900
9088700
9094400
9113800
9129600
9142800
9146500
9170100
9178400
9182300
9188000
9204800
9219200
9223200
9233300
9238900
9248200
9258300
9272100
9289100
9291800
9299300
9318500
9323500
9331200
9337300
9356700
9363000
9379400
9384000
9398900
9410400
9417700
9422700
9439700
9446400
9450700
9455200
9458500
9469400
9475200
9484200
9497200
9510400
9513000
9523500
9531600
9542900
9560100
9575900
9580200
9591400
9602800
9613200
9623900
9631000
9635000
9652800
9662200
9665900
9676000
9679100
9687300
9699900
9712000
9724000
9739000
9750700
9769200
9781000
9789800
9792400
9805900
9811900
9828000
9848700
9854600
9866100
9882000
9899300
9907600
9911300
9922500
9931500
9934200
9952300
9960000
9973900
9980200
9985500
10002500


