# repro call number: 0
# mode: 3
# signal: 1
# stimulus file: /extra/setup/oel/stimuli/receptorInfo/gauss_st6_co200.dat
# carrier freq (kHz): 3.5
# stimulus length (msec): 1000
# pause between stimuli (msec): 700
# length of ramp (usec): 1000
# desired firing rate (Hz): 100
# standard deviation (dB): 6
# cut-off frequency (Hz): 200
# repetition number: 0
# duration (msec): 1000
# intensity (dB): 94.3478
4000
5900
12000
21900
23900
27100
34900
44100
50200
57600
60100
65300
77600
79600
84600
90100
100900
126100
133500
142400
143900
145600
155100
180400
196500
198500
208500
215000
217100
235500
242000
256800
266700
283000
301300
303500
310500
334500
342000
349600
351400
359300
360900
366400
368100
370500
384600
394500
396200
402200
415500
417300
425300
427000
453600
458900
460700
472700
477300
479100
485900
494500
496600
501000
527600
534500
546300
552600
554500
556400
561100
562900
581600
589300
593200
603400
610300
612600
614800
624400
629900
632200
649500
658600
670200
673000
675200
679600
681500
687500
702000
713800
715600
721700
738100
739800
741900
756700
768000
788000
789700
791700
799000
811100
832400
846400
854900
856700
863600
865500
890700
901000
902700
926500
934900
936600
955700
957600
964500
970100
977000
984700
1000300
1021800
1027700
1063100
1077400
1079200
1085400
1092600
1123500
1149700
1151900
1156100
1173800
1189400
1196000
1208800
1221400
1232400
1239200
1242100
1243800
1253400
1255100
1271800
1287800
1289600
1293700
1295500
1309000
1311100
1313600
1336600
1343300
1362000
1380900
1390300
1392100
1396500
1409500
1411400
1417400
1428600
1448900
1464700
1475600
1477400
1485100
1487000
1529500
1546600
1552600
1590100
1591700
1593700
1613000
1625100
1636600
1638300
1640100
1655000
1659400
1661500
1668700
1676600
1692900
1702900
1704800
1719400
1733700
1740200
1741900
1754400
1756500
1812100
1824300
1831400
1840800
1852800
1874900
1888600
1896800
1912300
1931900
1933600
1947600
1958300
1968500
1970600
2013200
2014800
2016400
2031100
2032900
2055500
2065000
2070600
2076100
2081000
2082900
2097300
2107600
2112100
2113800
2132000
2133700
2135800
2168300
2180500
2209700
2228900
2239000
2254200
2263200
2265500
2275300
2278500
2280200
2291300
2300600
2324600
2338200
2343600
2368100
2369900
2374600
2380600
2398900
2400800
2410200
2430900
2432900
2439900
2457000
2478700
2489700
2495900
2497900
2509000
2519800
2524700
2526500
2560500
2576900
2586100
2588300
2591300
2593200
2597700
2610200
2612400
2623400
2625700
2637200
2646800
2659800
2695100
2696900
2698700
2722000
2736900
2738800
2748100
2754700
2766100
2768200
2773500
2794400
2806200
2815300
2821700
2823500
2835600
2839600
2841500
2846500
2857300
2874800
2893800
2911600
2930200
2935000
2937600
2939400
2945200
2954300
2957800
2981200
2996800
3012200
3024100
3026500
3043300
3053300
3062900
3086900
3088700
3099400
3110300
3132400
3161600
3163400
3185000
3186700
3197600
3210500
3212400
3228100
3233000
3245500
3257100
3269100
3287300
3320100
3336500
3348700
3366900
3372900
3382100
3389700
3398700
3421100
3428800
3447900
3452900
3455300
3468100
3473900
3480200
3491400
3493200
3506400
3511800
3535100
3536700
3550800
3552700
3568200
3577800
3594000
3608400
3618100
3640300
3647400
3670100
3684400
3686100
3712200
3726700
3743000
3747800
3753200
3769700
3784700
3800800
3806000
3807800
3817900
3833300
3835400
3841400
3875500
3888600
3897600
3913300
3918300
3953400
3972200
3981900
3989000
4003000
4004800
4009100
4042000
4062000
4063700
4065300
4074500
4082400
4085700
4087500
4095300
4130600
4167800
4173700
4188400
4190300
4202100
4215000
4222400
4225100
4227100
4231300
4236500
4248000
4249900
4261700
4290900
4295800
4297700
4302500
4312600
4314400
4322900
4346400
4389800
4391800
4404800
4423500
4428400
4444100
4445800
4451600
4467200
4483500
4488100
4504900
4506700
4522000
4532500
4537700
4543200
4555100
4557100
4562100
4597200
4638200
4648200
4660600
4669300
4685400
4711900
4713900
4726200
4737500
4739300
4758200
4789500
4794200
4800200
4806000
4807900
4820600
4848000
4870500
4880100
4881800
4898000
4900000
4908400
4922500
4924500
4930600
4970300
4981200
4987400
4994100
4999200
5000900
5015800
5021500
5030400
5032500
5055700
5057600
5059600
5071100
5085100
5087000
5090800
5092700
5109300
5111400
5128800
5135800
5142300
5154400
5164300
5171300
5180500
5203300
5209300
5214900
5221500
5241700
5254800
5263600
5275200
5283300
5292200
5323300
5346000
5361800
5363500
5369400
5383800
5393800
5419200
5431200
5435900
5437700
5446400
5451500
5457500
5467700
5474600
5479900
5494000
5510500
5516800
5526600
5528400
5557800
5566200
5574500
5576400
5619300
5627600
5641700
5651600
5653800
5659800
5677600
5686000
5688700
5702100
5703900
5729600
5736200
5748600
5753300
5755200
5761200
5768600
5770400
5799000
5806000
5808300
5830900
5833000
5841500
5846900
5848700
5859300
5870100
5882500
5896900
5913900
5919800
5924600
5936000
5958500
6005100
6028300
6034000
6053300
6064300
6070700
6092900
6094500
6106800
6118900
6146700
6159100
6187900
6190100
6197400
6203700
6206100
6217900
6219600
6245800
6267200
6271800
6273600
6293700
6310800
6312500
6333100
6334900
6347100
6385100
6399300
6414900
6424800
6434800
6440800
6450900
6464200
6469600
6471400
6476100
6502200
6504600
6541000
6554600
6556500
6568000
6576000
6581600
6595600
6612000
6631900
6633600
6641600
6657100
6686700
6708100
6718200
6731500
6750600
6762300
6764100
6779700
6784900
6786700
6793400
6795600
6812200
6831700
6837000
6838800
6848800
6851200
6869200
6871100
6876400
6893000
6894800
6906400
6928900
6939000
6958000
6978700
7003500
7006900
7014300
7020700
7062300
7067500
7073400
7117300
7138800
7150700
7156300
7170200
7172600
7190700
7228500
7235400
7242000
7248300
7256800
7298800
7305400
7323200
7334300
7339600
7344800
7350000
7360600
7362500
7369200
7371200
7388100
7417200
7426600
7448200
7458800
7464200
7471000
7478400
7485100
7496400
7502500
7512700
7517900
7524000
7533200
7539000
7545300
7551400
7556400
7562700
7564900
7576000
7590100
7591900
7597400
7618600
7626000
7638900
7663400
7679900
7686000
7698600
7705100
7707100
7712600
7714600
7724700
7744200
7752900
7780200
7784200
7789600
7820800
7827200
7857500
7859400
7862100
7864100
7869500
7899600
7906300
7914900
7920700
7930900
7941300
7964800
7982000
8012500
8014300
8022400
8024100
8051200
8072200
8080400
8087500
8089300
8100800
8117500
8137300
8149700
8158400
8167900
8174100
8194100
8203800
8206100
8226000
8228300
8239500
8244700
8271300
8291300
8293000
8294700
8302800
8306400
8308100
8323300
8344300
8356300
8358300
8383100
8393700
8415300
8456300
8477000
8482500
8484700
8495800
8497600
8499500
8503900
8521800
8556500
8567100
8589200
8590900
8611000
8622900
8636300
8657100
8664200
8666200
8677800
8679900
8690100
8711800
8722800
8730600
8742300
8748900
8750900
8763300
8779500
8781300
8821500
8823300
8825100
8851000
8864300
8870200
8915300
8921300
8927500
8934100
8943200
8957100
8961700
8969000
8995200
8997000
9003100
9004900
9016500
9030600
9046500
9048200
9063700
9067500
9069400
9079900
9106500
9114800
9116900
9132300
9175300
9179400
9181400
9195300
9197700
9205400
9212200
9233200
9235000
9247200
9249200
9255500
9263500
9273300
9284800
9296300
9305100
9306800
9308700
9337200
9347100
9367700
9388900
9394800
9406100
9418900
9420800
9436000
9448700
9451100
9460900
9462800
9475400
9477500
9496800
9519600
9531000
9539400
9562200
9576400
9586000
9596200
9610300
9616000
9617900
9627400
9642100
9644200
9662900
9684200
9691600
9706700
9726700
9728700
9738800
9753700
9765400
9776600
9792600
9820200
9822200
9847800
9856600
9872300
9874700
9895700
9910000
9920700
9925500
9933400
9942400
9944200
9954400
9962900
9974800
9976400
9978400
9996400
9998300


