# repro call number: 0
# mode: 3
# signal: 1
# stimulus file: /extra/setup/oel/stimuli/receptorInfo/gauss_st6_co200.dat
# carrier freq (kHz): 5
# stimulus length (msec): 1000
# pause between stimuli (msec): 700
# length of ramp (usec): 1000
# desired firing rate (Hz): 100
# standard deviation (dB): 6
# cut-off frequency (Hz): 200
# repetition number: 0
# duration (msec): 1000
# intensity (dB): 73.75
6700
9200
12300
14900
18100
20500
23400
26200
28700
31100
38200
41000
48300
51600
54200
60100
63700
68700
80200
83000
86400
89400
93200
105500
118400
130600
136000
146200
148800
157700
172300
182500
187200
190200
198400
201400
204200
209900
213800
217500
220300
228800
245800
254900
259500
264900
269200
277100
286000
299900
302700
305900
312700
337100
343500
346400
350200
353200
362700
369000
372300
375400
385600
397600
400400
403500
412400
419000
428000
436800
440900
450800
457000
461400
464600
474200
480200
488800
491700
496800
499700
503600
514600
529900
538900
548700
554900
557800
564600
579500
585100
588300
595000
600100
606600
611900
614900
626500
629600
660100
672600
675500
678500
683000
689600
693000
704500
716700
724400
730900
741500
754900
759400
770800
778400
791300
801200
814000
828800
835200
850000
857500
865000
882900
893200
903900
926100
930400
937600
958800
967600
973600
979300
987400
1003000
1007900
1024400
1030600
1046800
1058000
1065900
1073500
1080600
1088300
1095700
1145000
1152500
1160600
1177600
1186000
1190100
1198400
1206300
1212000
1221700
1234600
1240400
1246000
1256200
1268000
1277000
1285400
1290700
1296600
1304000
1312100
1324600
1339700
1345600
1365600
1378800
1393700
1399600
1403500
1411700
1419300
1432200
1451500
1467200
1478300
1487700
1500200
1513100
1543500
1552500
1581000
1588300
1593200
1610000
1616400
1627600
1635200
1639500
1651300
1657100
1671300
1679400
1683200
1694000
1700800
1705900
1722200
1734500
1738300
1742900
1757000
1769400
1780400
1814700
1827200
1834000
1841600
1855900
1864800
1870400
1879000
1885100
1891500
1902100
1915400
1935400
1950500
1961400
1971100
2001800
2016600
2023800
2030800
2034700
2052400
2068400
2072700
2079800
2084100
2100200
2105200
2109800
2115900
2135600
2156800
2163400
2171500
2177400
2183100
2192200
2213000
2224400
2237400
2246800
2256900
2266500
2278000
2294500
2302100
2306200
2313300
2319600
2346800
2357700
2371700
2377100
2383500
2402400
2413000
2422700
2434500
2442100
2454500
2460900
2480600
2493000
2499500
2512000
2518400
2527400
2539700
2563400
2573500
2589100
2594100
2601000
2607000
2613900
2627000
2632500
2638900
2649600
2658700
2663200
2674700
2680800
2697100
2740000
2751300
2757600
2769500
2776600
2797900
2809100
2817200
2824000
2832500
2839500
2849400
2860400
2870900
2878700
2886800
2898400
2914700
2926200
2932800
2938300
2947500
2958000
2971200
2983400
2993700
3015000
3027300
3037800
3044500
3056300
3067700
3075200
3090300
3098000
3104100
3115600
3121800
3134400
3164500
3172000
3184500
3196100
3201400
3212500
3229900
3236200
3248700
3262200
3271200
3275700
3291000
3296900
3340200
3351100
3361500
3368400
3385200
3398000
3404400
3424000
3430800
3451200
3456100
3466400
3471300
3477100
3483900
3490100
3494700
3507500
3515900
3539300
3545100
3553800
3567800
3579500
3588900
3595900
3608700
3620800
3643900
3649600
3658800
3673100
3681200
3687700
3711400
3721800
3746100
3756000
3768000
3779200
3786700
3803400
3809600
3820500
3834800
3844200
3857100
3862300
3879000
3892000
3899600
3906000
3917000
3921800
3926800
3948900
3957400
3963500
3969500
3975400
3985900
3992600
4003000
4012900
4019600
4045100
4051400
4064900
4073300
4086200
4100200
4104900
4121900
4131600
4157200
4163700
4172200
4176900
4191800
4203100
4214000
4224200
4234300
4239600
4251100
4264100
4282600
4299000
4305200
4316000
4322000
4329200
4349700
4371900
4393700
4401200
4407000
4414700
4426100
4448200
4455500
4464200
4470100
4478600
4490500
4502000
4508600
4524600
4534900
4546400
4557700
4564900
4593500
4600300
4640800
4652100
4664200
4672600
4688600
4705800
4716100
4729100
4740800
4756600
4793400
4803200
4809200
4829800
4835600
4847200
4872100
4883600
4896000
4901400
4910200
4926100
4934000
4967100
4981200
4996700
5002500
5024800
5033300
5052000
5059200
5074500
5082700
5087500
5112000
5138400
5145100
5156800
5173300
5183100
5207100
5212900
5218400
5225400
5243700
5257400
5265300
5277800
5286800
5294600
5302600
5326500
5333600
5348700
5364200
5372200
5388300
5396000
5403200
5421700
5433300
5438800
5450300
5460500
5467400
5472500
5482000
5496500
5513800
5518900
5525400
5531200
5540000
5545600
5560900
5568600
5575600
5599600
5635100
5644900
5651300
5661400
5669400
5679700
5688500
5706100
5711000
5732400
5756200
5764600
5771700
5785600
5801000
5809500
5828400
5834000
5842600
5850900
5862400
5869800
5886000
5917800
5938900
5961700
5987400
6002500
6008500
6016400
6030300
6036900
6051800
6064100
6074100
6095600
6109600
6114700
6123100
6145400
6161800
6182300
6189900
6201900
6207900
6221300
6244300
6256200
6269700
6296600
6313300
6319700
6331200
6337100
6349200
6372500
6395300
6402100
6417200
6438700
6455500
6467700
6473500
6478900
6505200
6524600
6533300
6544000
6549800
6556800
6563400
6572200
6578300
6588100
6598300
6613400
6635400
6642200
6655300
6660600
6687800
6693700
6701400
6711600
6721400
6728200
6754000
6759800
6765900
6778100
6783800
6789100
6801000
6812000
6834000
6840200
6851900
6864000
6872300
6879000
6895800
6910100
6921100
6932100
6940200
6956700
6976800
6982100
6991500
7002500
7007800
7017500
7023000
7029500
7065800
7076300
7091400
7096700
7111600
7137100
7142600
7153100
7161900
7173700
7194300
7203600
7209000
7231500
7237700
7244800
7252000
7281200
7316000
7322900
7337400
7348100
7353400
7359400
7372200
7377600
7390700
7396800
7406800
7420800
7429100
7451200
7467000
7481400
7488200
7500300
7505600
7515300
7521100
7527200
7535500
7541700
7553500
7559700
7565800
7577900
7590500
7621300
7629800
7642100
7660600
7667900
7674300
7688500
7708300
7715100
7729000
7736200
7747800
7754300
7781900
7789000
7820200
7831600
7836500
7857100
7865300
7872400
7885000
7902400
7914300
7929900
7939400
7945500
7957700
7968400
7985000
8015700
8024900
8033500
8048100
8055000
8063000
8083300
8090500
8104600
8120400
8129400
8141300
8153800
8162500
8171000
8177300
8198300
8206100
8229500
8243500
8255500
8275800
8286000
8295800
8305700
8326400
8353800
8359700
8369300
8386100
8414900
8461600
8473800
8480500
8498200
8504600
8513100
8519600
8525700
8534900
8550300
8560600
8570800
8580000
8591700
8598700
8614000
8626500
8640000
8659400
8668300
8680500
8693300
8703900
8714100
8725300
8732800
8745800
8752500
8761800
8773300
8782800
8817300
8824600
8832000
8841100
8862000
8872400
8893100
8920100
8925900
8936900
8946800
8964400
8971500
8988900
8998100
9005500
9019400
9046200
9061900
9067900
9083100
9109100
9115500
9126300
9136900
9149300
9177600
9196500
9205400
9214700
9236200
9250400
9259600
9266900
9276700
9288200
9300700
9309600
9330600
9340200
9349300
9366800
9397700
9408100
9422000
9430000
9437800
9451900
9464000
9477200
9493200
9518200
9533700
9563900
9569500
9579700
9589000
9596600
9613400
9619800
9630900
9645900
9665400
9687300
9694100
9703100
9710800
9730000
9740800
9768200
9781100
9794800
9823800
9848700
9860900
9874900
9884900
9908200
9913800
9924100
9935800
9946000
9957500
9965000
9978800
9999000


