# repro call number: 0
# mode: 3
# signal: 1
# stimulus file: /extra/setup/oel/stimuli/receptorInfo/gauss_st6_co200.dat
# carrier freq (kHz): 3.5
# stimulus length (msec): 1000
# pause between stimuli (msec): 700
# length of ramp (usec): 1000
# desired firing rate (Hz): 100
# standard deviation (dB): 6
# cut-off frequency (Hz): 200
# repetition number: 0
# duration (msec): 1000
# intensity (dB): 82.3684
5200
7800
10600
13100
16600
23700
26400
29200
35900
38900
45800
49700
59200
66400
75000
79400
82200
85500
91700
103600
106800
128100
133800
144000
147200
156500
180900
188800
197300
203900
209000
214100
217900
242600
253600
258900
268100
284100
298100
302300
305000
311500
327700
334700
342900
346000
351700
360900
367800
371900
385000
396300
399200
403100
417000
426300
449600
455700
460400
463400
473600
478900
481700
487400
496300
502100
520400
528000
536300
546500
553800
556800
562800
583300
586800
593600
609700
612900
615700
626200
631100
634800
658500
668200
671200
674000
676800
682200
688500
691400
703900
715800
723100
728200
739800
742800
748100
757700
769400
775700
789800
792900
800500
812100
821700
828100
834700
848800
856700
864200
868000
873500
892200
900200
903600
911900
923900
928100
934600
938200
957000
960300
966600
972200
978600
1001500
1004900
1008900
1023700
1029200
1039500
1054800
1063900
1067900
1072400
1079400
1082400
1086600
1094100
1111300
1124600
1133400
1136500
1143100
1151200
1154500
1157800
1175400
1185000
1190400
1197400
1210700
1221700
1233500
1239400
1243900
1250500
1255500
1266400
1274100
1289100
1292300
1295900
1310900
1314200
1337600
1343500
1355300
1364100
1376900
1383200
1388200
1392200
1399200
1405200
1411900
1415400
1419000
1429900
1445000
1450800
1464900
1477000
1480200
1486800
1510900
1518500
1531300
1542200
1547400
1552500
1580400
1586400
1592000
1595100
1609000
1626300
1634200
1638500
1641400
1655300
1659900
1663100
1670900
1678200
1682800
1691500
1698100
1704900
1714800
1720700
1726800
1735600
1742700
1755500
1768400
1779200
1786200
1798000
1809800
1814200
1825600
1833000
1855000
1868700
1876600
1889000
1898100
1901300
1911400
1914600
1933900
1948700
1959400
1965600
1970600
1994700
2001300
2014700
2017700
2029100
2033900
2045200
2052000
2056900
2066800
2071400
2083200
2098200
2109200
2113900
2117200
2134000
2137100
2160700
2170700
2174200
2181000
2191600
2211400
2231400
2235400
2242000
2245500
2256100
2260600
2265600
2276600
2280600
2283600
2293300
2301600
2313500
2318200
2339800
2345700
2356500
2370100
2376200
2382600
2400500
2404200
2411700
2432900
2441100
2452500
2458900
2480400
2491700
2496900
2501000
2509900
2521200
2526200
2545100
2561800
2573100
2577600
2588000
2593000
2599200
2606800
2612600
2624300
2627700
2638800
2648600
2657000
2661800
2674300
2689300
2696400
2699600
2713600
2738500
2748900
2754500
2768100
2774700
2790600
2795900
2808900
2816400
2822900
2832300
2837100
2841700
2847700
2859200
2864500
2877500
2886000
2890800
2897000
2913600
2925000
2931400
2936600
2939900
2947100
2955500
2960400
2981500
2985800
2996300
3005000
3014100
3025600
3037300
3042400
3054500
3061800
3065700
3082100
3088800
3092300
3097400
3112500
3121400
3132900
3136600
3151700
3163300
3167100
3172000
3187200
3190700
3198600
3211400
3214600
3228600
3235800
3247900
3260300
3269800
3277000
3284100
3289100
3305200
3320700
3338200
3350000
3357600
3367200
3375600
3384200
3390700
3399500
3408600
3422200
3430600
3448800
3455000
3466000
3471100
3476100
3492800
3496300
3505600
3513100
3517400
3537100
3544200
3549100
3553400
3569700
3572900
3579600
3587500
3608800
3619800
3641800
3649400
3661200
3671300
3678400
3686600
3699400
3712000
3729300
3744600
3749000
3754800
3761200
3770600
3783000
3794700
3802200
3807600
3811100
3820300
3835000
3842800
3859600
3877400
3889900
3899000
3902200
3914600
3920900
3931200
3955000
3973300
3984700
3991200
4001200
4005300
4011100
4043000
4050600
4058100
4063100
4066400
4072400
4076400
4083300
4087900
4096100
4116400
4130700
4161500
4167800
4174800
4186600
4191100
4203800
4212400
4217400
4223200
4227100
4231100
4235000
4239600
4250500
4263300
4293400
4297800
4304000
4314100
4320400
4324600
4348500
4367800
4374200
4386200
4391800
4395100
4400900
4406200
4413400
4425400
4430300
4436400
4445900
4453800
4464500
4469300
4485200
4490900
4506500
4524000
4535300
4538700
4544900
4556500
4563600
4589500
4593800
4599600
4625500
4639900
4649800
4663100
4671400
4683700
4697400
4708500
4714200
4728000
4739000
4743000
4748300
4754800
4776400
4789500
4794500
4798100
4802800
4808200
4822500
4850200
4871400
4881400
4899500
4908200
4924300
4932500
4967900
4980200
4986400
4990600
4995300
5000700
5004100
5017200
5023500
5032500
5057200
5060600
5072600
5086100
5089500
5093300
5096700
5111600
5133000
5137800
5144500
5155800
5161100
5165900
5174300
5182900
5205200
5211600
5217800
5223500
5242900
5247300
5256000
5275400
5279000
5285300
5293600
5301800
5324200
5344700
5348400
5362900
5366100
5371400
5385700
5394900
5416300
5421000
5432400
5437400
5452200
5458800
5466600
5475900
5481200
5495700
5512800
5518600
5529000
5532500
5541900
5560200
5567300
5574400
5578700
5621300
5633300
5643600
5647200
5651500
5654800
5678600
5687100
5690500
5704000
5707200
5711600
5730800
5750400
5755200
5762900
5770400
5785800
5792300
5800500
5808900
5826200
5832900
5841900
5849100
5861700
5871400
5884100
5898900
5915800
5922900
5927200
5937700
5950700
5960300
5986000
5993600
6007200
6029100
6035600
6050200
6055100
6063700
6067100
6074200
6088200
6094000
6097400
6108800
6120400
6146100
6160500
6171600
6188600
6191900
6198200
6206200
6219600
6241500
6248100
6255600
6268800
6273200
6277100
6295400
6298700
6302700
6313000
6330500
6335800
6344200
6348700
6370600
6381700
6394700
6400700
6406200
6414600
6425500
6436600
6442300
6465800
6471800
6478100
6504500
6525500
6535200
6543000
6549200
6553100
6556900
6563100
6570500
6577300
6582900
6598100
6612600
6633700
6640900
6654600
6659000
6672600
6687100
6693600
6710700
6720000
6735400
6751900
6764300
6768600
6781300
6787100
6794200
6799000
6809800
6813800
6833000
6838900
6850900
6863100
6871600
6877800
6894000
6897900
6908100
6920800
6930800
6940100
6961500
6976000
6981500
6990400
7000700
7006100
7009600
7016400
7022800
7030000
7063600
7069100
7075200
7102700
7110300
7118500
7127300
7140800
7152200
7157600
7171400
7174800
7192700
7203900
7230000
7235900
7243800
7250400
7255600
7259500
7279700
7295900
7315500
7322600
7341300
7346800
7351300
7362600
7371100
7376200
7388400
7398400
7406200
7409500
7419400
7449300
7465500
7477500
7481600
7487400
7498600
7503700
7514500
7520200
7525400
7533600
7541300
7546600
7552700
7558600
7564700
7577200
7591800
7595300
7600000
7615900
7620600
7628800
7640400
7645900
7665900
7672200
7682800
7688700
7700300
7707000
7713700
7720900
7726700
7746300
7754000
7781900
7786300
7791300
7817000
7822400
7828600
7833100
7855200
7860100
7863500
7866500
7871900
7901200
7912300
7916800
7920900
7933700
7942900
7954700
7966900
7983900
8013800
8017300
8023700
8031300
8046300
8054200
8081700
8089500
8101600
8108200
8114100
8120700
8138100
8142600
8151900
8160400
8169600
8175300
8196100
8205500
8229300
8242600
8246900
8273000
8293400
8297100
8303500
8308300
8324400
8346000
8352100
8358400
8367900
8385100
8388600
8395900
8412900
8417600
8423100
8449300
8458300
8473300
8478200
8484300
8497500
8501000
8505200
8526400
8536800
8545100
8557300
8568400
8574500
8591600
8614300
8624100
8636800
8658000
8666300
8679500
8691500
8701500
8706600
8724300
8731700
8743900
8751300
8764800
8781200
8784900
8815700
8823700
8827100
8831700
8839500
8846600
8866300
8872300
8889100
8894900
8917700
8923600
8929600
8935400
8944600
8963400
8970100
8996600
9004500
9011200
9018600
9048500
9051800
9060300
9066200
9070300
9083200
9102500
9116500
9120700
9134300
9147800
9177300
9181800
9195500
9199100
9206800
9214900
9234000
9237600
9248200
9256800
9265600
9275000
9285500
9292900
9298200
9307100
9310600
9331200
9348300
9368700
9390600
9397000
9407600
9420400
9423900
9434700
9450100
9462300
9465700
9477000
9481300
9493400
9515900
9533300
9557500
9563700
9577800
9586400
9590100
9597900
9611800
9618300
9629100
9644000
9664500
9682800
9691200
9703700
9709900
9728700
9737600
9741300
9757300
9766600
9779100
9794000
9822300
9847300
9858800
9862200
9873600
9877600
9897600
9909600
9913300
9917100
9923100
9927900
9934200
9944500
9955200
9964000
9977000
9980200
9998200


