# OFFOEL
# duration (msec): 1000
# repetition number: 1
7900
10500
13000
18300
21300
23500
25800
34200
44500
47500
58900
61300
63600
75400
78500
80900
83100
85400
96100
99300
102900
105400
117000
120400
128900
131900
136400
138900
142000
150000
152500
155000
171300
174100
180800
183700
192300
195200
211400
213900
217500
225400
228900
244800
267600
272100
283200
286800
289600
294700
297500
300400
302900
313800
317100
320700
327700
336100
341200
349100
354700
362100
373100
376000
383000
385800
406200
409500
424900
430900
433700
436200
438600
453100
457200
465500
486000
488500
490900
520100
523100
534200
553500
556400
577100
590800
605000
607600
611500
665600
669200
680100
693100
696600
717500
720000
722500
729200
746100
748900
758100
762000
772200
792600
804100
826500
854000
886100
899100
918900
921400
978700
982300
1014000
1016500
1029300
1044800
1047300
1049700
1081800
1087100
1103500
1105900
1108100
1118500
1126900
1129500
1138500
1141000
1151700
1164600
1170800
1173300
1176200
1186700
1211700
1214500
1226400
1238900
1248600
1251100
1272800
1276700
1279700
1282300
1298600
1303900
1307300
1310400
1320700
1323900
1333100
1335700
1343400
1346000
1350000
1366900
1370300
1383500
1396500
1399400
1408700
1421600
1425700
1432100
1450800
1463900
1474100
1477000
1485900
1496200
1498900
1510600
1514200
1517100
1543000
1558100
1560900
1574600
1577200
1579600
1583000
1586600
1595500
1598100
1612900
1623900
1636100
1645100
1647800
1667300
1670700
1679400
1684200
1687500
1696200
1699000
1740500
1744700
1747600
1753500
1756800
1766500
1769000
1771800
1787100
1794700
1797500
1805700
1808200
1810800
1827600
1830400
1856900
1859700
1873300
1890100
1898300
1901200
1909200
1912400
1922400
1953400
1958600
1961400
1976200
1999000
2001900
2010200
2022200
2033300
2062100
2065100
2096300
2114300
2128500
2131100
2149900
2173500
2185400
2188400
2218200
2241000
2271300
2282100
2292100
2309000
2311400
2314100
2323000
2325800
2343600
2346700
2364900
2392100
2394700
2438800
2441400
2516200
2526100
2529100
2542500
2554200
2580900
2590400
2602300
2625700
2628300
2630900
2641000
2649300
2657600
2660300
2662800
2665600
2672300
2675500
2683000
2686400
2698300
2712400
2715400
2718100
2732900
2744600
2747300
2749800
2752400
2756900
2760700
2773800
2792800
2805300
2814700
2817500
2829900
2838600
2842000
2855500
2858700
2896400
2899300
2909200
2911900
2923000
2943600
2948200
2952400
2962500
2965100
2967900
2978500
2981300
2983900
2988700
2993500
3003300
3007500
3013700
3016500
3025600
3031600
3044200
3048100
3070900
3082200
3095300
3098200
3100900
3115000
3125600
3128700
3139100
3168800
3172500
3184200
3186900
3198200
3207400
3210200
3222000
3247000
3249700
3253200
3282400
3285100
3314100
3337600
3340100
3354600
3400300
3412100
3414900
3418700
3443000
3465200
3490800
3493800
3511100
3513800
3527800
3548400
3551800
3564600
3567200
3578300
3588500
3632900
3680000
3693900
3711000
3727100
3730200
3750500
3763200
3766400
3787800
3800900
3832300
3844400
3877300
3880900
3894400
3913300
3926600
3929100
3932000
3976500
3979100
3981400
3984900
4018400
4021100
4032500
4044100
4055100
4057600
4060000
4067800
4080300
4088100
4090700
4104300
4123100
4141000
4143900
4146300
4148800
4153700
4182400
4193400
4203400
4221000
4223500
4228300
4233500
4236400
4245000
4247800
4252000
4259600
4263200
4286300
4289000
4291600
4307200
4310300
4317600
4341600
4346300
4357000
4360000
4366600
4373200
4380900
4384100
4401100
4404300
4415900
4430700
4434100
4443500
4447400
4451200
4478700
4482000
4489300
4492200
4495200
4515400
4518200
4521900
4532200
4536600
4539500
4542700
4566400
4569400
4572300
4579800
4582800
4601800
4604800
4612600
4615600
4636200
4638900
4673200
4677900
4689600
4693300
4703500
4706100
4710000
4719800
4733300
4740600
4743400
4753600
4763700
4809400
4820100
4822800
4825600
4832900
4835800
4874300
4878100
4885200
4924500
4927100
4962100
4995900
5000300
5003100
5031200
5033700
5036100
5043800
5046600
5074400
5100800
5104900
5128300
5131100
5134700
5195600
5221600
5224300
5226800
5236100
5248400
5251200
5283800
5295900
5324400
5339100
5396200
5398700
5401300
5425000
5428000
5445900
5467300
5469700
5478500
5481400
5515400
5520100
5525200
5528700
5539100
5554000
5561200
5569800
5576300
5584900
5590600
5594100
5596500
5599400
5613800
5620100
5626100
5629200
5640600
5644500
5647700
5650800
5655700
5675900
5678700
5682400
5686800
5697700
5700800
5708300
5711400
5731300
5739300
5742100
5750700
5753300
5779600
5783100
5786800
5789500
5792400
5802500
5823600
5826600
5829200
5850700
5865300
5875900
5888300
5903600
5909500
5922700
5925300
5928000
5937300
5949000
5958200
5986300
5989200
6015000
6018500
6029800
6032400
6035500
6043900
6047600
6050800
6056100
6080200
6085000
6094400
6120300
6131200
6170700
6173300
6176100
6191200
6193700
6196400
6239200
6248900
6261200
6263700
6276400
6279100
6302900
6380500
6392600
6395600
6427000
6453600
6469000
6473300
6483300
6491900
6513800
6544600
6547600
6556900
6559600
6627100
6629800
6660200
6686900
6706600
6710500
6729300
6732200
6750200
6753900
6765900
6775800
6778300
6780900
6811000
6813900
6821300
6833200
6843700
6851200
6854000
6865900
6875700
6878500
6892400
6904200
6908700
6916400
6919300
6922000
6950100
6953400
6956200
6965400
6968400
6988500
6992200
7007200
7009900
7012400
7018300
7021000
7023900
7032700
7035600
7043900
7053500
7057300
7064500
7067300
7095400
7098200
7106100
7109100
7123600
7126200
7128700
7136600
7147800
7158700
7171000
7181600
7209400
7212000
7215500
7221600
7224600
7244600
7257100
7266700
7269400
7272400
7296100
7299500
7322400
7325600
7334900
7337600
7342000
7349300
7369700
7433500
7437100
7456700
7459300
7468400
7470900
7497700
7577300
7591900
7594400
7612900
7626700
7647000
7649700
7660200
7688600
7694700
7697600
7716600
7719200
7731400
7741600
7763200
7793700
7809100
7820200
7823100
7876100
7878900
7881600
7920300
7923000
7972800
7975900
7984300
7990300
8041600
8044300
8046800
8055300
8080800
8083700
8086700
8125800
8128800
8141900
8167400
8170100
8183700
8186600
8197600
8200400
8206900
8209700
8227500
8230200
8233200
8237400
8251300
8259000
8262000
8270100
8273200
8282700
8286400
8290600
8295700
8299700
8325700
8328700
8341500
8359200
8362000
8369400
8372200
8374600
8381600
8402100
8408900
8414600
8419500
8427900
8430600
8433900
8440600
8450900
8463600
8468300
8474200
8477200
8490400
8493000
8516500
8520800
8523700
8535900
8539000
8547500
8566300
8569200
8572700
8580800
8598600
8603600
8609200
8612000
8623600
8639400
8643100
8651600
8654600
8663500
8674600
8677900
8686000
8688900
8703000
8715300
8729400
8745300
8748400
8763200
8766800
8769800
8772800
8785200
8800200
8803500
8825900
8828800
8833900
8861400
8868300
8891000
8912800
8915300
8935200
8945600
8964600
8967500
8972700
8976100
8999900
9023800
9026700
9083200
9085900
9088400
9111200
9129500
9140900
9152800
9184300
9187200
9201500
9205100
9230000
9233900
9248200
9262300
9273700
9285700
9315400
9388100
9391300
9420400
9423500
9465700
9513000
9515500
9518000
9545100
9558900
9588900
9598900
9608200
9618900
9638300
9641300
9643900
9646800
9653900
9658400
9661400
9686000
9697900
9701200
9706000
9709000
9712300
9720300
9730300
9739700
9742300
9745400
9759500
9766500
9769300
9779500
9782100
9789500
9792800
9811100
9814700
9823400
9826600
9835500
9840400
9849400
9852300
9862800
9865600
9869400
9875200
9890700
9894600
9916600
9933000
9944700
9948700
9961800
9964700
9975700
9988200
9992100
11588400
