# OFFOEL
# duration (msec): 1000
# repetition number: 1
6600
10000
14500
24300
26500
28800
41500
51800
59400
79700
86300
92300
103800
135400
144800
147000
185900
199000
210000
216800
219200
227100
244000
254100
259200
268600
280400
284800
298800
301200
304500
307700
311700
327000
335900
342800
345700
352000
354800
361200
364100
368700
371400
385900
396600
399100
403300
411600
417600
421900
427500
430300
440300
449700
455800
460600
462900
474000
479400
482000
488100
496000
498600
503700
513700
528800
536900
547500
554600
557000
563400
565900
583400
586300
590100
596000
605400
610900
614200
617200
626000
628900
632300
634900
652800
659800
670100
672900
675900
679900
683000
689200
704100
715800
718400
723900
729200
740200
743000
759700
770000
790500
793000
800900
812300
828500
834500
849400
856800
865800
893000
903300
906000
929400
938100
958100
966700
979000
1002100
1029300
1079600
1082000
1087200
1089600
1095400
1136400
1152400
1157600
1190500
1198800
1211500
1235500
1240700
1244500
1247000
1255800
1274900
1289900
1295800
1298300
1303800
1311800
1314400
1338500
1392800
1395100
1399500
1412000
1414400
1420300
1430800
1477600
1480000
1487100
1500000
1531400
1543600
1553800
1587100
1593000
1595400
1615700
1627100
1634700
1639000
1641400
1656000
1661500
1664100
1670700
1678000
1690200
1693200
1704800
1707200
1714600
1720900
1727400
1734000
1738100
1742700
1756200
1769200
1779900
1787000
1799700
1814100
1816700
1826600
1833400
1836100
1854900
1857300
1869300
1877000
1889600
1899300
1903700
1913800
1916400
1934400
1937100
1949300
1952000
1960300
1966100
1971100
1995300
2001100
2015700
2018100
2031000
2033700
2047100
2052300
2056800
2067200
2072400
2078600
2083500
2086400
2099300
2104800
2109500
2114600
2117300
2134600
2137300
2145700
2162100
2170800
2174500
2181400
2184400
2191700
2212000
2230800
2235400
2243400
2256000
2258700
2265800
2277300
2281000
2283700
2294100
2303600
2318900
2345600
2356600
2370500
2373000
2378000
2382900
2401800
2412200
2433700
2441600
2453400
2461100
2481000
2493400
2498300
2501200
2510900
2526500
2563100
2578900
2588100
2593500
2600000
2612500
2626700
2639300
2649500
2662300
2697300
2700900
2739200
2741600
2750300
2757000
2768500
2823200
2838100
2842500
2848800
2859500
2891800
2914500
2937900
2940300
2946900
2957800
2969200
2983500
3013500
3026100
3043500
3055300
3065900
3089100
3091500
3096800
3112600
3121500
3133900
3136600
3163500
3165900
3172400
3187400
3190300
3199400
3211800
3214300
3228900
3234700
3237600
3247200
3261100
3270100
3274100
3279000
3284500
3289700
3295800
3306200
3320700
3338600
3349800
3358100
3362100
3368000
3375700
3384000
3391400
3397600
3400700
3408200
3422600
3425100
3430500
3449800
3455200
3466000
3470400
3472900
3476600
3482000
3493100
3495600
3506400
3511300
3515600
3537600
3540300
3545500
3553200
3556600
3570000
3572800
3579000
3587400
3595500
3608400
3611300
3620400
3637300
3642500
3649800
3661100
3672700
3686300
3688800
3713200
3724100
3730400
3744800
3749900
3755100
3761000
3771000
3786400
3802700
3808100
3810800
3820000
3835800
3838700
3843400
3878800
3890600
3899200
3902800
3921000
3955400
3985000
4005000
4011300
4043600
4051000
4064300
4066800
4076200
4084000
4088000
4132300
4175600
4190600
4217300
4226800
4229200
4233700
4238800
4250200
4297600
4300200
4314800
4325300
4392500
4406600
4413600
4430900
4446500
4453700
4464200
4470300
4485000
4490300
4506700
4509200
4524500
4534000
4539200
4545100
4556700
4559400
4563800
4571100
4586900
4592300
4599400
4601900
4611300
4625400
4639700
4642600
4650300
4653800
4663600
4671700
4682500
4686200
4697500
4706400
4713800
4716700
4728500
4731100
4739800
4742900
4746400
4753300
4760400
4771500
4778400
4790400
4795400
4801900
4808600
4811300
4822400
4833700
4847000
4851200
4861300
4871600
4877600
4882600
4894500
4900300
4908400
4924200
4932500
4935400
4963400
4967500
4980600
4984300
4988700
4995500
5001500
5004700
5017100
5023600
5031200
5034300
5036900
5058100
5060700
5073000
5083900
5087800
5090700
5093700
5096400
5111200
5114300
5132900
5138000
5144800
5155700
5158900
5166100
5174500
5182500
5205600
5212000
5217600
5224100
5243000
5246400
5277500
5285200
5294100
5302400
5325500
5347800
5364000
5370900
5386400
5420600
5433700
5437800
5440600
5453800
5459900
5471300
5475900
5481600
5496100
5512300
5518900
5529300
5532000
5560000
5568200
5577300
5644000
5654100
5661800
5688400
5704300
5706900
5755500
5763500
5770800
5801700
5809100
5833500
5843800
5849400
5862300
5872600
5885300
5898700
5921600
5927000
5940300
5960900
6007800
6029700
6036000
6038900
6051700
6056100
6064900
6067400
6072800
6094600
6097200
6108300
6115600
6121500
6143900
6148900
6161200
6171400
6183400
6189200
6191600
6193900
6199100
6205800
6208500
6215800
6220400
6241700
6247700
6255400
6268400
6271300
6274000
6276400
6295500
6298100
6303800
6313100
6315600
6330000
6335800
6338500
6347900
6370500
6381700
6395200
6400800
6406500
6414500
6424800
6429100
6437100
6442800
6453600
6466500
6471600
6474400
6478200
6504400
6507000
6524100
6533000
6543400
6550200
6557300
6563200
6566700
6570500
6578000
6583700
6597800
6614100
6629500
6634600
6642500
6655900
6660100
6688300
6696100
6710400
6720200
6765200
6782300
6788100
6794500
6810400
6815000
6839000
6841600
6851500
6871600
6878100
6895200
6909000
6919900
6931500
6981100
6991000
7009100
7017100
7028500
7064900
7075900
7119600
7140800
7154000
7172100
7174700
7194400
7208700
7230400
7237600
7243900
7251100
7257000
7260400
7295800
7301700
7315700
7321900
7325800
7336000
7341300
7347100
7351400
7362500
7365300
7371600
7374800
7388700
7395000
7405400
7408600
7418600
7421400
7429500
7449900
7461400
7466100
7477500
7481000
7487200
7499100
7503900
7514600
7519700
7525400
7533400
7540700
7544000
7547100
7552300
7558100
7564300
7572200
7577500
7588200
7593000
7600100
7615400
7621000
7629300
7640800
7648500
7657900
7666100
7674500
7682500
7687600
7692200
7701300
7707000
7710600
7714600
7721100
7728000
7744000
7748200
7754400
7765500
7781200
7786100
7791800
7813500
7818400
7823100
7829000
7833600
7855200
7860400
7864000
7866700
7872000
7884100
7897700
7910600
7914400
7918100
7924100
7933500
7939100
7944400
7954300
7966600
7974500
7983700
8014300
8024300
8032200
8053400
8082300
8089300
8092000
8106800
8139100
8152000
8161000
8170300
8175900
8196400
8206000
8216900
8228100
8242300
8246600
8274400
8293900
8297100
8308500
8311300
8330400
8347100
8358300
8386600
8395700
8418200
8458700
8479500
8484200
8498000
8500500
8568500
8591300
8625200
8659400
8666500
8679700
8692800
8724400
8732200
8744100
8750800
8765200
8781100
8783600
8796100
8815900
8824000
8826500
8831500
8840300
8846400
8854800
8861000
8867300
8873400
8886000
8892600
8896600
8917700
8923400
8929100
8935600
8945200
8958900
8963600
8969400
8977800
8987800
8997100
8999800
9005100
9008000
9018100
9031700
9039600
9048600
9051200
9055400
9061300
9066300
9069700
9081600
9098900
9108300
9116000
9118600
9133700
9148400
9176400
9181000
9183800
9195000
9198900
9206900
9209500
9215000
9228300
9235600
9238500
9249000
9252200
9257700
9265600
9275300
9285900
9289300
9293700
9298500
9304500
9307900
9310500
9316900
9339100
9348400
9351300
9369400
9392800
9408500
9420900
9423400
9436800
9450200
9462800
9465300
9477000
9479600
9492800
9517100
9533500
9564000
9578400
9588600
9598900
9618100
9633700
9644900
9665600
9686200
9693900
9728900
9740500
9767200
9779400
9795400
9807800
9822500
9851800
9860500
9876000
9912500
9923300
9928200
9934600
9944800
9955900
9964300
9977500
9980000
9998700
10170800
11632200
