# repro call number: 0
# mode: 3
# signal: 1
# stimulus file: /extra/setup/oel/stimuli/receptorInfo/gauss_st6_co200.dat
# carrier freq (kHz): 3
# stimulus length (msec): 1000
# pause between stimuli (msec): 700
# length of ramp (usec): 1000
# desired firing rate (Hz): 100
# standard deviation (dB): 6
# cut-off frequency (Hz): 200
# repetition number: 0
# duration (msec): 1000
# intensity (dB): 61.7391
5400
8200
15100
24900
28200
31100
36600
44000
46800
52000
60200
66900
74500
80400
86400
92100
116600
127800
135000
144400
149300
157800
171200
180200
192500
198600
202300
215200
218200
221300
227500
255300
260700
268800
285200
299500
304700
311200
326400
336500
343000
352100
361100
367700
370800
373600
388100
396700
402600
405600
417200
427500
435000
443100
455500
460700
466400
469300
474000
479400
488000
496000
502400
514400
528600
532900
547900
554300
559600
563400
579100
583700
589700
606300
611000
614700
617500
625900
632100
635800
659100
673100
676200
682200
689400
692900
704500
715500
722300
739500
747900
758700
769400
777100
785000
790100
796300
800800
804400
812200
822300
834500
849100
856600
859400
865600
869900
892900
902800
906500
928600
937500
958300
971200
978300
1001700
1023300
1029200
1032000
1068100
1073400
1079700
1082400
1087000
1095000
1107600
1126900
1136000
1140900
1144400
1150900
1156800
1161100
1177200
1184700
1197600
1205900
1211800
1219500
1225800
1234600
1239100
1244200
1246800
1251300
1255600
1261200
1277000
1286000
1290100
1295100
1297800
1303400
1311000
1313800
1316900
1338600
1344500
1354000
1382100
1390300
1393300
1399000
1404100
1411200
1413900
1418800
1430200
1444000
1450200
1454800
1466200
1477100
1479700
1486900
1499900
1505400
1531700
1544000
1551200
1554900
1580900
1587300
1592500
1595100
1609400
1616100
1620900
1627600
1634300
1638800
1641500
1650800
1657100
1661500
1664200
1671100
1678200
1681200
1692900
1698400
1704700
1707700
1719600
1726700
1737700
1742900
1745900
1756300
1764100
1779900
1798800
1811200
1814500
1826600
1833500
1855100
1862300
1876800
1889700
1898400
1903300
1913900
1934000
1949700
1960700
1966600
1970900
1994600
2000500
2016100
2018800
2029700
2034300
2046500
2052300
2057500
2067300
2071900
2078800
2083400
2086700
2099200
2104700
2109500
2114100
2116800
2134600
2140600
2161700
2172700
2181700
2210300
2230300
2236300
2242700
2245900
2256100
2259000
2265400
2276400
2280500
2283300
2290500
2295300
2300400
2316900
2320200
2345600
2355200
2370700
2373300
2377300
2382400
2385500
2392400
2401400
2412200
2421100
2433400
2436300
2441800
2454400
2461000
2480600
2492100
2497400
2500200
2510600
2516200
2521400
2526300
2529300
2545700
2562000
2569600
2578200
2587800
2593200
2599500
2606300
2612400
2615600
2624200
2627000
2629700
2638400
2648900
2663600
2676500
2691900
2697500
2724800
2739000
2744600
2750300
2758100
2761500
2767100
2769800
2775100
2795900
2799100
2808500
2817700
2823500
2827200
2836200
2840400
2843400
2847900
2859300
2864200
2876600
2879700
2891300
2914000
2931100
2937500
2940100
2946400
2956600
2959700
2963600
2967200
2983600
2991600
2995100
3004600
3013800
3025600
3028600
3043200
3056200
3062300
3067800
3081700
3089200
3092100
3097100
3102700
3113100
3133500
3136600
3159700
3164800
3168600
3178300
3187500
3197500
3212900
3215900
3229100
3234200
3237100
3262400
3269800
3277800
3289300
3292400
3295100
3320500
3330700
3336600
3339600
3350000
3355000
3368700
3375800
3383900
3391300
3398100
3401200
3407000
3421100
3424100
3429700
3450100
3455000
3470300
3475300
3482400
3493500
3506300
3512600
3529300
3537400
3540400
3543900
3547100
3553300
3556500
3570900
3578500
3588300
3596600
3610700
3620400
3642500
3650000
3660400
3673700
3685700
3706800
3712800
3724100
3730500
3745500
3751400
3755200
3760700
3766800
3771300
3781400
3786700
3796400
3802800
3807600
3810100
3819100
3831900
3835000
3837500
3843300
3855000
3860800
3878600
3884800
3890500
3895700
3899600
3902500
3915600
3921400
3931800
3946600
3955700
3969900
3974600
3991200
4000300
4005300
4009200
4012400
4017700
4031400
4049900
4063900
4066600
4072700
4076800
4083900
4087400
4090200
4097900
4105000
4121200
4133200
4163900
4170000
4175800
4185500
4190900
4195800
4204400
4216900
4223000
4226700
4229600
4233200
4238300
4250000
4252900
4262600
4265400
4281600
4287500
4291200
4297500
4300400
4304500
4314800
4321700
4325500
4331700
4372700
4391800
4394700
4400100
4407300
4425200
4431300
4434700
4446600
4458100
4464300
4469100
4475300
4478800
4484900
4490800
4501700
4506900
4509600
4523300
4538400
4541500
4545800
4557200
4563400
4572100
4579400
4590100
4594500
4599200
4603700
4612700
4632500
4639900
4642900
4650400
4665000
4672000
4683800
4704600
4714400
4728400
4739500
4746000
4752600
4761700
4791300
4794300
4797500
4802700
4808200
4814200
4822300
4827700
4836800
4852200
4866800
4871800
4881000
4884200
4899800
4907700
4924100
4927500
4933600
4946200
4966200
4979600
4983400
4989000
4996100
5001400
5004200
5017700
5024800
5031500
5034800
5056700
5059600
5062300
5072700
5087000
5089700
5093500
5096100
5111600
5114700
5137800
5144000
5155700
5159100
5165800
5174300
5182400
5205100
5211100
5214800
5220000
5223800
5242700
5245600
5256000
5277300
5285100
5293800
5304200
5324900
5332000
5335900
5348200
5362700
5371300
5383900
5387400
5396100
5421200
5426600
5432400
5436400
5439200
5446900
5453100
5459400
5469500
5476100
5480500
5496200
5499400
5512500
5517600
5528900
5537900
5543000
5560200
5567400
5573000
5577000
5606700
5622600
5632000
5643700
5647800
5653700
5661000
5665800
5676700
5687900
5690800
5704000
5710800
5733600
5737200
5751200
5755300
5757800
5763500
5767500
5771200
5786600
5802000
5809200
5814800
5833400
5840100
5843900
5848600
5851600
5861900
5867500
5871000
5884400
5898600
5916100
5921500
5926400
5929300
5936400
5944700
5959900
5963200
5983600
6006900
6009800
6013600
6029300
6036800
6055700
6064900
6072800
6094400
6097600
6100900
6109300
6112800
6120900
6145200
6149400
6154300
6161700
6176100
6182200
6189600
6192300
6198400
6205500
6208200
6219600
6222300
6247300
6251200
6269200
6273400
6276100
6295500
6298600
6304500
6312900
6316700
6330400
6335300
6339200
6348600
6386900
6395400
6401500
6417300
6425200
6436600
6442600
6453500
6467200
6471500
6476900
6480000
6504700
6509300
6522000
6532300
6549200
6553100
6558200
6563600
6570100
6577000
6581300
6598600
6612800
6633800
6636600
6639600
6643500
6677200
6688100
6694500
6699200
6712800
6720100
6734100
6764600
6768100
6776100
6782500
6787600
6793800
6796900
6799400
6810300
6814600
6821300
6831300
6838900
6841900
6850600
6853800
6867600
6871500
6878300
6883500
6894900
6899500
6908600
6919500
6931200
6935700
6938900
6942100
6949600
6960500
6975900
6982500
6989400
7008400
7016000
7023300
7027100
7030600
7064200
7069300
7075700
7100100
7108600
7113500
7125700
7141600
7152700
7159000
7166000
7172900
7176200
7187000
7192800
7210000
7229900
7237500
7243800
7249400
7252200
7257500
7260600
7288900
7297200
7301000
7314500
7325200
7341600
7347000
7352000
7362400
7365300
7371400
7374200
7377200
7384100
7390200
7400700
7407200
7410500
7418200
7421500
7428600
7446500
7451000
7466400
7473200
7481100
7488100
7498200
7503500
7510500
7515100
7520100
7525400
7533900
7540600
7543600
7547200
7552100
7558300
7564400
7576800
7588200
7593100
7599500
7603900
7620600
7627700
7640500
7645600
7657000
7665400
7681800
7686900
7691400
7702100
7707100
7710800
7714600
7717700
7721400
7726600
7747600
7753200
7764700
7781300
7786900
7791800
7806900
7818700
7822700
7828200
7831200
7834500
7855500
7860000
7863200
7865900
7871500
7889800
7901200
7912000
7915300
7918000
7922500
7929200
7933700
7939500
7943600
7948600
7953800
7958100
7967200
7975000
7980200
7984800
7992000
8014300
8023800
8026600
8031800
8047900
8053600
8078400
8084500
8089600
8092400
8102900
8108800
8116500
8121300
8133700
8139100
8148200
8153100
8159900
8164300
8170500
8176100
8188200
8196700
8205900
8212100
8216800
8228200
8242800
8246500
8249700
8261600
8273500
8293400
8296500
8304300
8308300
8311100
8323600
8347000
8352700
8358600
8367700
8385500
8392600
8395900
8411100
8414100
8418000
8422700
8459200
8472700
8479000
8483800
8486700
8496800
8499900
8503800
8521900
8549300
8556600
8568900
8574800
8590500
8593400
8599700
8613000
8624600
8628000
8638600
8658300
8666400
8674200
8680100
8692300
8701200
8706900
8713500
8724400
8731300
8735000
8743500
8746200
8751100
8754600
8760100
8765100
8773700
8781400
8784300
8796200
8804400
8810900
8815400
8824000
8826900
8830900
8840800
8844400
8860900
8867300
8872300
8894000
8902200
8909500
8918200
8923600
8928800
8936800
8944600
8947800
8962100
8970900
8976400
8996900
9004300
9007000
9018500
9031600
9049000
9053100
9060800
9066200
9069500
9072500
9081700
9085800
9100500
9105000
9117100
9120100
9133400
9171400
9177700
9181100
9183600
9196200
9200400
9207100
9213000
9215900
9229900
9235400
9238400
9249600
9256700
9265300
9275100
9282900
9287600
9292200
9298900
9307300
9310100
9313700
9319400
9338800
9349100
9370000
9378000
9390500
9397700
9407800
9420400
9423800
9436800
9450500
9462300
9465000
9477300
9480400
9492600
9499300
9516500
9527600
9533100
9553200
9563500
9578000
9587900
9595700
9599300
9611700
9618800
9622200
9629200
9634000
9644400
9647200
9655600
9665000
9682300
9692200
9695700
9709000
9715200
9720700
9729200
9732700
9738200
9742000
9767000
9771100
9794100
9799500
9807400
9822000
9826500
9843500
9860700
9866400
9874800
9878000
9898000
9908400
9913000
9923500
9927800
9933800
9938700
9945100
9955600
9963500
9977100
9979800
9998100
10001500
10006300


