# repro call number: 0
# mode: 3
# signal: 2
# carrier freq (kHz): 3.53553
# stimulus length (msec): 1000
# pause between stimuli (msec): 700
# length of ramp (usec): 1000
# desired firing rate (Hz): 100
# standard deviation (dB): 6
# cut-off frequency (Hz): 400
# repetition number: 0
# duration (msec): 1000
# intensity (dB): 74.4737
4200
5800
11100
14500
22500
26700
33800
40600
47000
59600
62400
71700
81400
96500
104400
107900
111700
116700
121900
124300
147700
176500
180400
193600
200100
202000
208700
213800
229300
241000
248800
266300
268500
274000
287200
295500
299900
312400
319700
325300
328700
338700
348200
357200
363300
371800
383700
385600
409300
418900
425600
433900
435900
446600
471900
481700
492700
498800
514200
520100
525500
528100
534300
542400
544500
553600
557000
567100
570400
577700
599200
601100
605200
614400
625800
635800
640200
645000
653300
670500
678100
691900
701900
708600
711400
717600
723000
730800
740000
756100
773600
782900
787800
792800
797700
810300
821500
834200
837900
846700
849600
863300
867500
872900
875800
889500
897400
912600
916100
920100
927100
944800
965200
967200
976300
999500
1007500
1013000
1022600
1032200
1039100
1052100
1054600
1063900
1066000
1073200
1083700
1089900
1100600
1132400
1135600
1145900
1149700
1159600
1175500
1197300
1202200
1205400
1220100
1235500
1252500
1269200
1277300
1290800
1295300
1300400
1307700
1316000
1322200
1325100
1330300
1347800
1380300
1383400
1389800
1395700
1399900
1406400
1428400
1440900
1448700
1467400
1471000
1472900
1487800
1490900
1495900
1519100
1521500
1523500
1529700
1543200
1546300
1554700
1570000
1587600
1603000
1604800
1617200
1621900
1642000
1645100
1660000
1661900
1664000
1679300
1687800
1706900
1721300
1726000
1728400
1732400
1745100
1763700
1771500
1777200
1791300
1794800
1803300
1818500
1825400
1838300
1842300
1849000
1858300
1868800
1873500
1893500
1896900
1903300
1906500
1921900
1923800
1938100
1945900
1963600
1970000
1980400
1998900
2001700
2019200
2031000
2054700
2056600
2062300
2070700
2073100
2090400
2104500
2120800
2136600
2138500
2156700
2170400
2192600
2205000
2208200
2211000
2216500
2224100
2237300
2249600
2257200
2276400
2293300
2298400
2309500
2316700
2326600
2337600
2340300
2348200
2356300
2361600
2366600
2378000
2400600
2405800
2411400
2421800
2427600
2440000
2449200
2451500
2458500
2465400
2467300
2487800
2493400
2496500
2499000
2505900
2511800
2516200
2537800
2550500
2552400
2568500
2588600
2596500
2609400
2612100
2636300
2645700
2651900
2659500
2666300
2672500
2682400
2708900
2720900
2724700
2733900
2744700
2750800
2772100
2782600
2792400
2802500
2810500
2813600
2823700
2830800
2837100
2841900
2852800
2857800
2877800
2889300
2905600
2917800
2926000
2938600
2944000
2960200
2962200
2974300
2997900
3001500
3013600
3034400
3037000
3040100
3046500
3051900
3091400
3093300
3116000
3131700
3133600
3136600
3146200
3168200
3186400
3190800
3194600
3204300
3211200
3214500
3219400
3225300
3247000
3260400
3272000
3275700
3305000
3310800
3315500
3319000
3331900
3341300
3347300
3355500
3357800
3386000
3407200
3414900
3439700
3447500
3457500
3465700
3481800
3497300
3501800
3529300
3549800
3551800
3558300
3591100
3603600
3607400
3623200
3625100
3648100
3651400
3676900
3695500
3701500
3711300
3720600
3740000
3750100
3759800
3778200
3784800
3789300
3795400
3802500
3804300
3812000
3820800
3827500
3830800
3836700
3845000
3853800
3869000
3871800
3879500
3882400
3887600
3895000
3905500
3911000
3931400
3949700
3956400
3964900
3973500
3984300
3990000
3992400
4007500
4022800
4028900
4042400
4050500
4068000
4078400
4088100
4095600
4102200
4104200
4109000
4115800
4121300
4131800
4140400
4142900
4165700
4168700
4191300
4195000
4201200
4212500
4221500
4228000
4244000
4265000
4272300
4283100
4288500
4293500
4298500
4310600
4327900
4341900
4350800
4358200
4364800
4373600
4376100
4427700
4438300
4450600
4453400
4461500
4472800
4480700
4490900
4506900
4508900
4517400
4522400
4536300
4543300
4549000
4567400
4573800
4584200
4588400
4599900
4602700
4612000
4642200
4661400
4663500
4669600
4673600
4687200
4697900
4699700
4709300
4727800
4736700
4742500
4751800
4758200
4773300
4777000
4800600
4829600
4845200
4862500
4867600
4879600
4885800
4888700
4898300
4916700
4925700
4931700
4934400
4954600
4961100
4968600
4986900
4999100
5016300
5021900
5044800
5047700
5065800
5068500
5081700
5092600
5098300
5111800
5129100
5139200
5144400
5157200
5160000
5187500
5194500
5202400
5212900
5216500
5228900
5236700
5240600
5244900
5255700
5298200
5320900
5331200
5334700
5344100
5358400
5360600
5364800
5378500
5391100
5399600
5434100
5441900
5449600
5454400
5458100
5478200
5484300
5487000
5508900
5518700
5528500
5542500
5548400
5555200
5564600
5581500
5589800
5598700
5603600
5606900
5617000
5629500
5645900
5649900
5652700
5662800
5677100
5688900
5700800
5707800
5725800
5729700
5761800
5765500
5807300
5815800
5826200
5834400
5844800
5849000
5859000
5861900
5875600
5884700
5888100
5915300
5918500
5925100
5931900
5937200
5949000
5960100
5969000
5981800
5990100
5998500
6004500
6008100
6021500
6028100
6064700
6084700
6088900
6102900
6106200
6111200
6127200
6142700
6159200
6162800
6169700
6177100
6181800
6202900
6204900
6210700
6223400
6234800
6240200
6258000
6259800
6271400
6298300
6318400
6321400
6334800
6347300
6372300
6383000
6385900
6389200
6392100
6416900
6432300
6434300
6477500
6492300
6499400
6512500
6522700
6525800
6529200
6538800
6556100
6570100
6573400
6585800
6592000
6612400
6614500
6625600
6634100
6636100
6648400
6656300
6664300
6668500
6684700
6702200
6707200
6712400
6730200
6733900
6743500
6765500
6767400
6782700
6796500
6817400
6831100
6834500
6839800
6844200
6850100
6858200
6873500
6877300
6890100
6898500
6920700
6929400
6932600
6952300
6955900
6971000
6975500
6977600
6997500
7008700
7019400
7028200
7037000
7041000
7051400
7067300
7076500
7082200
7095200
7103200
7116600
7120300
7129900
7156800
7160000
7163100
7187700
7191600
7213300
7221000
7224800
7230900
7235700
7249400
7255000
7259300
7264800
7267400
7279600
7303700
7315300
7325700
7330700
7338800
7343900
7347000
7362900
7373700
7380200
7385600
7389000
7398000
7411000
7433800
7442300
7450200
7461200
7485900
7512900
7517500
7519600
7541400
7543400
7549300
7556700
7567900
7575400
7590600
7605400
7608200
7618400
7627300
7636100
7639700
7658100
7668900
7675800
7679600
7703400
7705400
7707600
7709500
7729400
7741300
7747500
7750600
7760700
7782000
7803400
7811600
7820000
7823600
7832200
7850200
7853500
7856700
7864500
7867300
7885500
7891200
7913100
7918400
7932000
7953300
7974900
7981200
7993400
8012900
8022800
8060400
8080200
8093700
8118500
8122500
8128500
8141300
8144900
8152900
8179200
8183600
8204700
8209600
8221500
8252600
8255300
8278300
8285200
8288400
8313600
8316900
8327400
8334200
8344300
8346300
8358100
8361100
8365900
8380500
8386200
8398800
8411400
8421000
8438300
8454800
8479700
8482400
8487200
8508300
8513700
8530000
8569300
8572800
8582000
8602400
8612900
8622800
8628200
8636100
8650100
8660500
8674700
8677700
8692400
8709900
8719900
8734500
8752700
8768200
8775800
8791500
8796700
8804900
8817800
8832400
8834800
8852900
8865000
8870200
8878100
8888700
8915600
8933500
8945700
9006300
9016600
9020100
9065200
9070600
9073800
9082100
9084200
9110400
9113400
9135800
9142000
9159000
9169600
9173600
9180700
9203300
9213500
9226200
9231400
9234600
9254600
9267900
9270200
9277000
9290800
9293600
9303500
9326500
9343300
9345400
9360100
9364300
9373300
9376800
9397500
9402800
9414100
9427300
9436900
9457400
9462000
9467600
9481300
9512000
9536400
9557200
9560400
9565900
9572800
9586400
9605800
9614900
9641000
9648600
9653600
9664100
9681100
9685900
9689400
9693000
9710900
9720800
9723400
9738200
9749200
9755600
9763400
9771500
9782200
9799800
9814600
9830600
9840100
9849000
9869300
9874800
9878900
9895800
9901800
9907800
9912800
9924100
9932800
9947000
9969900
9986200
9989500
9994700


