# OFFOEL
# duration (msec): 1000
# repetition number: 1
6000
9100
24000
27400
30500
37600
40900
47000
51700
59700
67900
79700
83200
85900
92400
117800
125700
133800
145100
147700
157500
181700
185600
192400
202600
210600
217400
220200
237000
243200
253900
259600
266100
269700
284500
298600
303500
306400
311200
334500
337500
343300
352000
361300
368300
396100
398600
401500
404700
418000
427200
430600
455000
460800
463400
467200
471500
479400
481900
487500
496800
502400
529800
548300
551600
555100
557900
563100
582700
585500
603600
614600
626000
629900
632900
659700
671600
676000
682000
685600
689500
692700
699700
705400
715100
724800
739900
742400
748100
758900
769300
790200
793100
795900
801400
806900
812500
827300
835500
848800
852900
857600
864900
868600
889800
893500
903000
922600
928900
936100
939100
958000
961000
973200
979600
1002100
1008400
1023900
1029700
1064600
1073700
1079800
1082600
1087000
1089800
1094700
1108000
1122000
1131500
1144300
1152500
1156400
1159000
1177000
1191300
1197900
1208000
1211500
1229500
1235000
1239800
1244400
1247400
1255200
1259500
1274400
1290200
1296000
1302300
1310500
1313600
1317800
1338400
1356100
1378000
1392300
1395200
1399400
1405400
1412300
1419300
1430000
1465900
1477100
1481900
1487200
1489800
1499300
1515600
1531400
1539300
1551200
1554900
1573000
1576200
1588200
1593500
1596400
1615400
1627800
1636400
1639500
1642100
1656700
1661300
1664200
1670400
1683700
1690500
1695400
1705400
1716100
1727100
1737500
1742800
1756400
1769800
1779600
1813600
1819600
1827500
1833600
1841600
1854800
1857500
1861800
1877900
1884600
1889900
1899300
1914400
1918700
1927700
1934500
1949400
1966300
1970600
1986400
1993100
2001400
2015200
2018300
2022500
2030000
2034700
2047700
2056900
2069400
2074400
2082700
2085400
2100000
2108500
2111500
2114800
2117600
2134800
2137500
2161600
2170400
2176100
2182700
2195600
2210400
2213300
2224100
2236100
2241500
2256400
2261000
2266000
2278700
2281700
2284300
2288700
2294600
2302100
2340900
2347400
2355700
2370700
2373200
2377400
2383100
2389500
2396900
2402200
2412400
2433600
2443000
2453700
2459600
2476100
2480600
2491100
2497100
2500800
2510100
2512900
2526000
2529300
2562400
2572300
2578100
2586600
2589800
2594000
2599400
2612600
2616400
2626300
2629500
2638300
2657800
2661300
2673400
2681700
2690400
2697800
2705400
2724500
2738700
2742200
2750900
2755100
2768200
2771300
2774500
2796500
2808100
2823100
2825700
2834700
2838300
2842400
2847300
2851400
2859700
2879800
2890100
2896100
2913400
2916400
2924900
2931200
2937800
2940500
2946600
2956900
2961100
2983700
2997600
3003700
3014500
3025900
3032000
3049600
3058700
3062000
3066400
3083300
3089700
3092400
3096600
3103000
3113000
3128300
3135300
3151800
3163600
3166500
3177100
3186900
3189500
3194700
3213000
3230900
3235400
3248000
3260500
3269600
3273000
3278700
3288900
3292100
3295700
3330800
3338000
3367400
3379700
3384400
3391500
3399600
3402700
3423100
3430300
3450200
3455000
3457800
3469700
3476000
3481800
3494000
3496600
3505500
3511400
3516400
3537500
3540300
3546600
3551600
3554700
3561100
3571000
3580200
3587200
3595400
3608400
3612000
3621200
3635000
3643300
3650900
3664500
3671900
3676800
3686600
3689300
3699500
3713400
3723600
3746000
3754900
3761000
3770200
3772800
3778000
3787400
3802700
3807400
3809800
3818000
3821200
3834000
3836900
3842900
3854400
3890400
3893700
3900600
3920900
3931200
3946900
3955700
3958700
3961900
3975300
3984700
4000500
4005500
4010700
4031000
4060100
4064900
4068400
4072700
4076500
4080700
4084100
4087700
4090500
4117000
4128500
4132300
4147100
4168800
4180900
4190600
4193400
4204000
4216800
4226600
4229400
4233300
4238500
4249700
4252800
4262400
4286500
4293300
4297600
4304500
4314100
4316900
4322100
4325600
4330700
4338300
4349200
4368700
4388500
4393100
4396200
4401100
4406800
4425800
4431600
4439800
4446500
4454800
4462900
4469600
4484600
4489800
4507000
4509800
4534600
4538700
4541500
4545200
4557500
4563700
4566700
4592800
4599700
4611700
4629800
4640100
4650200
4671300
4674000
4686800
4692800
4714500
4721200
4729100
4739200
4741800
4744800
4754600
4760900
4771900
4795700
4802400
4808600
4812100
4822700
4833700
4851100
4881400
4884000
4895700
4900800
4909200
4924900
4932500
4963100
4981000
4989200
4996100
5001200
5003800
5023800
5032400
5035500
5058000
5060800
5087300
5089900
5092900
5095600
5105200
5112100
5115300
5138100
5144300
5157300
5165900
5182200
5205000
5212300
5218300
5228800
5244600
5256400
5277100
5280400
5284600
5288800
5294500
5303100
5324700
5327900
5340300
5348300
5356900
5360000
5364300
5370200
5373100
5395200
5399000
5407200
5416500
5420900
5425600
5429300
5433000
5437700
5442300
5453000
5459400
5474900
5478200
5481800
5496400
5499500
5512200
5518600
5529300
5532200
5539300
5544000
5560100
5568000
5576400
5612400
5635600
5644000
5647800
5652400
5655400
5680500
5686800
5690100
5704800
5707400
5711900
5731000
5750600
5755600
5758200
5763000
5765900
5769900
5773100
5797800
5803100
5810600
5833100
5843100
5849200
5851800
5861400
5870200
5897700
5905100
5917100
5921500
5926500
5938000
5961500
5980100
6008200
6029700
6036300
6055100
6065000
6073100
6085700
6094500
6097100
6099600
6108300
6121000
6145300
6163500
6171300
6190900
6194300
6199700
6206200
6219800
6222500
6235000
6248400
6254800
6269600
6273800
6276400
6292000
6296100
6299700
6312300
6315100
6335000
6337900
6348500
6370800
6381200
6388600
6401000
6406300
6409600
6434100
6442500
6461800
6468500
6472100
6478000
6504900
6521600
6546100
6557500
6560100
6564400
6570500
6578800
6598300
6603300
6615900
6629300
6634700
6641800
6649100
6655900
6677500
6686300
6689500
6694000
6713300
6720000
6733600
6750700
6764900
6781800
6787800
6790700
6795200
6799900
6803800
6812800
6815600
6832900
6838400
6841100
6851200
6871300
6877400
6883100
6893500
6896100
6908700
6913700
6921500
6931500
6939100
6943000
6949700
6981000
7006500
7009300
7016500
7021400
7024900
7047100
7064500
7069600
7075700
7084400
7103200
7116400
7122500
7135000
7142100
7159800
7172800
7176700
7189800
7195400
7210700
7222600
7231400
7236600
7244300
7250200
7257300
7260600
7296700
7309300
7322400
7336900
7341900
7347300
7351600
7358200
7362500
7371400
7384600
7409600
7419000
7454800
7466000
7480600
7487000
7499300
7504700
7514700
7519800
7525200
7533900
7541600
7546400
7551900
7558400
7561700
7565100
7592500
7595100
7599600
7620800
7630400
7641400
7660400
7674700
7679100
7686900
7694000
7706900
7713700
7716500
7721500
7727200
7753300
7767200
7779200
7791300
7796100
7818200
7823200
7829600
7843100
7857100
7860200
7862800
7865500
7871700
7901900
7912600
7918600
7923000
7933600
7938900
7943700
7949100
7953500
7959200
7968600
7974100
7984800
8011600
8015200
8024000
8026800
8031700
8043600
8073600
8083000
8089100
8111500
8128700
8139700
8152400
8161000
8176400
8196500
8206100
8228800
8246000
8248700
8262400
8270300
8282800
8294100
8297000
8304200
8308300
8312300
8326400
8348600
8354500
8358700
8369100
8385800
8395800
8398800
8411900
8414800
8419200
8429300
8474400
8479700
8484200
8498100
8500900
8503300
8507200
8552200
8569000
8577100
8591500
8594000
8603100
8616900
8622100
8625900
8640900
8659100
8666500
8673600
8680100
8692200
8701500
8724100
8733100
8737200
8744300
8751200
8762200
8781500
8784200
8816700
8823400
8826100
8830600
8840400
8852800
8870300
8878400
8884900
8895000
8916400
8923400
8929900
8935900
8945900
8964100
8970300
8997200
9000100
9005000
9007900
9019400
9035400
9048200
9052200
9060300
9067000
9070100
9072700
9081900
9103700
9117300
9120800
9139800
9149600
9177000
9181300
9196900
9206900
9210400
9215600
9234300
9237000
9240900
9249200
9257800
9264300
9267700
9275400
9286400
9291500
9297900
9304700
9307700
9310300
9315300
9339700
9350100
9369600
9386600
9390700
9396800
9407800
9420200
9423000
9427600
9437000
9450700
9459800
9463300
9477400
9480700
9493700
9516700
9556300
9577300
9586600
9604600
9618200
9629500
9634200
9644100
9647000
9665200
9681800
9693500
9702400
9712900
9729400
9736200
9739800
9748600
9761700
9766600
9794900
9817500
9822400
9854300
9856100
9861500
9876300
9890900
9908800
9913200
9916300
9923400
9928200
9935300
9944500
9955900
9958900
9964400
9968300
9977600
9980100
9997000
10000200
10193000
10256300
10258000
10303800
10359600
10361300
10368500
10419600
10458900
10496800
10521400
10553400
10555100
10561300
10565200
10627500
10637500
10639200
10662400
10674200
10709200
10801400
10822400
10914600
10963000
11001700
11062600
11102500
11120200
11152500
11170000
11175500
11185100
11276100
11305500
11328600
