# OFFOEL
# duration (msec): 1000
# repetition number: 1
9700
12500
19000
23300
28400
36000
40700
45200
50900
55600
67300
83000
87900
92400
96700
101500
123600
128200
136600
145700
152300
162500
174100
180600
186000
197900
211200
220600
241900
250500
261300
270000
277500
288100
296900
310200
321700
327500
332500
339500
348300
355200
363300
368500
382500
391200
399100
409200
414500
428800
442200
450900
461800
466900
476900
482600
499000
504200
510800
516800
523800
531500
541800
548000
554700
572100
585600
601000
608600
616000
624800
632000
638900
650300
658800
673500
686000
693700
698200
703100
714700
720200
734600
741000
752300
760300
770200
778000
789700
803200
812700
822000
840900
852000
874700
881800
911000
920000
932500
943400
953700
976200
987700
1005400
1015900
1032000
1039500
1047400
1053400
1066400
1074200
1084000
1090000
1112600
1119300
1136700
1142800
1153600
1161400
1169600
1180000
1197600
1216700
1223100
1245400
1263200
1278200
1291000
1299200
1312300
1318100
1325300
1336300
1346400
1361900
1378200
1390900
1405500
1430200
1438300
1447400
1456700
1464200
1476200
1489700
1498300
1504400
1513400
1518800
1530600
1536900
1547700
1554100
1568700
1584900
1595400
1603400
1622000
1628600
1637900
1646300
1653700
1661400
1669600
1684700
1699300
1710000
1740300
1746500
1754000
1766700
1776400
1806600
1831300
1850600
1866300
1874800
1894400
1904600
1911200
1927900
1937400
1944900
1952100
1960100
1977900
1990000
2016900
2022000
2037100
2041900
2048700
2054300
2060700
2066500
2068300
2076800
2086900
2101600
2114900
2125500
2133800
2143200
2154100
2158800
2179600
2195100
2200600
2206900
2219200
2232600
2239400
2254700
2284800
2299200
2306800
2314400
2342300
2349200
2362500
2371700
2379000
2386600
2395200
2404800
2413100
2424300
2445800
2461800
2471100
2480100
2508200
2530900
2539000
2551700
2556700
2568100
2577700
2598100
2614500
2627200
2640100
2648500
2681500
2693700
2701600
2726700
2742000
2772300
2778800
2798800
2811400
2817900
2830400
2837300
2848100
2856700
2889900
2901000
2924500
2939500
2949700
2960700
2967000
2982800
2995700
3016200
3038600
3051300
3058600
3078300
3091900
3104700
3116800
3127100
3132400
3144700
3170200
3177200
3186400
3195700
3212800
3235000
3261900
3272200
3282100
3290400
3297100
3304100
3313500
3331700
3341400
3348700
3358000
3386900
3394600
3407500
3418400
3428600
3446200
3464000
3471100
3477900
3491000
3503800
3510900
3533200
3540500
3550800
3556000
3566900
3579500
3612700
3617900
3624800
3640000
3647000
3662000
3669900
3677200
3691800
3698600
3710300
3733000
3756300
3768300
3782200
3792900
3799800
3816000
3821300
3833200
3854200
3859800
3885500
3890500
3907300
3920300
3931100
3938300
3968500
3984900
3993000
4001500
4012000
4018600
4037400
4045900
4056900
4066900
4081300
4088400
4094000
4103700
4111400
4140100
4155200
4164100
4171500
4188600
4196700
4218500
4223300
4239600
4258100
4268700
4297600
4317800
4332800
4338100
4353400
4364400
4372800
4392300
4405900
4412900
4433700
4442300
4471000
4499200
4506300
4517300
4540500
4548400
4558700
4571000
4586900
4594700
4604200
4616100
4638000
4656200
4664800
4676400
4685300
4699700
4730600
4738000
4749500
4766200
4774000
4794600
4810600
4821900
4829100
4844200
4876700
4888700
4896700
4905700
4913900
4927200
4935200
4952300
4958900
4977600
4992300
5005700
5022600
5039900
5061000
5076900
5086900
5107200
5119400
5130600
5142300
5155600
5171000
5180000
5195500
5208100
5215700
5243300
5252700
5259900
5277900
5303900
5311000
5320600
5328100
5337400
5349400
5366200
5380300
5389200
5411800
5423800
5431200
5441200
5450100
5458500
5472100
5479600
5517200
5527800
5535600
5541200
5548700
5557100
5574200
5598000
5614600
5634900
5644500
5658600
5664300
5695600
5713000
5734900
5752100
5760400
5776300
5787300
5795500
5804900
5816000
5839600
5847000
5863300
5879200
5891400
5898500
5907900
5945800
5955900
5978500
6003400
6023700
6034700
6050600
6077900
6102200
6116400
6124600
6134000
6161600
6171500
6183400
6194200
6202300
6213500
6229500
6238800
6247300
6255800
6267200
6292600
6301500
6313400
6339900
6361400
6372400
6381800
6393400
6401000
6406600
6433400
6446000
6456200
6463600
6481700
6492500
6513900
6520600
6533900
6543900
6604500
6619700
6641700
6648800
6657000
6665900
6687800
6698600
6721700
6731700
6741100
6750400
6765000
6783200
6804600
6815900
6827600
6834800
6847800
6860600
6876000
6904000
6913000
6926200
6939800
6947500
6960100
6972900
7005200
7017600
7026900
7037600
7049700
7068500
7085700
7110800
7120100
7133800
7154100
7162000
7173800
7182300
7189000
7213800
7222900
7261400
7269900
7284700
7305500
7320600
7350100
7362900
7370300
7400900
7418500
7423800
7443500
7461200
7471800
7484900
7503300
7512000
7523300
7531400
7538400
7562900
7569100
7578600
7604000
7608800
7639100
7656000
7668300
7676300
7697800
7710700
7717900
7735200
7761000
7783200
7793200
7807600
7848700
7874300
7882100
7888500
7895200
7909600
7914600
7940100
7951600
7959300
7973300
7980100
7993300
8009500
8027600
8038400
8049100
8070700
8077300
8101100
8112900
8121300
8148100
8165200
8206000
8214200
8224600
8231000
8239100
8258700
8268700
8283500
8306600
8322700
8331500
8338100
8369300
8379000
8395000
8426500
8434600
8441200
8468400
8476000
8480600
8514900
8526600
8543100
8551100
8555900
8571600
8596900
8609900
8630700
8649500
8661900
8668800
8686400
8691900
8693600
8713500
8721600
8744200
8753500
8766700
8789800
8803400
8821500
8838100
8878900
8895800
8922200
8935600
8949000
8967000
8989000
8997000
9010800
9019700
9033900
9043300
9060600
9073100
9082900
9088200
9110900
9130300
9136900
9170200
9187600
9195200
9204700
9226700
9233900
9240800
9248400
9268100
9290400
9302700
9309500
9318000
9339100
9348500
9372600
9386700
9399900
9415100
9431800
9449400
9461200
9470900
9500900
9511400
9532200
9562900
9570500
9578800
9585300
9597800
9616100
9628800
9655300
9686800
9712800
9745100
9755700
9775000
9788300
9799500
9807800
9824200
9834700
9860600
9869900
9887800
9905000
9916900
9940200
9951400
9973400
9984500
