# repro call number: 0
# mode: 3
# signal: 2
# stimulus file: /extra/setup/oel/stimuli/receptorInfo/gauss_st6_co400.dat
# carrier freq (kHz): 3.5
# stimulus length (msec): 1000
# pause between stimuli (msec): 700
# length of ramp (usec): 1000
# desired firing rate (Hz): 100
# standard deviation (dB): 6
# cut-off frequency (Hz): 400
# repetition number: 0
# duration (msec): 1000
# intensity (dB): 95.3125
4400
6100
11100
14400
19500
22800
27900
33200
44700
47700
59800
62800
77200
81900
95600
104600
106800
111600
121600
124200
140100
147500
168800
176900
180900
193100
200700
208400
210400
214700
224600
230100
241500
243900
249000
268200
270200
274400
280200
285600
287700
319900
325900
344700
348000
357400
379300
384100
402300
406300
419400
428400
434200
439300
447000
472000
482100
493200
499400
506800
514600
517300
520700
527300
543200
553500
557400
567600
570400
577500
599100
601000
605500
613400
640000
645200
653700
670500
679800
691900
701900
708000
717900
728700
731100
739400
751800
770800
774300
782100
793100
798000
806400
810700
814500
821700
834500
839700
849100
867300
871000
875600
886000
897900
912700
916800
926100
944800
965400
976400
999700
1010300
1022900
1032200
1038600
1043400
1054800
1064700
1073100
1084400
1089400
1105900
1132600
1145900
1149200
1159500
1175500
1197300
1203500
1208100
1227800
1235700
1269500
1282500
1299600
1306000
1310500
1316600
1324700
1330400
1337800
1350000
1361000
1375300
1383200
1396200
1406800
1441000
1449300
1466800
1471200
1473100
1477300
1487700
1491200
1495900
1521300
1523300
1528500
1543300
1546400
1555200
1577500
1587600
1603700
1621800
1632500
1642300
1644900
1656000
1660500
1663700
1679500
1688800
1691900
1707100
1722500
1727800
1732400
1763800
1771500
1777300
1779200
1791100
1803000
1806900
1818600
1825900
1838400
1842200
1858200
1868400
1890800
1895700
1903900
1906700
1922300
1924200
1938700
1946000
1962100
1964200
1970800
1980600
1994400
2001300
2014000
2019400
2027300
2045100
2052500
2054900
2057100
2070500
2073600
2104300
2120600
2132000
2136700
2146700
2159500
2169400
2171400
2189800
2201300
2205600
2208200
2211500
2224600
2237700
2248500
2251200
2276000
2293300
2297200
2317100
2326300
2337900
2340300
2348900
2364000
2379900
2390700
2401600
2409500
2422200
2427400
2444400
2449400
2451600
2458500
2465600
2488400
2493600
2495600
2498600
2505800
2507900
2511800
2538100
2550800
2561000
2569100
2588900
2596800
2609900
2612000
2625900
2636200
2651900
2659600
2671600
2673800
2679900
2690800
2709300
2720800
2724600
2732900
2745200
2748400
2771900
2774900
2783200
2792800
2796200
2802700
2813100
2825700
2831000
2836700
2842200
2857700
2866300
2877900
2889500
2897900
2907200
2917900
2920100
2924000
2926800
2939300
2944600
2960900
2974500
2990500
2997500
3001200
3014100
3035100
3037500
3040300
3046600
3052200
3091400
3093300
3097700
3103800
3115800
3132000
3148700
3163600
3168700
3186700
3194000
3211400
3215100
3224900
3233900
3247000
3249800
3260300
3272300
3301000
3305600
3311600
3332200
3338900
3341500
3347400
3357600
3366300
3386000
3397000
3403600
3411900
3419600
3432400
3447200
3457300
3465000
3481700
3485000
3497900
3501600
3516100
3522900
3529300
3549800
3558800
3563800
3583800
3591800
3606800
3618500
3623600
3625500
3640500
3646200
3650900
3674400
3678100
3697400
3702000
3711400
3720800
3740700
3747000
3760100
3778100
3784100
3789200
3794800
3802500
3808100
3812000
3821000
3824300
3831000
3836400
3845100
3853800
3869200
3871800
3879700
3882200
3888000
3893000
3905400
3908300
3911700
3949700
3956600
3960100
3965800
3971000
3974700
3984200
3989600
3993200
4006300
4023300
4027800
4039900
4067500
4082800
4096100
4102700
4109200
4115800
4121400
4131900
4140600
4143500
4148500
4166300
4168700
4180800
4191400
4194500
4221300
4244100
4257100
4272500
4276300
4283600
4293900
4298500
4316400
4327500
4340900
4364400
4375000
4386500
4418700
4428400
4438400
4442800
4451200
4453600
4462600
4473000
4484200
4504400
4507100
4516900
4522600
4536200
4539000
4543900
4549200
4557300
4567900
4573700
4584000
4589200
4602400
4608800
4612700
4642600
4654500
4662000
4669600
4674100
4687700
4698100
4706700
4710000
4728200
4739300
4742300
4755600
4758800
4773500
4803900
4814700
4829500
4848500
4862500
4868000
4880200
4885600
4888700
4898300
4925700
4934600
4945300
4953700
4956200
4968800
4973300
4986800
4993700
4999600
5016800
5020700
5041400
5047600
5060500
5065700
5067700
5081900
5092900
5098500
5112500
5117800
5139700
5144400
5159900
5174000
5187400
5194900
5212900
5216700
5236600
5240800
5246100
5255900
5271900
5278800
5298400
5314700
5331200
5334800
5339000
5344600
5358800
5360700
5364900
5378300
5382200
5395900
5400200
5404700
5413500
5430200
5436500
5447200
5450100
5455000
5466400
5478700
5487100
5494100
5509200
5518600
5528800
5542600
5554900
5564600
5583800
5590800
5598800
5604500
5607700
5616900
5620500
5629900
5645900
5649500
5653100
5663300
5669000
5677900
5689000
5693100
5700800
5708600
5711900
5726400
5740400
5762000
5764000
5774300
5787200
5807900
5824300
5827100
5835000
5849200
5862000
5875800
5884700
5897300
5911400
5918700
5924900
5937500
5960200
5969100
5982100
5999000
6004700
6008100
6021700
6064300
6085100
6089300
6102900
6106200
6111700
6142500
6158400
6163000
6173200
6181900
6204000
6213000
6222200
6236800
6259400
6271100
6294700
6298400
6320700
6335200
6340900
6372500
6379300
6383500
6389400
6392500
6417000
6433600
6459800
6465500
6477600
6492500
6512700
6523000
6525800
6539200
6545600
6551500
6573300
6586200
6592000
6603300
6612800
6615200
6625600
6634500
6648000
6653700
6656600
6664800
6668600
6702800
6707500
6712500
6735400
6759700
6766000
6768000
6782500
6796500
6817800
6831300
6834100
6839900
6844500
6850600
6858400
6873000
6877000
6889900
6898600
6907200
6916100
6920600
6929200
6952800
6956800
6960300
6972000
6975700
6980800
6997600
7007000
7019200
7028100
7040700
7051600
7067400
7080200
7098200
7106400
7117000
7120400
7130500
7143000
7156300
7160000
7163200
7176500
7187700
7200800
7214000
7221300
7224700
7234400
7249600
7255000
7259100
7264800
7267700
7303900
7315900
7326000
7330700
7338600
7344300
7350300
7371700
7374100
7385300
7388200
7398200
7411600
7429600
7434200
7442900
7450500
7461600
7483100
7506300
7513400
7517800
7541000
7542900
7549100
7551900
7565600
7585000
7602600
7606400
7618500
7627900
7636700
7639700
7653100
7658300
7668900
7675200
7702500
7705100
7707600
7722900
7729500
7733200
7741500
7747400
7749600
7760800
7765100
7782200
7811500
7820800
7824100
7832700
7850300
7856500
7867000
7883400
7886600
7891600
7900500
7913300
7925900
7932400
7953000
7971800
7975500
8008800
8013700
8022400
8054300
8058700
8074300
8080600
8093700
8101500
8118700
8128900
8142000
8153600
8182900
8195700
8205000
8209600
8221600
8238000
8250200
8255100
8266100
8278100
8285400
8313700
8317000
8327700
8334400
8344500
8346500
8360400
8365300
8381100
8386900
8398700
8411800
8421400
8438300
8440400
8470100
8482400
8488200
8495000
8508400
8514100
8522800
8530300
8569200
8572800
8576100
8582500
8602700
8612500
8620600
8623300
8628100
8636500
8649500
8660200
8675000
8678800
8681500
8693300
8710200
8720000
8749600
8768600
8791500
8804900
8832400
8834800
8853000
8861900
8865200
8870300
8878200
8889000
8911600
8915800
8933800
8945900
8959200
8966800
9006500
9016800
9018700
9047500
9070800
9074500
9083400
9099000
9110000
9113700
9136000
9159300
9173000
9189400
9203800
9219300
9226700
9239400
9256000
9270100
9277000
9290600
9293600
9299500
9304000
9327100
9344200
9352900
9373400
9376700
9386300
9391800
9402800
9414700
9430100
9436900
9453600
9457800
9462400
9468500
9478600
9491600
9506600
9515800
9522700
9536500
9554400
9560400
9566000
9573300
9578200
9589700
9609500
9615000
9621300
9641200
9649300
9654000
9664300
9683600
9687000
9689600
9693300
9696700
9711600
9721100
9724000
9741200
9749500
9756100
9763900
9782200
9789300
9809000
9833300
9849400
9869800
9875000
9879400
9899100
9902200
9912500
9923900
9927800
9933100
9947100
9970400
9981800
9989700


