# repro call number: 0
# mode: 1
# signal: 2
# stimulus file: /extra/setup/oel/stimuli/receptorInfo/lmd_co200.dat
# carrier freq (kHz): 3.5
# stimulus length (msec): 1000
# pause between stimuli (msec): 700
# length of ramp (usec): 1000
# desired firing rate (Hz): 100
# standard deviation (dB): -1
# cut-off frequency (Hz): 200
# repetition number: 0
# duration (msec): 1000
# intensity (dB): 88.2308
4800
6900
8500
13800
15500
18200
32900
34900
36600
49800
60500
62700
77500
81800
87000
92800
94700
107500
122300
128000
134300
140400
142300
157800
168900
171200
178200
193400
206300
214600
229100
243700
249600
256200
258400
270800
276800
291100
305200
315600
317400
320000
326000
334200
341600
348200
350200
356600
361100
370900
377300
383300
396200
404600
420000
426900
450000
459100
471100
472900
492400
497800
504100
515100
519600
535000
547700
564300
579900
581800
593800
600900
607900
612400
614400
620000
641200
651800
674200
686100
689300
691600
693700
708100
712200
714500
727100
728900
743700
748300
755700
764800
771200
773600
782000
787800
794200
804900
815300
818400
836800
847900
870100
872100
882100
884000
905500
913200
929100
936200
943200
948800
954800
959600
971600
991500
1008500
1015000
1034700
1041800
1048300
1059400
1061500
1079900
1090800
1108400
1115200
1117000
1129700
1137100
1151100
1153100
1163500
1165300
1174800
1182700
1195700
1212300
1218200
1242600
1244600
1256600
1258500
1272500
1292100
1299300
1313100
1316700
1321000
1329900
1338600
1355300
1357200
1367400
1396600
1424300
1433700
1440700
1443500
1456000
1458600
1470000
1471800
1482400
1496600
1499100
1504200
1521800
1524200
1540300
1546500
1551500
1553500
1561800
1571400
1577300
1597500
1615300
1631500
1633600
1639300
1654900
1659800
1671500
1684200
1694200
1703900
1733900
1746300
1750900
1766800
1769400
1789100
1794900
1802000
1824200
1837200
1844300
1860300
1863000
1870500
1887300
1890600
1902900
1904900
1920500
1937600
1946600
1953000
1967400
1971300
1986000
2011500
2014900
2026900
2031400
2041600
2052800
2058000
2071600
2078500
2097400
2108500
2110700
2119500
2125500
2136400
2143400
2145300
2152600
2154800
2175200
2187800
2194300
2199000
2207000
2213200
2224800
2226900
2248200
2250100
2269300
2279400
2291900
2301000
2303100
2306200
2319500
2338400
2342600
2354800
2357400
2359500
2365400
2374600
2381500
2398700
2424200
2439100
2464200
2470700
2474700
2496400
2502400
2524800
2526800
2530500
2552400
2559700
2564400
2566300
2570700
2592800
2606400
2608800
2621300
2624100
2640600
2644800
2648800
2651000
2671600
2687000
2696300
2720500
2736800
2766500
2771700
2774800
2791300
2793500
2810900
2813000
2828100
2830600
2845100
2862200
2876900
2884700
2894400
2907700
2920100
2931100
2933000
2938000
2953000
2957800
2970500
2978700
2984900
2995000
3009900
3011700
3016500
3031900
3034200
3044800
3071500
3082400
3087000
3098900
3109800
3121400
3124400
3138700
3150800
3166800
3171400
3173600
3178000
3190900
3224400
3230400
3233500
3235800
3255900
3258200
3267100
3274600
3277000
3295100
3301800
3334100
3341800
3350100
3359400
3376000
3386200
3392400
3401400
3420000
3421900
3435100
3441100
3456900
3463400
3466200
3474100
3485900
3500400
3528000
3534500
3545100
3547500
3572300
3602200
3607000
3612600
3628100
3630000
3641500
3650500
3656200
3664300
3687600
3692800
3709000
3711100
3725500
3727400
3740400
3748800
3751300
3762900
3774700
3777100
3781900
3789600
3792600
3811300
3815500
3817300
3823100
3833000
3845900
3852900
3867000
3879800
3885600
3916100
3919100
3931400
3934300
3945000
3964400
3966600
3978900
3986100
4011400
4024500
4032200
4034800
4041600
4050900
4061100
4076500
4087100
4096300
4104800
4131400
4149500
4151400
4157200
4162900
4165200
4184200
4191300
4217100
4219400
4232400
4251600
4253900
4263100
4275100
4285600
4291600
4313100
4316500
4331600
4337800
4339800
4347200
4369400
4386400
4392100
4399400
4408300
4427500
4432800
4439800
4475400
4486700
4497800
4511600
4534700
4546000
4548000
4553200
4564700
4578200
4587800
4589700
4597400
4600000
4610100
4616300
4630800
4638200
4644600
4651300
4657800
4672600
4690200
4695900
4723900
4729100
4735000
4743900
4746500
4753600
4760100
4765100
4778400
4786400
4802300
4804700
4821300
4823500
4839300
4864000
4870600
4877300
4885100
4899200
4909700
4917200
4929900
4944000
4945900
4950700
4966400
4971800
4975900
4981900
4991400
4997100
5008400
5027700
5054600
5060300
5070800
5073700
5081800
5093800
5118700
5123900
5125800
5137200
5139500
5150200
5165300
5174400
5201600
5207500
5225300
5236900
5243100
5252500
5263900
5273000
5286400
5288100
5299900
5303900
5306900
5314800
5330600
5361400
5366800
5373800
5383000
5390300
5404800
5415200
5426000
5441900
5461000
5472200
5504300
5511100
5522400
5529700
5533300
5545100
5553400
5567300
5586100
5592500
5601500
5607300
5628300
5630200
5639600
5641800
5658200
5664300
5689400
5692400
5708200
5718100
5736300
5748300
5768900
5779900
5782200
5797400
5809900
5825000
5834200
5850300
5861100
5878800
5891000
5904600
5936700
5938600
5947000
5951900
5954100
5961800
5968800
5989100
6007600
6014800
6026300
6045200
6047900
6060500
6069900
6084100
6095700
6098600
6110500
6119000
6125300
6130300
6156300
6175100
6191400
6193500
6197300
6208600
6231400
6233600
6248400
6255200
6283500
6296100
6313100
6328400
6354900
6359100
6374300
6390100
6394700
6419800
6431800
6440100
6452100
6455200
6472900
6480300
6482700
6486200
6500000
6509800
6514400
6524900
6527200
6538600
6544300
6559900
6574900
6581000
6595000
6607500
6621900
6635000
6641100
6650900
6661600
6670600
6682500
6695900
6698900
6723200
6725300
6734900
6758100
6765600
6781800
6797300
6803100
6808900
6811300
6823700
6836700
6847400
6854700
6863300
6876700
6896800
6905100
6918400
6931700
6952700
6954800
6970200
6976500
6983600
6997900
7000800
7010500
7019200
7027300
7032900
7041900
7048600
7059700
7068800
7077800
7081700
7103700
7106500
7114000
7127100
7133100
7143300
7155200
7167300
7175500
7194800
7199600
7215100
7254900
7262800
7272800
7279500
7300000
7307500
7317100
7320300
7343800
7346100
7364000
7386400
7401900
7416700
7418800
7422900
7430000
7437000
7474400
7497200
7503500
7514400
7526000
7529400
7540500
7557600
7562300
7567100
7574000
7596200
7601300
7625400
7633900
7663000
7670300
7685400
7691800
7702600
7714200
7721700
7734200
7736400
7754200
7763700
7782200
7788400
7798700
7802900
7815400
7832200
7841900
7843900
7868200
7875100
7885600
7898200
7908900
7911400
7932800
7938900
7942900
7947400
7949700
7965300
7971500
7973900
7989600
8003600
8005600
8014700
8021500
8023500
8032700
8044200
8055800
8064100
8076700
8083900
8093300
8098700
8103900
8106400
8120100
8131000
8153800
8156100
8170300
8199400
8205700
8207700
8218000
8224900
8230700
8233000
8238500
8250600
8253400
8256200
8270000
8276800
8297700
8304600
8310800
8322400
8327400
8349800
8358500
8364600
8369100
8379300
8392200
8394200
8419400
8430000
8431700
8456600
8468300
8470300
8495400
8506500
8536500
8542700
8544600
8558500
8565300
8585200
8590700
8592800
8607300
8615000
8625100
8627900
8650100
8655600
8661600
8666300
8677300
8686100
8704300
8706300
8709600
8715700
8738400
8748100
8758300
8772800
8783900
8795100
8834300
8861300
8868200
8874700
8887800
8922200
8929800
8948200
8959900
8981900
8987300
9004100
9010500
9027100
9038300
9048900
9054000
9070200
9075800
9084100
9104000
9106000
9124600
9127100
9131600
9143200
9175000
9180200
9188500
9217500
9228100
9230400
9237300
9254100
9260300
9273900
9275800
9282900
9297800
9309000
9311200
9361100
9366500
9372600
9387100
9394400
9406700
9408700
9423900
9427500
9452800
9463700
9489100
9491000
9496500
9504000
9523400
9528400
9539800
9550900
9558400
9564500
9591700
9609300
9628500
9646900
9651300
9659300
9675100
9681100
9702100
9708000
9718900
9740500
9766300
9771900
9783100
9799400
9801500
9816600
9820600
9831400
9856600
9882500
9891200
9905000
9910800
9921200
9933800
9935900
9966200
9972500
9974800
9984200
9999100


