# repro call number: 0
# mode: 1
# signal: 1
# stimulus file: /extra/setup/oel/stimuli/receptorInfo/gaussModality_co200.dat
# carrier freq (kHz): 3.5
# stimulus length (msec): 1000
# pause between stimuli (msec): 700
# length of ramp (usec): 1000
# desired firing rate (Hz): 100
# standard deviation (dB): -1
# cut-off frequency (Hz): 200
# repetition number: 0
# duration (msec): 1000
# intensity (dB): 96.087
3700
5300
9200
10800
19300
20900
22600
31700
38600
40400
54500
56100
80100
81700
92800
97400
102400
107200
117500
119200
125400
162200
169600
179000
181000
183900
190700
208500
221800
229700
231400
233300
237100
254300
256500
258800
265500
285600
302400
307600
317500
319200
321000
324800
335800
340200
354000
355700
361600
367700
370200
376500
382400
397600
399800
405300
416000
418000
446700
451500
453300
458900
460700
482100
487400
502200
508000
509900
520200
528600
547600
549900
551700
565900
591100
592900
599300
623100
634300
636700
653600
665200
685600
701300
706800
711600
713700
723800
725900
738700
753000
758100
769200
776100
788500
790200
803900
812800
814500
829300
831100
837400
861400
863400
872200
886100
887800
889500
899500
902700
918200
935800
956900
963400
965200
978400
980300
985600
999800
1001500
1006200
1007900
1018800
1021000
1033300
1039700
1044400
1046100
1059400
1072100
1073800
1081500
1092800
1094700
1103600
1115300
1125700
1138500
1140400
1144000
1169000
1171900
1173800
1176100
1183700
1189100
1199700
1205600
1215300
1217100
1242100
1252400
1257700
1264000
1276900
1279700
1293900
1316700
1322000
1324000
1331500
1334500
1343300
1351400
1353100
1357400
1362900
1371800
1378100
1380200
1394300
1405500
1421600
1423600
1425500
1427900
1445200
1464700
1482900
1490300
1492100
1497100
1499000
1502800
1506900
1518000
1519800
1533200
1544300
1568300
1571900
1574300
1576400
1591700
1595700
1607900
1612100
1617000
1623300
1639000
1648600
1653200
1676400
1678100
1679900
1683800
1698200
1703900
1714000
1729100
1737500
1739700
1766000
1767800
1769700
1787500
1803600
1805700
1821800
1824300
1826400
1844800
1847300
1869000
1877100
1897200
1900000
1902200
1906600
1917000
1918900
1932700
1934700
1937300
1948800
1954300
1956000
1966200
1971400
1973400
1988900
1993100
2000900
2025700
2044900
2060300
2065900
2067900
2070200
2072100
2082500
2089100
2092100
2102600
2104700
2106500
2143000
2144700
2148500
2158700
2160500
2171800
2177400
2198000
2214500
2228100
2245100
2246700
2270200
2272000
2275300
2277200
2282400
2304400
2338100
2345200
2347200
2360600
2362400
2366900
2368800
2382400
2388300
2404900
2424700
2430500
2435800
2437600
2443700
2445600
2452200
2470100
2505200
2507200
2509800
2511900
2525700
2527800
2553100
2567600
2579400
2592500
2603900
2616200
2627500
2640600
2642300
2653000
2658100
2662800
2684800
2695400
2705900
2707700
2724400
2726500
2737600
2739300
2751700
2757200
2759000
2779300
2781100
2796400
2808200
2809900
2820200
2837100
2843100
2851800
2858200
2863200
2869700
2887500
2893900
2898600
2909300
2934600
2946100
2948000
2959800
2965300
2967000
2969300
2976100
2990000
3004400
3010900
3029300
3046700
3048900
3055600
3058000
3066800
3081700
3083500
3093000
3099400
3104400
3114100
3119300
3129500
3134800
3137000
3163200
3172000
3174100
3184500
3199900
3211200
3215700
3217500
3219200
3240100
3245600
3253500
3258300
3260100
3271200
3273100
3275300
3285000
3292700
3307300
3314800
3319100
3324000
3325900
3331000
3356300
3362100
3372400
3374200
3393400
3398800
3401000
3409400
3413900
3420300
3436400
3445800
3450000
3459900
3461700
3478300
3489900
3513700
3520500
3522300
3536100
3547100
3554700
3563100
3569000
3575800
3577700
3587900
3605800
3621000
3629500
3631300
3637500
3649200
3662000
3666800
3668500
3678100
3698100
3722100
3728000
3729800
3735000
3747300
3749200
3763500
3765400
3788700
3794100
3795900
3815900
3820200
3839600
3846500
3849900
3852000
3853900
3866900
3869000
3875300
3877100
3897600
3911600
3921300
3927900
3933200
3935100
3938100
3955800
3957700
3963300
3975200
3981300
3989600
3991500
4001000
4002900
4013100
4015500
4019800
4021600
4035200
4046300
4051600
4053500
4068300
4084600
4088700
4093900
4095700
4125900
4140300
4142000
4161200
4164100
4175800
4182400
4204700
4210300
4212100
4213900
4219500
4231000
4235400
4248100
4256800
4266500
4270500
4290700
4297600
4303100
4307800
4312600
4314500
4336900
4342300
4348900
4353000
4357900
4363800
4378100
4380000
4394200
4397200
4409300
4414800
4416600
4443000
4470900
4480800
4486400
4489000
4501900
4512300
4514100
4529900
4532100
4545600
4557100
4585000
4589600
4595600
4601400
4605700
4607700
4617600
4624300
4630300
4638600
4658900
4660600
4672000
4684600
4689400
4699800
4717000
4718900
4723300
4728200
4739600
4745300
4747400
4762100
4763900
4791800
4796000
4797800
4811900
4813700
4823100
4825100
4835000
4841400
4843600
4855400
4874200
4888100
4890000
4895200
4897100
4920700
4935300
4937000
4942900
4949700
4958000
4977600
4979400
4981300
4983500
4986900
4992400
4994600
5001100
5010000
5017400
5026000
5042300
5061200
5069000
5079900
5085900
5095100
5096900
5109000
5112700
5115300
5130400
5133400
5135600
5138300
5140300
5177000
5192200
5194700
5222600
5228200
5230000
5263300
5288100
5293400
5297200
5299100
5304400
5306500
5317900
5319700
5327100
5357500
5366200
5387700
5399700
5416200
5417900
5429200
5444100
5451600
5462400
5467800
5474600
5476400
5478300
5503400
5512400
5514600
5524200
5526000
5529700
5540500
5554100
5556200
5561500
5563900
5566100
5576100
5584900
5599800
5601600
5606600
5616200
5627000
5642200
5645100
5662200
5664600
5666400
5680900
5682700
5690200
5696100
5707000
5712600
5737100
5738900
5754500
5757100
5768500
5780500
5782300
5784700
5790900
5795800
5812300
5817000
5824700
5830300
5861600
5863300
5868700
5870600
5896200
5902200
5907700
5915300
5923800
5938400
5944300
5992400
5994100
6003500
6005200
6012300
6031100
6044400
6046300
6059600
6085500
6092000
6106300
6111200
6113000
6124100
6128400
6143500
6149900
6153700
6155500
6166900
6173200
6175100
6184900
6186800
6200700
6205800
6210900
6212800
6246100
6256900
6259000
6264800
6288300
6290500
6299400
6301200
6323400
6327700
6343900
6345900
6358800
6360900
6371800
6377900
6391200
6397700
6399600
6402800
6415100
6419100
6420900
6425200
6427800
6435500
6437300
6447900
6457900
6459700
6484600
6498600
6504700
6522400
6541400
6548300
6550200
6584100
6585800
6594000
6595900
6605000
6607000
6633600
6635400
6640100
6649800
6655100
6667000
6678700
6685600
6702100
6712200
6718000
6719900
6734000
6740300
6748900
6751300
6753600
6766200
6773700
6781900
6797400
6816000
6824000
6826200
6830400
6852900
6856500
6858600
6868900
6882200
6899500
6923600
6925400
6933800
6939700
6946300
6955100
6968500
6980200
6982100
6984000
7009600
7017600
7019400
7026500
7037900
7041200
7065900
7070900
7074000
7077300
7095300
7111600
7113500
7119700
7124300
7129800
7136300
7154500
7156400
7184500
7190600
7192500
7200200
7220900
7223000
7225500
7245300
7247000
7258000
7265300
7271400
7276600
7278700
7289100
7311500
7319900
7325900
7337400
7351000
7356300
7358400
7376800
7391600
7403500
7405200
7440200
7467600
7469500
7487800
7489700
7497900
7499700
7509200
7511200
7523100
7525700
7544700
7554500
7556400
7579000
7580900
7589300
7591100
7600100
7602100
7624900
7629000
7641200
7652100
7654000
7656100
7666900
7678900
7680700
7685000
7686800
7708200
7714400
7716300
7731200
7732800
7734700
7742700
7748200
7766800
7779500
7781600
7786200
7797900
7816000
7817800
7839300
7855000
7869200
7874900
7885500
7887200
7896000
7905900
7908000
7911800
7940300
7951600
7957200
7959300
7969400
7971300
7973400
7994500
8012600
8014800
8027000
8035700
8046300
8055900
8058900
8060800
8074800
8086300
8088200
8090400
8101600
8112300
8122300
8134200
8159000
8161000
8162900
8170100
8181400
8183700
8190900
8202100
8204200
8207600
8222600
8230900
8233100
8245500
8247900
8253100
8255800
8271900
8273800
8276000
8287100
8289100
8296100
8303400
8311900
8335100
8342500
8344800
8349900
8352200
8365600
8390000
8396600
8408000
8423600
8430700
8433100
8445300
8457300
8467600
8481900
8487700
8490700
8518100
8519900
8526300
8536500
8538300
8540100
8559300
8562800
8567700
8573000
8578600
8592100
8602000
8618100
8620300
8644000
8653200
8660000
8661800
8682600
8696300
8698200
8707700
8709800
8728700
8733500
8747300
8766900
8775100
8777200
8788800
8790700
8812900
8817600
8819400
8827900
8835300
8840200
8856300
8872400
8880600
8894000
8899600
8901400
8917700
8920100
8934900
8937200
8943900
8945800
8966100
8967800
8969900
8985800
8991900
9014400
9021100
9023200
9043500
9045400
9083100
9084800
9100100
9105600
9116400
9129200
9131100
9156200
9158600
9172200
9180000
9193500
9202300
9204500
9208200
9218900
9227300
9229700
9246000
9250000
9262700
9277400
9279700
9299400
9301300
9320800
9322600
9331600
9341100
9343000
9360700
9377400
9383800
9388100
9395600
9406100
9407900
9415000
9423100
9430600
9439300
9441200
9469000
9471400
9480200
9495400
9505200
9510200
9512100
9529400
9559800
9570500
9576900
9578700
9580900
9605300
9619300
9621000
9632700
9637000
9648900
9650900
9677900
9679600
9687500
9705600
9710800
9716000
9722100
9728000
9741400
9743300
9762400
9764500
9772000
9774000
9787200
9799000
9800900
9816800
9818700
9836800
9849300
9863000
9873000
9874900
9880100
9894200
9896100
9905600
9911800
9927900
9939400
9945300
9947300
9970300
9972100
9986800
9988500
10002700


