# repro call number: 1
# mode: 3
# signal: 2
# stimulus file: /extra/setup/oel/stimuli/receptorInfo/gauss_st6_co50.dat
# carrier freq (kHz): 3.53553
# stimulus length (msec): 1000
# pause between stimuli (msec): 700
# length of ramp (usec): 1000
# desired firing rate (Hz): 100
# standard deviation (dB): 6
# cut-off frequency (Hz): 50
# repetition number: 0
# duration (msec): 1000
# intensity (dB): 69.2453
12000
14200
26500
32400
34400
36400
50100
67400
71000
73100
75100
77000
79000
98100
100200
102900
106700
146500
149400
151600
154000
167800
192700
212400
229300
231900
233900
235900
237800
239900
258700
264900
275900
282100
290000
299000
338700
342500
344800
347200
349500
353900
401600
411800
414700
416900
418700
421000
425900
444100
471100
474100
476700
478800
480900
483900
507400
517500
520000
523200
542500
545700
548600
550700
552800
554800
556800
559100
561100
585400
589200
620200
623100
625900
648800
654900
675100
677400
679400
681300
683300
685400
689200
715600
720000
723900
727200
750200
754800
757600
760000
762100
764300
808700
823200
826100
828400
830800
851200
871900
876100
878600
880900
883100
885500
888000
890400
911300
915800
955700
958400
960600
962700
981700
985300
1006300
1024000
1027800
1044100
1048000
1051000
1062000
1064600
1066600
1068700
1070600
1072800
1075400
1078100
1109900
1112500
1114900
1116900
1119100
1121500
1191400
1198000
1232800
1236200
1254200
1262500
1273400
1277400
1279800
1281900
1284200
1289400
1325300
1328700
1349700
1355300
1359500
1378800
1382200
1386100
1405200
1408600
1411900
1414300
1437700
1440400
1442400
1444500
1446500
1485300
1488700
1525900
1529000
1532400
1537300
1552100
1557200
1595700
1600300
1603400
1620000
1648700
1653300
1656200
1660600
1679600
1683000
1723100
1747600
1749900
1752100
1754400
1782400
1786600
1799000
1801700
1803800
1805800
1807800
1809800
1847700
1891900
1906900
1909100
1911000
1913200
1915700
1938200
1980800
1982800
1984800
1986600
1988600
1990600
1992500
1994500
2011400
2015300
2019300
2033100
2036200
2038700
2101600
2105000
2128300
2130800
2133700
2152600
2155300
2157900
2160000
2162300
2167200
2169400
2205100
2211100
2224000
2268700
2271200
2273100
2275100
2277100
2287300
2291300
2295000
2334300
2349700
2352500
2375100
2381300
2404500
2409700
2412700
2415400
2425000
2428900
2449200
2471200
2473400
2475800
2498300
2502900
2572000
2574200
2576500
2614300
2642200
2645000
2647200
2650500
2653700
2670600
2673300
2677300
2697700
2700200
2738500
2741200
2743200
2745400
2748300
2773100
2775600
2777600
2779500
2781500
2804400
2806800
2828700
2831800
2834400
2836500
2843000
2847300
2850400
2883900
2887900
2890100
2892200
2894300
2896400
2915000
2918400
2922500
2925200
2928700
2931600
2933700
2936100
2938600
2940800
2968000
3027600
3031700
3048800
3051600
3054100
3059100
3074500
3107000
3109600
3111600
3113500
3115500
3137800
3140800
3142900
3145900
3194700
3211600
3236400
3255400
3257900
3260400
3285400
3288000
3290200
3292700
3296900
3314000
3320800
3323200
3348300
3350400
3352400
3354300
3356300
3359300
3406700
3408900
3411200
3414800
3433100
3435400
3438000
3464400
3469100
3474100
3477000
3480900
3485200
3488600
3491000
3493300
3495400
3497600
3500100
3503600
3513800
3517600
3547000
3554900
3559200
3573800
3576100
3578400
3581300
3600200
3602500
3605000
3629200
3644600
3650500
3677000
3702800
3722600
3741300
3744800
3748600
3765600
3768200
3770300
3773100
3825900
3847900
3850500
3852800
3855600
3865700
3867900
3870000
3872100
3874500
3911900
3933500
3936600
3941600
3963200
3967000
3970200
3972400
3974700
3997900
4015600
4036900
4064500
4069800
4072600
4075400
4078700
4100300
4118400
4121400
4124000
4142800
4145400
4163700
4168500
4191000
4209200
4211800
4213900
4215900
4218000
4239900
4274500
4277100
4279300
4281400
4283900
4301300
4305400
4330800
4359100
4362500
4380200
4408000
4431100
4433600
4435700
4437800
4439700
4441900
4445200
4459200
4463400
4498700
4524000
4557300
4559400
4561400
4563300
4565400
4567600
4604400
4607000
4609000
4610900
4612900
4614900
4617600
4620000
4649700
4690200
4693500
4695900
4698200
4732900
4737400
4754200
4756300
4758300
4760300
4762300
4784600
4798500
4802100
4805700
4824800
4845300
4847800
4850100
4876900
4879400
4903100
4905300
4907200
4909100
4928200
4991900
4997300
5010600
5013500
5016300
5019400
5027700
5031000
5050800
5053100
5055100
5057000
5059000
5061000
5094900
5097700
5120300
5123200
5140300
5145000
5162900
5171800
5177700
5202300
5204400
5206400
5208300
5210300
5212300
5306000
5308100
5310000
5311900
5314600
5329500
5331900
5333900
5336200
5356300
5371600
5374300
5376400
5378700
5397200
5400300
5405600
5423400
5426300
5428700
5431000
5433200
5435600
5472600
5475400
5477800
5480300
5483200
5501600
5510700
5534300
5538400
5562400
5565400
5568400
5571500
5574600
5576800
5578800
5602000
5604600
5607200
5626800
5629800
5634800
5672700
5675100
5677300
5679600
5695300
5697700
5726300
5734300
5759900
5776300
5780300
5801500
5805100
5814100
5841800
5845300
5863500
5866100
5868700
5871000
5873000
5875500
5878700
5916300
5939800
5954700
5956800
5959100
5961100
5963200
5965500
6005000
6023000
6025100
6027100
6029100
6031300
6059500
6064600
6068500
6071300
6099900
6106400
6158900
6163600
6185100
6188300
6195600
6253200
6255400
6257700
6259800
6261800
6290000
6293800
6297300
6299900
6302200
6330500
6335000
6338400
6358200
6360900
6363400
6365500
6367700
6369600
6371600
6375600
6378800
6397700
6405100
6449100
6467400
6474400
6482200
6484700
6486900
6489000
6491600
6494300
6522000
6524400
6526600
6528700
6531200
6552100
6568000
6572100
6577000
6584400
6587700
6590000
6592500
6594700
6597600
6651300
6654700
6658100
6692700
6694900
6696900
6699500
6702200
6718500
6731100
6733900
6739000
6768400
6771900
6774200
6778000
6793700
6796500
6799600
6801900
6819600
6839200
6873800
6876700
6878900
6881000
6898700
6901100
6903300
6905800
6908300
6920700
6923200
6925300
6927500
6929800
6933300
6951200
6955100
6957800
6960300
6984200
7017600
7020600
7022800
7024800
7040000
7042400
7044800
7046900
7082400
7085900
7090000
7114600
7116800
7119000
7121200
7141800
7144100
7146200
7175900
7179100
7181600
7184700
7212600
7216200
7219600
7222000
7224000
7228600
7261200
7285600
7307600
7312300
7314700
7317500
7319700
7338700
7341200
7343300
7345500
7362300
7364800
7367000
7369200
7380100
7382800
7385400
7387900
7408600
7423700
7426400
7428600
7431200
7485500
7504800
7507500
7509700
7513100
7529000
7532600
7538400
7545600
7591100
7604000
7606300
7608300
7610300
7612500
7614500
7676100
7679400
7681600
7683600
7689700
7743700
7772000
7788200
7809500
7827600
7830400
7832900
7857400
7876700
7959000
7962700
7965500
7967600
7970100
7989400
8057000
8069200
8072400
8076600
8098700
8100900
8102900
8104800
8107100
8160700
8163500
8166300
8186400
8191900
8195200
8201200
8223300
8242900
8265000
8268100
8289800
8293900
8303200
8305500
8307700
8310400
8313100
8340900
8343200
8345300
8347300
8349400
8351600
8354500
8382100
8384500
8386500
8388700
8406800
8468100
8473400
8504900
8508100
8516900
8526100
8529900
8533600
8537500
8582800
8585700
8588500
8590900
8632700
8646300
8648900
8651200
8653400
8655700
8690600
8694400
8732700
8736300
8738900
8741800
8786400
8790700
8825900
8879700
8919100
8933300
8986100
9020400
9025400
9029100
9033400
9036700
9083200
9085600
9087800
9089900
9128500
9131200
9143000
9146400
9148700
9151100
9193800
9196800
9220800
9223400
9225600
9227600
9229700
9231700
9233700
9254500
9258900
9285500
9290000
9292700
9319300
9322300
9324600
9326900
9329900
9352500
9355000
9357000
9359000
9361000
9363300
9386100
9389100
9433400
9437200
9439600
9442200
9444900
9448900
9463400
9466800
9470100
9490000
9492200
9494400
9497800
9506700
9510800
9601900
9605300
9611300
9633300
9692100
9694200
9696100
9698100
9700200
9714400
9717600
9738800
9741400
9745000
9762400
9767700
9793200
9822800
9838400
9877600
9879900
9882000
9883900
9886200
9888300
9890700
9914100
9934300
9940600
9961700
9964500
9966600
9968600
9985500
9987700
9989700
9991700
9993800


