# OFFOEL
# duration (msec): 1000
# repetition number: 1
2400
7800
11900
16000
22400
27900
39200
45000
53300
69500
75700
80900
87100
90300
102100
108000
115000
126700
145000
148400
161400
166100
171000
183000
198500
206700
211100
214500
219100
228000
234300
242500
249500
271300
273000
291800
295200
299300
306200
312200
321500
323200
337000
339900
354400
369100
374800
380500
383800
394000
399500
405900
410100
413900
417000
422300
429100
433100
447100
465200
474700
476400
480100
484400
489500
492200
501900
508000
518400
525200
530500
536100
553500
557700
561100
569500
571200
572900
589100
592400
605500
618700
627100
635500
637200
642700
647100
651200
657700
661700
668400
686900
695800
705800
719000
732200
736000
745600
756100
760400
765500
772900
781600
789300
794700
799900
805800
812300
839000
845400
849700
859600
864000
867300
884000
905000
908800
921800
928500
937000
938700
944900
950700
958500
960200
962000
968400
981000
998800
1002200
1013000
1017300
1035300
1042500
1047600
1055300
1064300
1067900
1070900
1077900
1082800
1090100
1103000
1110200
1117100
1121900
1126800
1132100
1141600
1157100
1160100
1165600
1169500
1177100
1181900
1192000
1197500
1208600
1213400
1219600
1224500
1234800
1244300
1272400
1279100
1285400
1300500
1303400
1315900
1324700
1348400
1351900
1362000
1377700
1391700
1396200
1405700
1418800
1445400
1452100
1461800
1490000
1493800
1503100
1510100
1513000
1521500
1525400
1532500
1535100
1545500
1552500
1557200
1568600
1574900
1578400
1584900
1595200
1599500
1612300
1618500
1625600
1627400
1630100
1638400
1656200
1661500
1668200
1676000
1677800
1682700
1691000
1696500
1707400
1717100
1719900
1728100
1747000
1750100
1754700
1767500
1774400
1777800
1780800
1792300
1797800
1801000
1805000
1810000
1828100
1844800
1848000
1856000
1871800
1886100
1890100
1898100
1911600
1914500
1926700
1931100
1937600
1942500
1952800
1959000
1977000
1979600
1988300
2004400
2015700
2021900
2028200
2038000
2050600
2055400
2061000
2073800
2086700
2094200
2098500
2103900
2118000
2125000
2131400
2144500
2173100
2183200
2186300
2188900
2198800
2208500
2213200
2225800
2236800
2248500
2255200
2261500
2267900
2270900
2277800
2280000
2290200
2294200
2309800
2317700
2321800
2327000
2335400
2345000
2351100
2356300
2369400
2391900
2397100
2400100
2406000
2411100
2418100
2419900
2431600
2435800
2452900
2461700
2503700
2511400
2516300
2521900
2538400
2542800
2547200
2560000
2565600
2575300
2578200
2591900
2597600
2613000
2620500
2630800
2635900
2639200
2651600
2654200
2664700
2667800
2673000
2678100
2694600
2700100
2720200
2732500
2741700
2744400
2757400
2768300
2792600
2809000
2823100
2828500
2835700
2837500
2843400
2852400
2856500
2867200
2884100
2888200
2892100
2907600
2912600
2923100
2927500
2938200
2945500
2953000
2954800
2974000
2984100
2995100
3000300
3003700
3007300
3016700
3032500
3051400
3054900
3069100
3074700
3081400
3091000
3099400
3113400
3121200
3135200
3139400
3149500
3156300
3167700
3173300
3181400
3205900
3213900
3218000
3221100
3245100
3255700
3258500
3263800
3269400
3292200
3320000
3326500
3335200
3342100
3358500
3367800
3393000
3399100
3404000
3407000
3416500
3420200
3424700
3434400
3440600
3447400
3462700
3469300
3482600
3506800
3512400
3515400
3518300
3528100
3532900
3562200
3566900
3573800
3581300
3588900
3599200
3614000
3621100
3644300
3658600
3669700
3676600
3685100
3690200
3697000
3708400
3713800
3719700
3730800
3750000
3754400
3766300
3775100
3783200
3794400
3797600
3805700
3814600
3816400
3820700
3826200
3839000
3854800
3866400
3877000
3891100
3912900
3930300
3942300
3956000
3961800
3969400
3981900
3988400
3991300
4008600
4028000
4043700
4057300
4068400
4083200
4103400
4114600
4124900
4132800
4134500
4140700
4146000
4164100
4178700
4186400
4188100
4200600
4203800
4221500
4232900
4239700
4246800
4252700
4259700
4271700
4281500
4294600
4300000
4311800
4324200
4328500
4333600
4340200
4342200
4346500
4357900
4361500
4365300
4370400
4378200
4384900
4395200
4408800
4426200
4443500
4449600
4462100
4469600
4475300
4479900
4498100
4501400
4516300
4522500
4534700
4541300
4548700
4555200
4560700
4568800
4588200
4595900
4600800
4623600
4628600
4635700
4652800
4662000
4677400
4710100
4718900
4727800
4731900
4739600
4745100
4752100
4772600
4781600
4784900
4793000
4811500
4815800
4832700
4843000
4848000
4858000
4870600
4892200
4902900
4910100
4923600
4929300
4949300
4958900
4962100
4986600
4994100
4995800
5005000
5013900
5022500
5029500
5046400
5057600
5062700
5069300
5071000
5094100
5100400
5107200
5114000
5130100
5152100
5156900
5160900
5168300
5185400
5201600
5210900
5216400
5224400
5239600
5257800
5265400
5269900
5274300
5286200
5292700
5303800
5317200
5324800
5335600
5345600
5351100
5356900
5363000
5377900
5384800
5392200
5399000
5408300
5424900
5436700
5445900
5451800
5455000
5471200
5478100
5487700
5498000
5513100
5539900
5552400
5560700
5572100
5579800
5582800
5593500
5599300
5617800
5627000
5641700
5645800
5651600
5662200
5669700
5678100
5679800
5686400
5702500
5706400
5712100
5723600
5744500
5749800
5756600
5758300
5765400
5768400
5772300
5806400
5828200
5832500
5842400
5849400
5855300
5858900
5876000
5890000
5895900
5899300
5906300
5911100
5916100
5933400
5956600
5968000
5975000
5990200
5995600
6026500
6039000
6044500
6051400
6058100
6061200
6066400
6082400
6088800
6104400
6111700
6127400
6138800
6142300
6149300
6154900
6164400
6171200
6180300
6188600
6195800
6201400
6220200
6224900
6230000
6242000
6253000
6260000
6269700
6274900
6281300
6287400
6298400
6302700
6311000
6325300
6329700
6333000
6345000
6359500
6371000
6378500
6400600
6409000
6417300
6423300
6430800
6438500
6440200
6442000
6449100
6454800
6466300
6469700
6474800
6492800
6499300
6509900
6530800
6533700
6551800
6564300
6573100
6590300
6602200
6605700
6616300
6631800
6646200
6649500
6652400
6655900
6660400
6667100
6687000
6692500
6707400
6711400
6716500
6731200
6735700
6751900
6767200
6791300
6797700
6804100
6805800
6814100
6819100
6825600
6837200
6840300
6846500
6869000
6872000
6896800
6900700
6910000
6938600
6950900
6969900
6975800
6985300
6991200
6998000
7003800
7011100
7016400
7025400
7032500
7050800
7065400
7075800
7079600
7104200
7122500
7136700
7143900
7153600
7161200
7180200
7185100
7189300
7197100
7200100
7213700
7217400
7233600
7263600
7269700
7284400
7289300
7292800
7309800
7326600
7329500
7332400
7345000
7349500
7380600
7384000
7388200
7413800
7417600
7426600
7439700
7452900
7463800
7466900
7471500
7476500
7480800
7492500
7510200
7518300
7525200
7532300
7535700
7554200
7558000
7566800
7573200
7581800
7584900
7596400
7602500
7605300
7620700
7649100
7653800
7674000
7677400
7690500
7700400
7706000
7721700
7733300
7739400
7745000
7750300
7753200
7764100
7779600
7783900
7788900
7803100
7815500
7832900
7837200
7849700
7865300
7875200
7879800
7895800
7901400
7906800
7910700
7915000
7926000
7943200
7955600
7965400
7983400
7994900
7999800
8013000
8017500
8025000
8028700
8051100
8055100
8074800
8087300
8092900
8099300
8113000
8115900
8118700
8125400
8137600
8152100
8157700
8170400
8178200
8183600
8189800
8206100
8226500
8230300
8251100
8259100
8265300
8277200
8281200
8284200
8297200
8313200
8323100
8335800
8340500
8349100
8377000
8384700
8398300
8450600
8456100
8460100
8467100
8485800
8498000
8505300
8513600
8527300
8544000
8555000
8561100
8564400
8568000
8574300
8591700
8614800
8618400
8625500
8631700
8635300
8655900
8660500
8667800
8676100
8683300
8693700
8705600
8710300
8715900
8719000
8732800
8736300
8744100
8762800
8776600
8782600
8788900
8822300
8830600
8839000
8850000
8857500
8874200
8877400
8881000
8902500
8907200
8912400
8914100
8924200
8933400
8936500
8963100
8989200
9002100
9006500
9011000
9013800
9028600
9052600
9055800
9066400
9070400
9080500
9085600
9101500
9106600
9121900
9131900
9154000
9168000
9174100
9179700
9212100
9219800
9226100
9231500
9239400
9261300
9278000
9285800
9305100
9315900
9336000
9343100
9349000
9352600
9365800
9375500
9389200
9396400
9425800
9446100
9449500
9458100
9463200
9480700
9487100
9502700
9513400
9521300
9534900
9540500
9546500
9561500
9581400
9588100
9603100
9608800
9612500
9616000
9621800
9634400
9648800
9653700
9659100
9660800
9663700
9668900
9674900
9680400
9694100
9701900
9710100
9715100
9735300
9750900
9756200
9768000
9775700
9782500
9789500
9792700
9801700
9807600
9814400
9820200
9828200
9843000
9853000
9878200
9884800
9886500
9894800
9899500
9903200
9917500
9924000
9933800
9941100
9945700
9965200
9970600
9980400
9989000
9993600
10000100
10046400
10066500
10106900
10141100
10165200
10236600
10257200
10292600
10385900
10402300
10434000
10502700
10518100
10536100
10578000
10585600
10594800
10602800
10619400
10628300
10669700
10692600
10705800
10742000
10761000
10810700
10885100
10911900
10927800
11024300
11057300
11063400
11068200
11083500
11086900
11127200
11199100
