# OFFOEL
# duration (msec): 1000
# repetition number: 1
6100
9000
11400
14100
17100
20900
24400
27500
30500
36400
38900
42200
46300
48900
51800
59100
62300
67100
73600
76700
80500
83600
87300
92200
96300
103200
106700
116600
120400
128300
133500
136900
144900
148100
155000
158800
170100
174000
180300
183800
186400
190400
197300
200900
205900
209300
212500
216100
219300
227100
231800
237900
244000
250100
255200
259100
263400
269000
275900
281600
286100
298500
301100
304500
307900
312300
321800
327800
333200
336900
342500
345900
352400
361100
364700
369000
372800
382100
386200
390700
396900
400500
404500
412000
418400
427500
430800
436700
441000
449100
456100
461500
465200
468900
474500
479600
482500
488400
496000
499500
503800
513200
519500
526000
529500
536900
547000
551200
555300
557900
564100
579400
584000
589800
594900
601600
606500
611100
614900
618500
625900
629400
633200
654600
659300
668100
672900
676500
682600
689500
693200
704300
715800
723200
729000
740400
744300
754300
759300
769700
776300
790600
793300
800900
813100
822700
829100
835000
848900
857400
865300
868200
881900
892900
900100
904200
912800
924000
929600
936100
939900
958100
961100
967000
977900
1001800
# OFFOEL
# duration (msec): 1000
# repetition number: 2
6000
8800
12700
15500
19500
24400
27100
30100
36900
40000
46500
50900
55500
59800
62700
67600
74000
79900
82800
87200
92600
103500
117400
128000
135300
142300
145800
148800
157500
173100
181100
186200
195700
199300
206100
210100
213700
217900
226400
230400
239200
244200
254800
260000
268500
275600
285400
299000
304600
311600
327000
334200
338000
343700
352300
361400
368600
373900
385900
396800
400300
404200
412400
417800
427300
435800
449800
456100
461500
468900
473800
480000
483200
489100
496400
503200
514100
520700
528400
536800
547700
553000
556100
558300
563300
579200
583800
588500
594800
600500
606300
610700
614000
617200
624300
627900
632900
636300
647700
653800
659500
662700
668700
671900
674300
678400
682600
689800
694400
699600
704500
711000
715800
719100
723900
728400
735800
740800
744100
748700
754500
759400
770000
776200
787400
791400
794700
800600
803900
807900
812900
821700
827400
835500
842100
848500
852000
857400
861300
865000
867800
874300
881400
885500
892200
895600
900000
904100
911700
918800
924200
929300
935600
939100
947700
956900
960400
966600
971900
975700
979200
989000
992600
1001900
1006200
2207000
2208700
2393900
2400600
2406200
2438800
# OFFOEL
# duration (msec): 1000
# repetition number: 3
5900
8600
10600
13600
16300
19400
24000
26800
29500
32500
36800
39500
42500
46100
49200
52100
58700
61600
67200
70400
74400
79100
81900
85800
89400
92900
102300
105400
108900
117500
127500
130500
135400
138600
145000
147800
153100
157100
169200
172700
180200
183200
187000
190500
194500
198500
202200
208000
211300
214400
217400
220300
226900
231500
237900
243900
249200
254600
258300
261300
268600
275500
280700
284900
297600
300500
304200
307600
312600
322200
327500
333900
337300
342500
346000
352800
361200
368100
371200
374200
383200
386800
397100
400100
403800
412200
418300
427500
440800
448700
455800
461300
468600
475400
480000
488700
496500
503100
519700
528800
536900
547800
554600
557700
563600
583800
589300
595300
601000
610500
614700
625400
628800
633400
652400
659200
670900
674900
682100
689700
704000
715900
719200
724300
729800
740400
743500
748300
758700
770300
778600
790500
793700
800900
812800
822800
829300
835100
848900
857000
864600
867700
882500
892800
903700
919300
924900
929000
936900
940000
958000
962200
967600
972700
978500
996700
1002200
1005900
1594600
2395500
# OFFOEL
# duration (msec): 1000
# repetition number: 4
6000
8700
11200
14000
16600
19400
22300
25000
27600
30200
36200
38900
42300
45900
48600
51600
58900
61900
66900
71000
74600
79100
81800
85100
88100
92900
103000
105700
116300
119800
128100
131000
135200
138200
144900
148000
153500
156900
159600
169800
173600
180400
183400
187100
191100
197700
200800
204700
208800
212100
217000
220400
226800
231400
238700
244200
254500
259200
265200
269500
276300
285500
298300
301200
305200
311600
327300
334100
337800
343300
346700
352700
361700
368900
373200
384800
391600
397100
402400
405800
417800
427300
430900
436200
440900
450100
455900
461400
468600
474800
480200
483300
488700
496600
503200
515100
528900
537300
548400
554400
557400
564200
583800
589400
594900
606000
611500
615100
618500
626100
632600
654400
660000
670100
673700
677000
682400
689700
704000
711400
716100
722700
728900
740300
743300
749300
759100
769500
790700
793800
800900
804800
812800
822300
829000
834800
849100
857200
865100
868500
881100
892800
899900
903900
907500
920500
929000
935400
938800
958100
962700
967600
973200
978600
1001900
2360200
# OFFOEL
# duration (msec): 1000
# repetition number: 5
5900
8600
11000
13500
15500
18800
21800
24600
27100
29700
36200
38900
41400
45500
48000
51100
54000
58700
61400
67000
69900
73700
78400
81100
84000
87000
92000
94600
103800
106600
117000
128000
131100
135000
138000
145100
147900
154400
157700
170100
175800
181200
184300
188400
192700
198000
201600
208600
211600
215000
218400
222800
227400
231500
239700
243600
254200
259400
268900
275600
282100
286200
299300
304000
307000
311500
327200
333600
338000
343300
347000
352500
361300
364700
368900
372900
385800
396900
400000
404600
412800
417800
427400
430900
440100
455500
461200
464200
468700
473900
480000
482800
488500
496200
502800
513600
520600
528700
537000
547300
550900
554800
557700
563600
566600
580000
584100
589600
595300
606400
611400
615300
626100
631300
634800
659300
668800
672700
676300
682400
689500
704000
715800
723300
728700
740200
743100
758500
769600
789900
793100
800600
804000
813100
822200
828900
835300
848700
851600
857400
864700
867600
883300
892700
900400
903900
913200
923300
928500
935200
938700
957100
960100
966300
972200
978900
986700
991700
1001900
1005400
# OFFOEL
# duration (msec): 1000
# repetition number: 6
6000
8800
13200
15800
19100
24200
26700
30200
36800
39600
45500
48400
51700
59700
62700
67500
74300
79600
82500
86700
92200
95700
104300
117400
128000
135400
144600
147400
156700
173300
181100
184300
188800
198500
201500
208600
212200
217100
219700
224600
228900
238100
243900
254500
259400
264900
269300
275400
284900
298100
301200
304200
307200
311900
321200
326900
333000
336700
340700
344000
346900
352900
361500
368200
371200
374400
381900
386000
389100
397000
399900
403400
406200
412000
417600
422800
427700
435200
440000
449200
455600
458700
461800
465400
468800
473600
479800
483300
487900
496300
502300
505400
513300
519300
526400
529800
536000
544000
548000
551000
554800
558000
563500
566700
579200
583600
589800
594600
605200
610700
614500
617600
625800
629400
633000
648100
652400
659400
667800
671700
675800
678900
682700
688900
692000
696300
704200
707600
713400
716800
722900
728300
732700
739900
743200
748200
754100
758600
765500
770100
776100
786600
790700
793700
801000
805000
812900
821800
828200
834400
838000
843100
848800
857100
864500
868500
880400
884500
892900
900400
904200
912800
920600
924900
928900
936500
939700
956900
960100
966300
971900
978700
990200
1002300
# OFFOEL
# duration (msec): 1000
# repetition number: 7
5900
8600
11300
14000
16600
19500
24100
26700
29600
36700
39700
45300
49100
52300
59400
63100
67300
73800
79800
82800
86600
92500
104300
117200
128000
135400
144800
147600
156900
171400
181300
186900
191100
198400
201300
208700
212700
217400
220500
227000
232200
243100
248300
254400
260000
268800
279800
285300
298300
301500
305200
311900
327200
335500
342300
346000
352600
361000
368700
371600
381500
386000
397000
399900
404300
411500
417900
427100
434600
441100
449600
455500
461300
465400
469300
474800
480000
483400
488100
496300
503200
514200
520100
528500
537600
547600
554400
557300
563400
566500
579900
583900
587100
594200
605100
610900
614600
617700
622500
626500
629500
632700
635800
650800
658700
661700
669000
672000
674800
677900
682300
689700
697900
704200
710200
715900
719300
723400
729000
740000
743100
748600
754200
759200
765500
769800
776200
782700
790000
793000
797800
801500
805400
813100
821000
824100
828400
834500
839700
843200
849000
857000
860100
864800
868000
874400
880800
884200
892700
899700
904300
912500
919000
924100
928600
935300
938700
956900
960800
966500
970000
973300
978600
985700
991700
1001400
1005000
# OFFOEL
# duration (msec): 1000
# repetition number: 8
5800
8400
10900
13500
16000
19300
23600
26100
28800
31500
36400
39000
41700
45800
49200
51800
54900
58900
61600
67200
73200
76000
79100
81700
86000
88800
92800
103500
106500
116400
120300
128000
130800
134700
137600
144300
147200
155400
158600
170300
175200
180900
183900
189200
196600
199800
202600
207500
211100
215100
218600
223100
228200
232700
238400
243800
249800
254600
259700
268400
275100
281400
285500
297400
300500
303800
307700
312200
326800
333000
337100
343100
346100
352300
361200
364200
369000
373200
382500
386300
397000
400200
404400
412000
418400
427600
435300
440300
449100
455900
461500
469600
474100
480100
483500
488200
496400
503100
514100
529100
536500
547900
554900
557700
563600
580100
584500
589600
595300
600700
605700
611400
614500
617500
626400
631700
634800
652300
659100
667300
672700
676300
682000
685100
689700
704100
712100
716100
722400
728700
740100
743100
748800
754300
759600
769700
790300
793300
800600
806300
813300
822500
829000
835200
848900
857200
864700
867900
892600
903200
906200
924700
929100
935400
939000
957500
960600
966900
972300
978700
990800
1002000
1879400
2572300
# OFFOEL
# duration (msec): 1000
# repetition number: 9
5800
8500
10900
13600
16000
19500
24200
26700
29500
36400
38900
41800
45800
48600
51900
58800
61400
66800
73700
79700
82400
86500
91900
95000
104100
107300
116200
128100
134900
144800
147600
155500
158600
170500
180000
183500
194700
199400
208800
212500
217500
220400
226900
237000
243600
254700
260100
268600
275200
285000
297800
300500
304600
307500
312400
326600
336000
342800
346000
352600
361100
364100
368900
373100
385600
396600
399400
403900
412000
417900
427300
430400
436400
450200
456300
461100
463900
468900
474000
480100
483100
488400
496600
503200
514200
528600
538700
547800
554400
557300
563600
583600
586800
590700
605900
611400
614600
617500
626300
629200
633000
659400
669200
673100
676100
682500
689300
704300
715700
723400
729200
739700
742500
749200
756400
769400
776600
790100
793000
800900
806100
813000
822200
828100
834500
837700
845200
849100
857000
861400
864800
868100
873900
882100
892400
895500
901600
905000
911800
919800
924100
928500
932400
937100
940200
948000
957000
960000
966800
970900
978200
985100
990300
1001700
1004900
1305500
2072100
2243700
2552900
2710000
# OFFOEL
# duration (msec): 1000
# repetition number: 10
6000
8600
11200
13700
16300
19300
23700
26300
29400
36400
39500
45900
49000
51800
59500
63600
67800
74200
79900
82800
87000
92400
104000
118500
128300
134800
144700
147500
156900
170400
179800
183300
188300
198300
203200
210800
213700
217600
220600
226600
230400
237400
243600
254400
259300
268600
285000
299000
303700
306700
311300
327800
336500
342800
346900
352600
361400
368200
371300
374500
386300
396700
399500
404100
412400
417900
427500
437000
449600
456100
461300
468600
474600
480000
482700
488700
496100
503200
513600
528900
537300
544300
548300
554800
557400
563300
583400
586600
590500
595300
605100
611100
615000
618400
626700
631200
634500
651900
659300
668100
671600
674300
677000
682400
689000
692500
699500
704500
710400
715800
718800
724100
728900
740300
743500
748400
754100
758800
765800
770300
775900
787000
790700
793700
800600
803900
812800
821800
828900
834600
838400
843300
849200
852300
857200
860600
865100
868100
874900
882600
887000
893100
896600
901400
904600
911700
915400
920100
924500
929200
935400
939100
947900
956900
960100
966500
969600
973100
978400
987300
993100
1002100
1005200
1980400
2069700
2466200
2737700
# OFFOEL
# duration (msec): 1000
# repetition number: 11
5900
8600
11200
13700
16200
20300
24600
27100
30200
36300
40400
45700
50700
54500
59800
67200
74400
79700
82400
86900
92500
103300
117100
128000
133300
136900
144700
147600
156800
171700
181700
187200
197700
201600
208600
212100
215800
218700
221400
228400
238000
243400
254200
259500
268600
275700
285400
297800
301300
304600
311400
327300
334500
337800
343400
348100
352800
361000
364000
368700
372500
385400
396900
399500
404100
412200
417900
427200
430400
437300
449000
455500
461100
463900
467900
473800
479700
482900
488700
496200
502600
513900
528300
535800
544800
548500
554400
557200
563500
569600
579200
584100
588900
593100
597100
600700
606400
611100
614400
617400
624500
627700
633300
646000
652600
658800
661600
667700
671300
674300
677100
682300
689300
696100
699400
704100
712100
716400
723000
727900
739800
743100
748700
754900
758900
765900
769700
775700
783200
789700
792600
796900
800800
806700
812800
821800
825600
829600
834900
841600
848800
857500
864600
868100
874100
881300
885700
893000
899900
903800
912400
919200
925100
929600
935500
938600
941800
948100
957300
960800
966200
969300
972500
978100
985400
991500
1001400
1005000
1853300
1855900
# OFFOEL
# duration (msec): 1000
# repetition number: 12
5800
8500
11000
13400
15800
18400
21500
24500
26900
29400
36000
38800
41300
45500
48500
51600
58700
61600
67200
70200
73900
77400
80500
84000
87300
92300
95400
102900
105800
116600
126600
130400
135100
138100
144700
147400
155900
159200
169800
180300
185600
191400
199000
208300
212300
216100
219200
227000
236800
244000
254500
259400
268200
280800
285500
298300
301000
304600
311400
327800
335300
338200
343000
345800
351800
360700
363500
368500
371600
374800
385300
396700
399500
403900
411600
417900
427000
439900
449300
455800
461100
464100
469000
474300
480300
483000
488100
496200
499100
503700
513900
527600
536800
544000
548800
554800
558000
563600
579300
584100
590100
595300
606000
610700
614500
625600
629400
633000
654500
659800
669100
672800
676200
682100
689500
697200
704100
715700
719600
724200
729800
740600
743600
748500
758500
769800
790500
793500
801000
812700
821900
828300
834900
843000
849200
857200
864700
868600
880100
892500
902400
905400
913500
925100
929100
935000
938900
945900
957700
960600
966200
970700
975300
979000
987500
992000
1001600
1004700
1712400
2608000
# OFFOEL
# duration (msec): 1000
# repetition number: 13
5800
8400
10800
13200
15700
18400
21100
24500
27300
30200
36400
39100
42300
45700
48500
51600
54300
59200
62300
66800
69900
73900
77800
80800
85200
88100
92300
100500
104000
107000
117300
127700
134500
137300
144700
147400
151200
156900
170600
174100
180200
183700
188600
193300
198200
201600
208600
212000
216000
219000
227100
230700
237800
243400
254700
259600
268400
280600
285200
299400
303700
307100
312100
327000
333100
338200
343100
346300
352600
361600
364800
368700
372200
385600
396700
399600
404500
417800
427200
440100
455600
460500
463400
468000
473400
479400
482300
488300
496200
503200
514100
529200
536700
544100
548500
554500
557600
563600
583900
589600
594900
605200
611000
613900
616800
626400
629700
633100
658800
663400
670200
675300
681600
685100
689500
698000
704500
716100
719300
726000
740500
743700
753800
759000
769600
790200
793100
800700
812500
823100
828600
835200
843900
849500
857300
864400
867300
875200
883400
892600
899700
904200
915400
921900
928700
935600
939000
957300
960100
966500
970300
973200
979000
990100
1001800
1004700
1031800
2002200
2305100
2456700
2568500
# OFFOEL
# duration (msec): 1000
# repetition number: 14
5800
8400
10800
13600
16200
20200
24400
27100
30300
36300
39400
43100
46800
49900
52400
59400
62500
67500
74800
80000
82800
86600
92500
102900
105600
116900
128000
134900
144700
147300
154600
158300
169900
180300
184000
188700
198200
201200
208400
211700
216200
219500
226600
231900
238300
243600
254600
260100
268500
275600
284900
298700
301300
305100
311700
326600
334700
337900
343300
346300
352600
361000
363800
368600
371400
382600
386500
396700
399400
403900
413000
418100
427300
435200
443000
455000
458200
461800
466800
473600
479900
482800
488000
496600
503200
526200
530400
537300
548100
554600
557300
563700
583800
589200
595300
605400
611000
614300
617100
626500
631800
634900
652700
659600
669200
672600
675700
678600
682700
689300
692800
704000
711500
715900
718800
723500
728800
740300
743700
748400
758600
765500
770100
776000
783500
790400
793300
800500
803600
812700
821100
825300
829200
834800
840300
848600
852100
857300
860500
864700
868100
874800
881100
885000
892300
898700
902800
905500
912800
920200
924300
928700
931900
936000
939100
942000
956900
960200
966900
971400
978000
981000
990700
1001700
1005200
1285000
1383900
1837100
2120900
# OFFOEL
# duration (msec): 1000
# repetition number: 15
5800
8500
11800
14500
19100
24100
26600
29400
36700
40500
46200
48900
52200
59000
61800
67300
73900
79800
82500
86300
92100
103500
114000
117800
128200
135200
144900
147700
156400
170700
180200
183900
188600
197700
201600
208500
212900
217500
221100
226900
238000
243500
254400
259400
268500
275000
284600
298200
301900
305100
310700
327000
335900
342800
346300
352400
361100
363800
368100
372200
383900
387500
396900
399900
404500
411900
417900
427000
439200
450000
455800
461200
467800
474100
479800
482700
488400
496300
503000
513300
528500
536500
543900
548600
554200
557200
563400
579300
583900
589000
593300
600000
605800
611200
614900
622500
626400
629500
633000
646400
651700
656800
659900
667600
671100
674000
677400
682700
689000
697700
704200
711400
716100
721200
725300
728800
731900
740100
743300
748700
754100
758900
764900
770000
776000
784100
790000
793000
800400
803300
808000
812600
815600
821900
828400
834500
837700
842900
848800
852000
857600
864600
868300
874600
881400
884600
892400
896000
900000
904100
912100
919100
924300
929100
932900
936600
939700
957100
960300
966000
970300
974700
978800
986000
990400
998100
1002400
1006800
2016100
2089800
# OFFOEL
# duration (msec): 1000
# repetition number: 16
5800
8600
11200
14000
19100
23900
26400
29400
36600
39900
46200
49900
52900
59400
62400
67400
74800
79900
84900
92200
103400
107400
117500
128000
134600
137600
145000
147600
157200
169400
180000
183900
189100
198200
201800
208500
211400
215000
218000
226300
230500
237300
243900
254100
259000
268600
275600
281300
285400
297700
300500
304100
307100
311900
321200
327900
333800
337100
342800
346400
352200
361200
364100
368600
372500
381600
385200
388100
396600
399500
404100
411600
417800
420900
427200
430300
435200
439600
448300
455200
458300
461800
465000
468500
473900
479700
482600
487800
496200
502400
513500
519300
526300
529400
536900
542500
548200
551900
555500
558500
563200
566400
579000
584100
589700
595000
598800
605200
610300
615300
623500
626900
632400
635800
645400
652000
659100
667800
671500
674900
678100
682400
689500
694200
703800
711000
715600
718800
723700
729000
735400
740800
743800
748200
754000
758900
769300
776000
786300
790300
793100
799800
803300
807600
812700
820900
827000
830300
835200
841500
848800
852200
857500
864300
867500
874500
882700
892800
903600
907500
913800
925400
929500
936700
939700
957700
960800
967100
972000
978500
990300
1002300
1667100
# OFFOEL
# duration (msec): 1000
# repetition number: 17
5900
8500
11200
13900
21000
24600
27100
29900
36800
40100
46300
50400
59300
67100
75600
80200
84100
87000
92600
104000
117200
128100
135200
144900
147600
157000
169400
180500
183900
188500
197300
201000
207500
211400
214300
217400
220000
226300
229900
237700
243100
254000
258800
264400
269000
276300
283200
285800
297900
300800
304400
307200
311800
326600
332900
336300
342500
345300
352100
360900
363900
368800
372200
381300
385300
391400
396800
399600
403900
411900
417700
420500
427300
430400
435000
440600
448200
456000
460900
463800
468500
474000
479800
482800
488000
496200
500600
503700
513700
519500
524400
528900
536300
539500
545200
548600
554400
557500
563500
569300
578700
583300
589600
595200
599300
605200
610700
614100
617600
624400
627300
632000
635700
645300
652300
659200
668000
671800
675100
682200
689100
693100
699200
704100
707300
711800
716000
719200
724000
728600
740500
743700
749300
754100
759300
769200
776600
784300
790400
793400
800800
804300
812900
821300
828000
834900
841900
848900
857100
864100
867700
873700
884400
893200
900400
904100
920400
925000
929700
937800
940800
957500
961100
967000
972400
978800
987200
1002100
1323800
1541300
1901600
2129200
2348200
# OFFOEL
# duration (msec): 1000
# repetition number: 18
5900
8600
11200
13600
16700
23800
26300
29600
36600
40600
46400
49300
52200
59100
62000
67400
74700
79800
82600
87200
92400
103500
116800
128000
135800
144600
147300
157000
170500
180500
183700
190800
198600
202700
209500
213100
217200
219700
226500
232100
243200
255000
260500
268600
275400
285300
298200
301000
304600
311200
321000
327200
333700
337000
343100
346400
352200
361000
364000
368300
371700
382500
385700
388800
397000
399700
403900
411500
417900
427300
430300
435400
439900
449400
456000
461300
464100
468500
473800
479600
482300
487800
490900
496400
502700
513700
519600
528000
535700
543200
547700
550500
554700
558400
563300
566400
578700
583700
588200
592200
595500
600000
605500
611300
614300
617300
624600
627700
632700
637500
650900
655900
659700
664000
667800
672500
675900
680000
683300
689200
693200
698800
704400
712300
716100
719400
723500
728500
740200
743400
748600
754300
758900
769500
777300
785000
790400
793200
800800
804200
812600
821200
828200
835100
838800
843100
849500
857500
864400
867600
875100
881400
892600
899900
904000
913500
919400
924100
928600
936200
940000
957300
960400
966600
972100
978700
989300
996200
1002300
1113100
1130400
1673500
1675600
1978900
2178100
2258100
2260600
2658000
# OFFOEL
# duration (msec): 1000
# repetition number: 19
5900
8600
12200
14800
19100
23500
26100
29100
36500
39200
45300
48400
52100
59800
63000
67900
74100
79500
82100
86200
92300
103600
106200
117000
128000
134500
137700
144700
147300
153200
157200
170400
173600
180300
183000
187000
190600
197400
200800
204000
208200
211300
214300
217700
220400
226900
231000
236900
242900
248800
254100
258900
261800
268200
271200
277200
284900
287900
297700
300800
304500
307700
312300
326800
333400
336700
342300
345000
352600
361200
364400
369000
372500
381500
384900
388000
396700
399600
404100
411600
417800
422500
427400
430600
436000
440100
448600
455500
458700
461800
468400
474100
479800
483200
488700
495900
498900
503100
513000
519500
527200
530500
536500
543200
548000
552000
555600
558900
564000
578600
583900
589700
594800
605500
611100
614500
617200
625000
628900
633200
650200
659000
670400
673700
676900
682300
689800
693400
698500
704300
715700
719000
723800
729800
740300
743300
754700
759200
770000
790400
793400
800800
812500
821500
828600
835000
838600
848900
857300
864400
867300
882900
892900
896500
904400
919400
925700
929500
936500
939500
957800
960800
966900
972000
978600
1001400
1272100
1277700
1514700
1516500
1657000
1690800
2233200
2289800
2477800
# OFFOEL
# duration (msec): 1000
# repetition number: 20
5900
8500
11900
14800
19400
24000
26500
29200
36500
40600
46300
50700
58200
61400
66900
73900
79700
82300
86300
92400
103500
107000
117300
127900
130800
135200
144600
147300
150000
156500
169600
180100
183600
187100
190500
196100
199100
202100
207600
211100
214000
217200
220100
225800
228500
231900
237400
243100
249200
254300
259200
263400
268500
277300
281500
286000
296600
299700
303000
306100
311300
317300
327000
333700
337000
341600
345200
352400
361300
364200
368600
372600
380700
385700
389900
397300
402700
411200
417800
420900
427100
435300
439900
448700
455600
459300
463100
468300
473800
479800
482900
488300
496300
502000
505300
513600
520200
528200
536600
543900
547800
551700
555100
558700
563900
574800
579300
584100
588000
591700
595600
600100
605500
610700
613800
616900
623500
627000
631100
634200
639300
645700
651200
655300
659800
668000
672000
676100
682000
689600
698400
705000
711600
716100
722800
728800
740400
743400
749500
758600
769800
776500
789900
793300
801100
804100
812500
821700
829100
834700
843100
848800
857200
865100
873500
883300
892700
900700
904600
913300
924700
929100
935100
938400
957700
961100
966100
969100
973200
979200
991500
1002500
1145200
1228000
1287300
1487700
1522900
1707600
1887600
2347500
# OFFOEL
# duration (msec): 1000
# repetition number: 21
5800
8500
11400
14300
16800
20700
24400
26900
29600
36500
39300
42000
46100
48900
51500
54500
59500
62200
66700
70100
74100
77100
80400
83600
87000
92400
102800
105800
116500
127800
130600
134900
144800
147800
154100
157200
169200
172600
180100
183100
186900
192000
197700
200400
204000
208400
211700
215400
218400
221500
226100
228900
232700
237800
243900
247900
254800
259000
262400
268000
271900
277000
281900
285400
297200
300200
303500
306700
312000
326400
333200
336600
342500
345700
352100
355200
361600
367800
370900
374300
381500
385500
389300
396700
399600
403800
411900
418300
427100
430400
435400
440500
448300
456000
458900
462000
468300
474000
479900
482700
488500
495800
499000
503900
513500
521300
529500
536600
545400
548800
554600
557600
563700
579300
584200
589600
595100
606200
611000
614900
626300
631800
635100
653800
659600
667400
671800
675400
682200
689800
703700
716200
723500
729600
740200
743400
754000
759300
770000
778100
787700
790900
794100
800300
803600
812600
821700
828900
835200
843500
849100
857000
860600
865000
868200
885000
892900
900500
904800
928000
930700
936700
939600
957900
961000
967500
972000
979400
990200
1001900
2347900
2522000
# OFFOEL
# duration (msec): 1000
# repetition number: 22
5900
8500
11000
13600
16000
18900
23600
26100
28800
35900
38500
41500
45600
48200
51000
54000
58800
61500
66800
70000
74000
78000
80800
83800
87000
89900
93000
102700
105600
116600
124000
128200
131500
135200
137900
144700
147700
153300
157400
169500
172700
180600
184200
187300
191300
195400
199200
205200
209100
212100
216400
219300
226300
231300
237800
243300
254100
259100
268200
276300
280900
285300
298700
302800
306000
311700
327600
335300
342200
345800
352200
361700
368600
372900
384600
387700
397100
400200
404000
412200
417800
427100
439600
449200
456000
461400
464300
470900
474600
480000
483700
489100
496600
502500
513700
528600
536700
544300
548500
554300
557200
563100
566100
583500
588700
596200
605300
611100
615200
626100
632700
658600
668100
672100
675100
678800
682900
689500
703900
709100
716400
722800
729400
740500
743400
749200
758600
769600
790500
793500
800700
803800
812700
821800
828600
834900
843300
849300
856900
865100
868000
880600
893000
900400
904200
913200
919300
925500
929100
935200
938900
947800
957400
960400
967100
971100
974200
979200
989300
1001900
1005100
1267700
1466200
2132500
# OFFOEL
# duration (msec): 1000
# repetition number: 23
5900
8500
10900
13500
16000
24000
26800
29800
36600
39500
45400
48500
51800
59300
62600
68000
74700
80300
83200
86800
92300
103800
106800
117300
128400
135000
145000
147600
155500
171500
181400
187900
198300
201700
209400
212600
217100
220600
227700
238500
244400
254700
259500
265500
269000
281400
285500
298600
302500
305400
311100
320300
327500
335200
342500
347200
352700
361500
368400
371500
374600
382300
385800
388800
396700
399800
404400
412100
417700
426500
429200
435300
440000
448700
451700
456300
461100
463900
468500
473500
479500
482600
487900
496000
499900
504200
513200
519700
528500
536400
543300
548200
551400
555200
558400
563500
567300
579500
584100
587700
590500
595000
600100
605800
611000
614200
617200
624500
627700
631400
634300
639700
646400
651500
655500
659500
669000
672100
675600
682000
689700
696200
704500
711300
716300
722600
728200
740200
743200
748500
754600
759100
765300
769700
776200
785200
790700
794000
800500
804000
812300
815700
821700
828100
834800
839800
844200
849300
857100
864800
868000
874300
881200
892600
900600
904600
912800
923900
929100
935400
939200
957800
960600
967100
973100
978700
990300
1001900
2064700
2529300
# OFFOEL
# duration (msec): 1000
# repetition number: 24
5800
8300
11100
13600
16800
24300
26700
29600
36500
39500
45800
49900
58700
61500
67300
74000
80200
83000
87000
92400
103700
117200
128200
134700
144800
147400
156500
170000
180500
183700
189300
198200
201000
208700
212700
217600
220300
226700
232900
242900
253700
259700
268500
278600
285600
298800
301500
305100
311200
321400
327900
336400
342900
346100
352400
360900
364000
368800
372300
384800
387900
396800
399500
404600
412300
418000
427300
438000
449300
456000
461000
463800
468600
473900
479700
482500
488000
496100
502800
513600
524000
528600
536500
543700
548300
553700
556700
563300
566400
578400
583100
586300
590000
594200
600200
605700
610900
614500
618600
624100
627300
631500
634900
643200
650000
653200
659300
666700
669800
673400
676700
682600
688700
692800
697600
704300
711200
715700
719300
723700
728700
737800
741100
744100
748600
754500
759000
764800
769800
775400
783600
789500
792500
795600
800900
804800
812500
822000
828200
834800
837900
842800
849300
857300
862300
865600
869300
874700
881600
884800
892300
895500
900100
903800
912300
918600
923600
928300
935600
939000
942200
956800
960000
966500
971800
978300
986700
992800
1002000
1005700
2194900
2600700
# OFFOEL
# duration (msec): 1000
# repetition number: 25
5900
8400
10800
13300
16100
19800
24400
27900
32100
36400
40100
46100
51100
59500
63000
67800
75500
80100
83300
87500
92300
104000
117300
128400
134900
144600
147300
154900
158400
169700
180500
184800
199100
208700
213200
217400
220500
227800
237400
244900
256400
262400
268500
274900
285000
298300
301000
304800
311600
321900
327000
335300
341200
343800
346700
352300
361500
368200
371300
374800
382100
385300
388500
396600
399800
404000
411400
417400
426700
429700
435800
440000
449100
456000
460900
463800
469200
473800
479300
482600
488200
495900
498800
503300
513300
519600
525100
528900
536200
543700
548100
552400
555800
558500
563700
579600
583900
588100
591200
595000
600400
605300
610900
614500
618200
625700
628600
632600
635600
643200
650500
654500
659300
667800
672000
675300
678300
683000
690100
694700
702000
705200
711300
716100
722800
729100
739600
742600
749000
754600
759300
769300
775800
784300
790700
793800
800800
804000
813300
821900
828700
835000
838800
843600
849200
857500
861600
865800
880800
893000
900000
904200
912400
924400
929200
935500
939100
957200
960400
966800
971900
978500
1002200
1006400
2512600
# OFFOEL
# duration (msec): 1000
# repetition number: 26
5900
8400
11000
13900
17100
20600
24300
26800
29800
36900
39700
45500
48200
51500
58800
61400
66700
73700
77400
80600
83200
86500
89300
92500
103100
106100
116400
124300
128200
134100
137200
144500
147200
150800
155400
159100
169500
172500
179800
182400
185800
189300
194300
198500
201500
204800
208700
212200
215700
218900
226600
229800
237200
242600
247800
254000
258400
263500
268400
275200
282300
286000
297400
300500
304500
308600
311800
315500
321400
326900
333500
337200
342500
345800
352400
356200
361600
364600
369200
372900
381600
385000
388100
396700
399500
404100
412000
418100
427100
430600
435600
440800
448700
455900
461300
467300
473700
479800
483000
488300
496100
503300
514400
528500
537200
547600
554400
557000
563700
583800
589200
594900
605700
610600
615400
626200
632300
635600
653300
660000
670100
674100
677300
682400
689200
704300
716000
722800
729200
740400
743400
753700
759300
769500
776200
783800
790800
794000
800900
803900
812700
822200
829400
835300
848600
857200
860300
865300
868500
883400
893400
903300
913800
928900
936500
939700
958200
961200
966600
971000
978600
1001500
1004400
1247600
2487800
2522300
# OFFOEL
# duration (msec): 1000
# repetition number: 27
5700
8500
11300
14300
16700
19400
24000
26700
29700
36400
40000
42600
46500
50400
53200
59600
62400
67100
75200
79500
82200
86100
92500
103200
106000
117400
128000
133100
136200
145100
147800
155800
164500
171200
180600
184600
188800
198600
201500
209100
212200
217100
219900
226600
231200
239000
244400
254200
259000
268800
274900
280900
285200
298700
301700
304900
311300
326500
334300
338200
343200
347200
352200
361500
368400
372700
384600
396600
399300
404100
411700
417600
427000
429700
439500
448700
456000
461200
465300
474000
479900
482700
488200
496500
503000
528400
531900
536700
547900
554300
557500
563300
581000
584800
590000
595100
605300
610400
615000
626200
631700
635300
654200
659800
671000
674900
682100
689700
698900
704400
715500
718300
723600
730200
740000
742800
754800
759000
768800
776000
789700
792400
800400
812000
814800
821500
828100
834500
838600
842600
848900
852100
857000
864000
867100
874700
881900
887400
892300
895400
903400
911600
918100
924300
929200
934400
937400
940300
948400
957300
960300
966400
969800
973300
978200
981500
986100
998500
1002300
1005900
1199600
1300100
1407500
1441800
# OFFOEL
# duration (msec): 1000
# repetition number: 28
5900
8400
10700
13400
16000
18600
22700
25400
28500
31200
36400
39000
42700
46200
48700
51400
58100
60800
67400
72700
75800
79100
81700
85400
88300
92500
102200
104900
108300
115600
118600
128100
130600
135600
138700
145300
148100
153200
157300
169700
173800
180200
183500
186700
191700
197500
200100
204100
209300
213700
216800
220000
226100
229400
237000
243800
253800
258100
262700
269100
275400
281400
285700
298300
301500
305000
311800
327600
334900
338200
343000
346800
352600
361000
368600
372700
383200
386400
397000
400400
404100
411500
418300
427300
439700
449100
455800
461500
467900
474000
479900
482800
488200
496600
503600
521300
529000
536800
548000
553500
556200
558900
563900
579700
584400
590300
595400
605400
611000
614100
617200
626000
630900
634300
652500
659400
668400
672600
676100
682000
688900
691800
704000
715900
718700
728400
740200
743000
748500
758900
769700
790400
793800
800500
812500
815300
822100
828700
835100
848900
851700
857200
865000
867900
875100
892900
900100
904500
917900
928800
935900
939200
957800
960800
966100
971200
978000
985900
1002700
1582000
1877400
2348100
2493300
# OFFOEL
# duration (msec): 1000
# repetition number: 29
5800
8400
10700
13500
16000
18700
21700
24500
26800
29200
32700
36400
39500
42400
45800
48800
51800
54900
59100
61800
66900
70300
74000
79100
82000
85700
89500
92900
102900
105800
109000
116100
119300
127700
132600
135700
138700
145000
148000
153700
157300
169200
172700
180400
183100
186600
189900
197600
200700
208000
211300
214500
218100
221400
226200
231300
237600
243400
247100
254500
260000
268400
275100
285100
289000
298700
301800
305400
311100
327000
333700
338000
343200
346400
352300
355000
361700
368600
371900
383600
387600
396700
399700
404100
413100
418200
427400
435900
441100
449300
456400
461600
468300
474500
479700
482400
488400
496600
503100
528400
536800
547700
554100
557300
563600
583200
586000
589800
594600
599700
609400
612500
615600
626300
632400
651100
659400
668400
672000
675700
682200
689200
704200
715700
719000
724000
729200
740500
743200
754700
759300
769600
778800
790200
793100
800700
812900
822600
827800
834700
848800
857200
864200
867500
883900
892600
895700
903700
914100
923800
928900
936800
939600
957100
960100
966800
971900
977700
987000
1001600
1004500
1863700
2338700
2589300
# OFFOEL
# duration (msec): 1000
# repetition number: 30
5700
8200
10900
13900
16400
19200
24400
26900
29900
36300
39400
42900
46200
49000
52100
59000
62100
66900
70700
74900
80100
83700
86500
92200
103300
107300
116500
128000
135300
145100
147500
156900
172100
181000
183900
189600
198500
202000
208200
211800
215400
218600
226200
237500
243800
254300
259300
266700
269900
276200
285600
298400
301100
304700
311100
326400
334000
337600
342900
346000
352500
360700
363600
368500
372000
382900
387200
396700
399600
404900
412000
417800
427000
435000
449100
455300
461200
467900
474000
479600
482600
488100
496500
503000
515900
528800
536800
544700
548400
554400
557300
563500
569000
580000
584000
589700
594600
606500
611200
614600
626100
632400
635800
653500
659600
668500
672500
675800
681800
689900
694900
704400
710900
716000
722300
729200
740000
742800
748800
759000
769600
776200
790300
793200
800500
803300
812800
820500
828100
834800
843700
848800
857200
864900
881600
891900
894900
900700
904100
911900
919600
924800
929000
935100
938300
941200
948000
956100
959300
962300
966400
971700
977700
980700
985800
990500
1001600
1004600
1332800
1890500
2004900
# OFFOEL
# duration (msec): 1000
# repetition number: 31
5800
8300
10900
13500
15800
18500
23000
25400
28000
31000
36000
38500
41000
44200
46900
50400
52900
58600
61200
66600
71500
75100
78500
81300
85700
88500
92300
95200
102800
105500
116400
119800
127700
131000
135300
144600
147300
153500
157500
169100
172600
180400
183100
186700
190300
195700
199000
202100
207100
210800
214400
218100
223900
227400
231300
237900
243800
254000
259700
265300
269600
275900
280900
285300
299000
304100
306800
311700
321400
333600
337300
343300
346600
352800
361900
368600
372200
384200
387800
397000
401300
405700
412100
418100
427400
430400
439100
449400
456200
461500
464600
468900
474100
479700
482800
488200
495900
503200
520000
528200
537400
548100
551100
555500
558500
563400
583200
589400
595100
605200
610600
614600
618200
625900
632000
635600
652000
659900
668800
673600
676600
682100
689400
703700
715300
718900
724600
729800
740500
743700
749800
758600
769900
776600
790100
793500
800700
812800
821800
828300
834700
842400
849200
856600
864700
869100
882600
893000
900000
904400
913000
923500
928600
936200
939000
957700
960500
966800
971700
978900
1001600
1005000
1627600
1652100
1654200
1786100
2233100
# OFFOEL
# duration (msec): 1000
# repetition number: 32
6000
8600
12300
15100
19700
24200
27200
30300
36700
39900
45900
48700
51600
59200
62400
67600
73800
79400
82200
86700
92500
104400
117500
128200
135700
145100
147800
157100
170000
181100
187600
198600
201700
209000
211700
216400
219200
226200
234200
238800
244900
254100
260500
268300
275800
281700
285500
297700
300800
305000
311500
317000
326600
333000
336600
342700
346200
352600
361200
364000
368800
372200
381400
386400
396700
399800
403300
410700
417700
420600
427600
431000
435600
440400
449000
455800
461400
468400
473800
479800
482800
488100
496100
502700
513400
519200
527700
531000
536500
544200
548500
553400
556200
559300
564000
575300
579100
583900
589100
594600
599800
606000
611100
614900
618000
622700
626600
630000
633400
638500
647200
652500
659000
666800
671200
675100
678400
682700
689300
692600
698000
704200
707200
711600
716100
723600
728500
731800
740000
743600
748900
754500
758900
766000
769900
776000
783500
789700
792700
800500
804000
813000
821300
828700
835700
841500
848800
853300
857100
860300
865600
875200
882500
893400
899900
904300
920300
924800
929500
935800
938600
957800
960900
967200
971600
978500
991600
1002400
2053700
2151900
2638600
# OFFOEL
# duration (msec): 1000
# repetition number: 33
5800
8100
10800
13600
16200
19400
24200
27000
29800
36200
38700
41900
45800
48800
51700
59200
62100
67600
75000
80000
82600
86700
92100
102700
105600
117700
128200
134800
145100
147600
154200
158100
169100
175000
180900
184300
190200
198700
207100
210900
213900
217300
220100
226800
237800
243900
254300
258900
268500
276500
285000
296800
299800
303700
306600
311500
326500
333300
336700
342700
345600
352500
360900
364800
368800
373200
381200
385200
388900
396900
401500
404900
411700
417700
420700
427100
432700
439400
449200
455800
459200
462300
468200
474000
479600
482500
488300
496600
502800
513000
520500
528600
535600
538400
543300
548100
550800
555000
558200
563600
579100
583800
588900
594100
605000
610700
614200
617100
622700
626700
629900
633000
649100
657100
660100
667100
672200
676200
681400
684700
689600
697600
704300
711700
716700
723700
728800
740400
743400
748600
754500
758900
769500
777200
790000
792800
800700
803700
812600
821600
828300
835000
848500
851100
857300
861000
864800
868200
875500
883100
892500
899300
904400
912900
924100
928700
935200
938900
957200
960600
966400
971600
978900
986100
1002100
2444600
# OFFOEL
# duration (msec): 1000
# repetition number: 34
5800
8500
12700
15000
17500
20600
24000
26500
29400
36500
38900
42300
46400
49700
52900
59000
61800
67200
73600
78600
81400
84300
87200
92500
102900
105900
116900
128000
134300
138100
145000
147600
155500
158500
169500
172800
180300
183500
187800
192400
197900
201000
206300
210300
214000
218000
226500
230200
237500
243100
246700
254500
259100
264100
268400
275100
285300
297100
300400
304800
311900
326700
333900
337600
342800
345600
352300
360900
364300
369100
372300
381300
386000
396600
399200
402700
411900
417800
427300
435000
441500
449700
455900
461400
468000
473700
479600
482800
488300
496800
502800
513600
519700
529100
537300
547200
550300
555000
557700
563500
579200
583900
589500
595100
605000
610400
613900
616900
626100
630300
633600
653100
659400
668900
672700
676200
682300
689500
704000
711900
716600
723300
728700
740600
743300
758200
769900
790500
793700
800700
807600
812700
821400
828400
835300
842400
849100
857200
864600
867400
882100
893200
900200
904000
912800
919100
924100
928700
935500
938800
957500
960500
967000
972500
978200
985100
991500
1001600
1004500
2705500
# OFFOEL
# duration (msec): 1000
# repetition number: 35
5800
8300
10700
13300
15900
19200
24100
26500
29100
31900
36300
39200
42000
46300
49000
51900
58900
61600
67000
73500
78400
81000
84600
87800
92600
103400
106400
116500
127700
133600
136700
144600
147500
154500
157600
169600
172700
180900
184100
187400
190700
195300
199000
201800
207400
210600
213900
217500
221000
226700
232400
237900
243000
248600
255000
259100
265000
268600
276000
281500
285400
297200
300300
304500
307800
312500
326400
334200
337800
343100
346400
352600
361300
365000
368700
372500
382500
387300
396700
399700
404300
412200
417900
427600
434900
440100
448700
455300
458500
462000
468400
474000
479800
482700
488200
495900
502400
513000
520700
528400
536500
544800
548300
554300
557700
563500
579500
584000
589600
594900
605100
610900
614500
625900
631900
634600
651300
658900
668800
672600
675800
682500
689400
698400
704400
712300
716400
722700
729500
740000
742600
754300
758700
769700
777200
790300
793400
801200
804800
812700
815400
822500
828200
835400
848900
857100
864700
868300
883900
892700
899200
904100
920200
929100
935700
938900
957000
960000
966600
971400
978300
992800
1002000
1005100
2456100
# OFFOEL
# duration (msec): 1000
# repetition number: 36
5700
8300
11000
14100
18400
24100
26500
29300
36500
39400
43400
47000
51100
53800
59300
62000
67000
70800
74100
79300
82400
86200
92500
102900
116200
128000
134900
140700
145100
147700
156600
170800
180900
184900
191200
199100
204800
210000
213200
216800
220000
227100
236900
243300
254000
259500
268400
280500
285200
297600
300800
304300
311100
327000
335500
339200
343000
346700
352500
361500
368400
371400
382100
386600
396400
399200
403300
406600
412100
417700
427100
434800
441300
449400
456000
459600
462300
468900
474200
479600
482200
488000
495800
498800
503200
513400
520300
528100
532000
537100
545000
548500
553600
556600
559600
563500
575600
579700
584000
590100
594800
599900
605500
610300
613500
617300
625600
628400
632300
635400
646100
652200
658500
661600
669400
673000
676400
681900
689100
696700
704300
711100
715600
718400
724200
729200
740100
743000
748900
755000
759000
766600
770300
776300
782800
789900
792800
800300
803700
812600
821300
827200
834300
838700
842900
849100
857200
860600
865000
868500
880800
885200
892500
895600
900200
904000
912300
919900
925300
929300
935700
938800
957100
960500
966300
971300
978900
986300
1001800
1005500
# OFFOEL
# duration (msec): 1000
# repetition number: 37
5700
8200
11200
14100
19300
24100
26600
30500
36500
40400
46000
49600
53600
59700
62700
67300
75100
79800
82500
86600
92600
103300
107300
117300
128400
134900
144800
147700
156600
171600
181000
184300
188800
198600
206800
210300
213200
217700
220200
227200
232700
242900
248800
254600
259900
268900
275800
281500
285500
298200
301100
304300
307400
311500
326200
332600
336400
342600
345700
352300
361000
363800
369200
372400
382000
385800
390700
396700
399800
404000
412300
417900
426900
435000
439600
448500
455500
458400
461900
466200
469800
473300
479600
482300
488600
495800
499800
504000
513500
519400
527700
536000
539300
543800
548300
553700
556800
560100
563700
579200
584000
587700
591700
595500
599600
605700
610600
614500
619700
624900
628200
631600
635400
645600
653700
659300
667300
672200
675400
680300
683300
689400
695700
700100
704200
714900
718300
722700
729700
740400
743500
750100
754900
759500
769900
775900
790200
793100
800400
803800
812800
815700
821500
827700
834800
843100
849400
856900
864900
868200
881900
893000
902100
905100
912500
919100
924800
929100
936000
939400
946500
957400
960300
966700
970300
978800
987500
1001800
1004500
1395700
1995600
# OFFOEL
# duration (msec): 1000
# repetition number: 38
5900
8600
11100
13600
15900
18700
21200
24300
26900
30000
36200
39000
41500
46000
49000
51900
58700
61400
66900
70600
74100
78300
81300
86300
91400
94700
102300
105300
116500
127800
131100
135200
139100
145100
148000
153800
157800
169700
173500
180700
183500
187200
191400
198100
200900
205200
209400
213300
217000
220500
226500
231100
237300
243800
253400
258400
263000
269100
275000
280600
285000
298000
301500
304700
307900
312100
320400
327400
334200
337600
343000
346900
352500
361300
368600
371900
385100
388900
396500
399200
403900
412700
418300
427600
436100
440700
449200
456000
461600
468600
474100
480000
482800
488100
496300
502900
512900
520900
528400
536900
547800
554200
556900
563500
580600
584200
588500
594800
600400
606100
611000
614600
619500
626400
631900
635700
652300
659500
669700
673800
677200
682800
689200
698300
704600
716200
722700
727900
734400
740600
743600
748800
758700
770000
776600
790200
792900
800600
812600
822000
828700
834800
848700
857100
865000
869500
883200
893400
900000
904200
913700
924600
929000
936300
939900
957900
960700
967400
973700
979000
1001500
1535700
2020200
# OFFOEL
# duration (msec): 1000
# repetition number: 39
5900
8400
12000
14600
17200
21500
24400
26900
29800
36800
41000
46100
49800
53000
58400
61400
67600
73400
79700
82400
86300
92400
104000
117000
128100
134600
145100
148100
156100
159300
172700
181700
186200
197900
201400
208800
212400
217100
220900
227800
238200
244100
254500
258400
264100
268900
275400
281000
285100
297600
301500
304900
310800
320700
326900
334000
338200
343000
346100
352200
360900
363600
368700
371700
382700
386600
396800
399500
404500
411700
417700
426900
429900
434700
439900
448800
455800
460400
463200
469300
473900
479400
482600
488200
496300
503000
512900
519600
527500
536700
543800
548000
553600
556700
563500
566700
578900
583700
587000
592100
597400
605400
610300
613400
616300
623300
626900
630800
634000
643100
652500
659100
662300
667200
671500
675300
682300
689400
693600
700100
704800
710700
716100
723100
727800
731100
740200
743200
754300
758800
769900
775700
782900
790500
793800
800300
803800
812900
822000
828100
834800
840600
843700
849600
857200
860600
865200
868400
874500
881800
884900
892900
896500
903800
906600
912300
919200
924300
929100
935500
938800
957600
961000
966600
972500
978900
986900
993600
1002000
1005000
1669000
# OFFOEL
# duration (msec): 1000
# repetition number: 40
5800
8600
11200
14000
17000
19400
23900
26500
29400
32600
36700
39800
43300
46200
48900
52100
58700
61200
66900
69800
74400
79600
82400
86100
89300
92500
102900
105700
116400
127400
130100
135000
138700
144500
147600
153300
156700
165600
170300
174000
180200
183300
187200
190800
195700
199400
205200
208300
211500
214900
218600
226300
229800
235300
240100
245300
253500
259100
262200
268400
275600
284800
287800
297500
300500
304800
311200
318700
327100
334000
337600
342300
345100
351800
361300
368500
371300
374400
383300
386800
396500
399900
404300
411800
417700
427400
434800
440500
449000
455900
461300
464100
468600
473900
480000
482800
487800
496000
503100
513000
520500
528500
536200
545400
549000
554400
557400
563700
579500
584100
589800
595000
605400
611200
615200
626200
631500
634400
651800
659000
668400
672600
676600
682300
689400
704100
715600
719100
723400
729700
740300
743300
748700
754300
759200
770100
776200
790400
793200
800500
803400
812600
821800
828500
834800
849200
857400
864700
868300
874000
882900
892900
900700
904400
919500
928300
936400
939600
957200
960100
966700
972600
978900
985700
991500
1002000
1009900
2636600
2656500
# OFFOEL
# duration (msec): 1000
# repetition number: 41
5900
8500
12700
15200
19400
24300
26900
29600
36500
39900
45500
48300
51800
59400
62300
67200
75300
80200
82900
86000
92100
103900
117000
127800
135400
144900
147500
156900
169800
180700
184400
189200
197700
202900
208000
211400
214600
218100
226900
237600
243300
250000
255200
259000
263900
268800
275300
280900
285500
297200
300100
304700
307400
311300
321600
327200
332500
336600
342300
344900
352200
361200
368400
372700
381500
385400
389100
396800
399800
403900
411700
417900
421200
427300
430100
435100
439700
448500
455600
459100
462200
468100
473800
480300
483600
488300
495800
500000
503900
513000
519700
527400
531000
536400
539800
545400
548900
554600
557400
563900
567100
579600
584200
589300
593000
596400
601500
606400
611300
614800
625400
628600
632300
635400
648900
652700
659000
667700
671800
675200
678400
683300
689200
693000
698100
704200
711200
716400
719600
725200
729000
740500
743400
749500
758600
769700
776500
789900
792800
801000
812600
822000
828500
834700
844500
849000
857200
864500
873900
881600
892900
899300
904200
913900
919900
925500
929100
936000
938900
957900
961400
967000
972000
978600
991300
1002100
1005700
2577600
# OFFOEL
# duration (msec): 1000
# repetition number: 42
5800
8300
10700
13100
15600
18000
20700
24300
27200
30100
36100
38700
41900
46000
48800
51700
54500
59000
61800
66700
70000
74400
78800
81500
84300
87000
92200
101500
104900
108800
116500
128000
131000
135300
143500
146400
149100
156000
170600
180000
183200
187100
190900
197300
200300
206800
210300
213600
217300
220700
225900
228700
237200
243400
254200
259600
265700
269200
275400
281200
285400
298000
300900
305100
310800
326700
335200
338400
343200
349100
352900
361900
368400
372500
386200
396800
400400
405000
411800
418200
427100
435700
440000
449500
456200
461100
464400
469000
473800
479600
482500
488900
496000
503100
513100
528100
536300
547700
554800
557600
563300
583400
586300
590200
595700
605400
610600
614200
616900
626300
632000
634800
652500
659300
670900
674700
678000
682300
689400
704200
715900
722900
729800
740500
743500
758000
769500
790300
793100
800500
811900
821500
828300
834600
843400
849000
856600
859500
864700
867500
875300
883000
892400
895600
902900
905800
913000
918700
925100
929500
936300
939500
957000
960400
966800
970400
974000
978800
988000
992200
1001800
1004700
1120900
# OFFOEL
# duration (msec): 1000
# repetition number: 43
5900
8300
10700
13300
18500
24300
26700
29700
36200
39200
45900
48800
52500
59100
62600
67800
74200
79700
82300
86400
92600
103300
106300
117800
128100
134700
138100
145500
148000
157300
171600
180700
184400
188400
197900
201300
208800
212600
216300
219100
226300
231800
237500
243600
253800
259000
263400
268800
275300
280200
285200
298200
301200
304700
308000
311800
321600
327200
334000
337100
342500
345800
352100
360700
363700
368300
371300
374600
382100
385700
396400
399400
403500
412000
418000
422500
427300
434900
439000
442800
449300
456000
461100
463900
467700
474000
479900
482800
488500
496100
499400
503200
513000
519100
527300
530400
536400
543800
548400
553700
556700
563400
567700
578600
583800
588600
592200
595400
599600
605800
610700
614800
622100
626400
631100
634600
646000
652200
658300
661600
668100
672800
676000
681700
689400
693100
699700
704700
710700
715900
719800
723500
728900
740300
743200
748800
754900
758900
769900
783200
790400
793600
800500
804900
812900
821900
828800
835300
848800
857300
864100
867500
875300
882900
892600
903800
908100
913200
923700
929100
934900
938700
956900
960000
967800
972600
978500
991600
1001700
# OFFOEL
# duration (msec): 1000
# repetition number: 44
5800
8500
11600
14300
17000
20200
24100
26400
28900
31800
36300
39200
41700
46100
49700
53100
58800
61700
67000
73500
77500
80500
83000
86500
92400
103400
106000
117100
128200
134300
137200
145100
147800
154400
157600
168000
176400
181200
186500
193500
198200
201900
207800
211300
216200
219500
227600
232100
243000
251500
255200
259600
268600
275000
281100
285600
298200
300900
304300
307300
312300
321200
327600
333900
337600
342900
346600
352200
361200
368700
372700
381500
386500
391400
397000
400700
405100
412100
418300
427200
435800
450100
456300
461100
463800
468500
474100
479900
483400
488700
496800
503400
514100
519800
529500
536900
547900
554800
557600
563400
583700
589700
595100
600900
605700
611200
615100
625900
632000
652700
659300
671100
674900
681900
689300
704100
711500
716200
724000
729100
740200
743000
748200
758700
770100
777200
789700
792500
800000
803000
812600
821400
828000
835100
843200
849200
857100
860100
864000
867000
874100
880700
892700
898900
903600
911700
919600
924000
928600
932400
936900
939700
946900
957200
960400
966700
971800
978200
983400
989100
997500
1002300
1005600
2028100
# OFFOEL
# duration (msec): 1000
# repetition number: 45
5800
8200
10700
13000
15400
18400
21200
24300
26700
29400
35900
38500
41700
46200
50200
53100
59000
61800
66500
70900
75200
80100
82800
86500
92000
102600
105800
117300
128000
134600
138500
145200
147900
156500
170200
180100
183200
187500
198200
201600
208700
212300
216700
219500
226000
231600
238300
244000
254200
259200
268400
280600
285800
297300
300300
304600
311100
326700
336300
342300
345000
352400
361400
368600
371800
384200
387300
396700
399500
404600
412000
418100
427500
435700
450500
455800
461100
464200
469000
474800
479800
482900
488200
496500
503000
513900
528300
536900
547900
554300
557800
563600
583100
586400
591200
596500
605800
610800
614200
617200
626500
630500
634200
654200
660000
670200
674000
677200
682400
689600
704200
715800
723400
729200
740400
743300
749100
754100
758700
769800
776000
789300
791900
795900
800900
805500
812700
820900
828400
834900
838200
842300
849000
857100
864400
867800
874400
881500
885000
892500
899700
904100
911900
918900
923900
928300
931600
935800
939100
957400
960700
966400
971000
974400
978700
986200
990900
1001300
1004000
2005600
# OFFOEL
# duration (msec): 1000
# repetition number: 46
5900
8500
11600
14200
16800
24100
26600
29800
36600
39400
45100
47700
51400
59000
61800
67700
73700
79500
82100
86800
92200
103500
117000
128300
134900
144700
147500
156300
159600
170800
180200
183500
188700
197600
200800
207400
211200
214300
217800
220700
226700
231400
238000
244300
254100
259300
264400
268800
275300
281500
285500
298100
301000
304600
307400
311800
318400
326800
334200
337300
342600
345600
352800
361200
364300
368700
372200
382000
385500
388800
396900
404000
411400
417400
421200
427400
435300
440300
448600
455500
459000
462200
467300
473300
479300
482500
487800
496300
503200
513000
519600
525000
528400
536000
543300
548200
554200
557500
564000
578100
583600
587200
590700
594900
600900
605900
610800
614200
618200
625000
628600
632500
648900
653300
658500
661900
669300
672200
675300
681500
688900
693400
698600
704600
712300
716000
719200
723300
729400
740400
743500
749200
754300
759100
770100
777100
784700
790200
793100
800800
805700
813000
821600
828900
835100
838900
849000
857000
864700
868200
875100
882700
892700
900800
904500
912500
923900
928800
932000
937300
940100
957200
960600
966800
972400
978200
1001700
1005200
1098100
2095300
2559500
# OFFOEL
# duration (msec): 1000
# repetition number: 47
5700
8200
11000
13400
16000
18900
22200
25000
27800
30600
36200
39100
42200
45800
49000
51600
54800
59300
62100
67200
72500
75600
79200
82200
86700
92500
103400
106400
115400
119000
128000
134600
137600
144700
147600
153700
157700
168400
171700
179900
182800
185600
188900
193800
197500
200700
207200
211400
214700
218500
226500
230300
233800
238900
243500
254200
259300
263100
269300
276000
285100
297700
301000
305200
311400
327000
333900
337700
342800
345700
352100
358800
362100
368300
371700
384700
396600
399700
403400
411700
418000
427500
435400
440400
455600
458900
462000
467600
473700
479900
483100
488400
496400
503400
513800
527600
536200
547700
553900
556900
563700
580400
584200
590900
595200
605800
611000
614800
623000
627700
632800
651000
659000
670000
673200
676400
682100
688200
704300
715900
722800
728900
740300
743100
753800
759000
770300
775800
790600
793400
801300
812500
821300
828200
835200
842900
849400
856800
864400
867200
882700
892500
901100
904200
912100
920100
925000
929200
935100
938500
957300
960700
966500
971600
977900
981900
990900
1001800
1005200
2244700
2267300
# OFFOEL
# duration (msec): 1000
# repetition number: 48
5900
8500
10900
13700
17200
20500
24200
26700
29300
36100
39400
45700
48800
51800
59100
61900
66600
69100
74200
79000
81500
86200
91800
94500
103800
116700
127700
130400
135000
144900
147900
156700
170300
180200
183300
187200
198000
201100
208100
212300
217500
220900
226500
231600
242000
254400
259100
264100
268800
275600
285100
297700
300900
304800
311600
322900
327600
335600
342700
345400
352100
361200
367100
370100
373700
384600
388800
396900
399800
404100
412300
418500
427100
435400
449200
456200
461400
464200
468500
473700
480000
482700
488500
496700
503100
513700
525100
529500
537500
548200
554100
557200
563700
580000
584000
589700
595200
600200
605200
610800
613700
617100
625500
628800
632400
635800
648300
653300
658700
668700
672400
675300
679000
682900
688800
692500
698400
704200
711000
715900
719300
723300
728900
740000
743200
748700
754500
759100
769200
775700
782700
790000
792900
800300
803900
812700
821000
828000
834700
842500
848500
851400
857200
864700
867600
874600
881200
886200
892400
895800
899800
903900
913000
918900
923800
928700
934800
938600
941900
948500
957100
960200
966400
971900
978200
982100
988800
996800
1002400
# OFFOEL
# duration (msec): 1000
# repetition number: 49
5700
8300
10900
13800
19300
24100
26600
30000
36400
39300
46100
49500
52600
59300
62500
67200
74700
80000
83000
86900
92300
103500
106200
117600
127900
131100
135200
144800
147300
156000
159200
171300
181300
185600
198000
204000
208700
212700
216800
220900
227400
238300
243600
254900
259500
268300
280300
285600
297600
300600
304100
307100
312500
327000
334900
342400
346600
352000
361400
367900
371100
376300
385000
396700
399800
404200
411800
418200
427400
435300
440900
449800
456100
461000
463600
468200
473800
479800
482900
488400
496300
503000
514000
527600
531000
536600
547700
550800
554800
557800
563500
571000
579200
583500
586500
591100
596000
601600
605600
610600
613400
616900
625200
628700
632800
636300
647100
652600
659000
662100
668000
672500
675800
682200
687100
691600
703500
710400
716300
719400
723100
728600
740200
743200
748200
754300
758900
765900
769800
776400
782300
790400
793300
800400
804800
812800
821000
824600
828600
834600
838000
843000
848900
856700
863400
866800
870700
881200
885700
893000
900400
904600
912500
919100
924200
928900
936100
939300
948200
957000
960500
966900
971800
978600
983100
987500
996700
1002200
# OFFOEL
# duration (msec): 1000
# repetition number: 50
5800
8600
11400
13700
16600
20400
24500
27300
30500
36500
39200
45700
48300
52100
59100
61800
67200
73500
79900
83200
87000
92200
103600
107100
117600
128300
134700
137900
144900
147800
154600
158000
170400
180200
183700
190000
198100
201500
208200
212000
217400
220600
227100
232400
238200
243400
249600
254900
260700
268600
275700
285000
298700
301400
305200
311400
328000
336200
343000
346300
352600
361200
364700
369000
371900
382500
385900
397000
401700
404900
411700
417700
423600
427900
435600
439600
448900
455800
460800
464300
468600
474300
480000
483100
488400
496600
503000
512000
519500
528000
531400
536800
543300
548100
551200
555100
558200
563500
570900
579900
583900
587100
590300
595100
599400
605500
610700
614300
617800
625300
628200
632100
636000
645800
652300
659200
667700
671500
675000
678100
682800
689300
693400
699200
704200
711700
716500
723100
728700
737600
741100
743900
748500
754900
759100
769700
776300
783300
790000
793300
800900
804500
813000
822200
828000
834500
842600
848600
852100
857200
861300
865500
868700
874300
881300
885300
892800
900200
903900
911900
919200
925100
929400
936500
940100
956600
960000
966300
972300
978500
989500
1002400
# OFFOEL
# duration (msec): 1000
# repetition number: 51
6100
8700
13100
15700
19100
24400
27400
30400
36700
39800
46000
48900
52700
59100
61800
67600
73900
79500
82200
86700
92300
103800
116700
127900
133900
138000
145000
147800
153400
158100
169400
180000
183000
186200
190600
197900
201100
205400
208800
212000
215000
218500
226100
230100
237700
243100
248800
254100
259100
264300
269100
275200
281000
285500
297300
300200
304400
311000
317600
322500
326800
333300
336600
343400
346600
352300
355900
362200
368300
371800
375300
381500
385800
389600
396800
399800
404400
411800
418300
427800
435200
439500
449200
455400
458400
461900
466300
473100
476300
479900
482900
488500
496200
499400
503200
513700
520000
528400
532100
536700
544600
548800
554500
557300
563700
569100
579600
583800
588000
591300
595500
605100
611000
614400
624200
627600
631900
637500
646000
652900
659300
669300
672200
676100
682400
689500
698300
704500
715800
718900
723900
729100
740100
742900
748400
753900
758800
769900
776800
785500
791000
793900
801200
812700
821400
827800
834600
843200
849700
857300
864900
868500
874900
881900
892700
901900
905500
915700
924800
929600
935000
938800
956600
959400
965700
971900
978400
990900
1001900
# OFFOEL
# duration (msec): 1000
# repetition number: 52
5900
8600
12900
15600
18900
24200
27100
30500
36600
39000
42100
46800
50100
53900
59100
61800
67300
72700
79200
81900
86600
92100
103700
117300
128100
135000
144800
147400
155200
159100
172000
180600
187400
198100
201100
208400
212200
215800
218600
227100
231700
237700
243700
255400
260000
268400
275600
284800
298900
304000
307100
311600
326800
336900
343300
352200
361000
368000
371400
383700
387800
396700
399800
403900
412000
418300
424200
427900
435700
439900
448700
456200
461300
464100
468500
474400
479600
482900
488300
495900
502000
505600
513600
519300
525200
529200
536800
544100
548600
554300
557600
563600
578900
583800
589500
594700
600000
605900
610700
613500
616500
624100
627800
632300
635800
645200
650500
656000
660100
667700
671100
675600
682200
689500
692600
699100
704000
712200
716100
718800
723400
729000
740200
743400
748500
754800
758900
765500
770700
776400
785000
790700
794200
800700
803900
812500
821200
828400
834700
842500
849600
857000
863900
867400
874600
881300
892900
898200
903800
913300
920700
928800
937200
940700
957600
961100
966700
971000
978500
990400
1001600
1005700
2017700
# OFFOEL
# duration (msec): 1000
# repetition number: 53
5900
8500
11900
14600
18200
23700
26400
29000
36200
39000
41700
46400
50400
53700
59300
62200
67200
73800
78500
81000
85300
88200
92900
104000
117400
128200
134900
143800
146800
154600
158000
169300
174100
181200
185900
191600
197700
201100
208100
211700
214900
218400
225900
230700
238200
243600
254200
259400
268800
276000
285000
297800
300800
305000
312300
326500
334000
337600
343100
349600
353400
361600
368700
372800
383700
387000
396900
403400
412400
418000
427300
435500
449700
456500
461200
465600
469400
474800
480200
487700
496200
503300
528500
536000
547700
553900
556700
563700
580100
584300
589500
595700
605800
611200
615000
625600
628500
633100
653100
659400
668400
672500
676300
681900
689800
703900
711100
716400
722500
727700
732000
740300
743200
748200
754200
759200
766000
770500
776000
790200
792900
798900
803300
812800
821100
827500
834600
842400
848700
852400
857000
860400
865200
868500
874200
881300
885500
892800
899400
903600
907000
912700
919200
924100
928400
935000
939100
956800
959800
967100
972400
978100
982100
990400
996600
1002300
2435600
# OFFOEL
# duration (msec): 1000
# repetition number: 54
5900
8700
12400
15300
18600
24000
26600
29600
36700
39800
45900
48900
52600
59500
62700
67700
73900
80000
82600
85900
92100
103400
106600
123400
128700
135700
145200
147900
156500
170200
180600
184500
189700
195800
199200
207800
211100
215000
218400
222700
227600
237300
243300
249500
255000
259200
264900
269400
275600
282000
285500
298100
300800
304800
311600
318100
326700
333400
337100
343600
346700
352200
361300
364500
368500
372100
382300
385700
391800
397100
399900
404300
411500
417400
421100
427500
435100
439900
449100
455700
460900
463800
468700
474400
480100
483300
488400
496000
501900
505300
513500
520000
523600
529000
536100
539900
545000
548700
554800
557800
563600
577500
580600
583900
589300
594800
600100
605700
610900
614400
618100
624800
628300
632900
636700
647500
652300
659600
667600
671300
676100
681900
685500
689500
693100
699500
704600
711000
715800
719400
723800
728700
740000
743400
749000
755100
759200
769600
775900
782800
790300
793800
801400
812700
821600
828400
835000
848300
851700
857300
864600
867800
874800
882000
892700
900000
904200
912700
924000
928800
935500
939000
957400
960400
966600
972600
978600
981700
996700
1002300
1970500
2156100
2179600
# OFFOEL
# duration (msec): 1000
# repetition number: 55
6000
8600
11300
14200
18600
23700
26100
29200
36300
39400
45600
48200
51400
58400
61400
66900
72200
78400
81400
86200
92200
102900
107000
116300
119500
128000
131300
135600
138700
144500
147300
153400
157100
165500
169900
173300
180700
184000
187700
195400
199500
203300
208600
212300
215500
218800
225900
230000
237000
243100
250200
254700
259600
264300
268700
275300
280700
285200
288900
296700
300000
304100
308200
311900
321000
327200
333000
336600
341900
345200
348400
353000
361200
368300
372100
381900
385400
388500
396400
400200
405100
411800
418000
426200
429700
435800
440600
449100
456100
461400
464400
469100
473900
480000
483900
488600
496400
502800
512800
519200
524400
529500
537200
544000
548400
554200
557400
563100
576100
583300
586500
590800
595100
601100
606400
611300
615100
625500
629200
633300
636600
651700
658800
669200
673300
677900
682400
690100
704000
715500
723900
729100
740400
743400
753700
759400
769800
776700
790200
793400
800900
804200
813200
821900
827800
835000
844000
849300
857100
864600
867700
883100
892800
899600
904200
913500
924300
929200
936000
939300
947200
957300
960200
967000
972400
978200
985800
1002100
1818000
# OFFOEL
# duration (msec): 1000
# repetition number: 56
5700
8400
11600
14600
20300
24300
26800
29600
36400
40800
46400
49600
52500
58900
61700
66900
73800
78900
81600
86300
92100
101900
105000
113800
117200
127500
130700
135500
140500
144900
148000
154600
158200
169800
173400
180300
183200
186900
190700
196200
199400
202500
208300
211300
214400
218100
222700
228100
233900
238300
243500
249900
255100
259200
263900
268400
275100
280700
285700
296800
300200
304200
307700
312900
321200
327100
333700
336900
342700
346300
352700
360900
364200
369200
373200
382300
385700
388800
396900
400700
404900
411900
417800
426500
429800
435400
440100
448800
455900
461100
464400
469600
474100
480500
488100
496300
499700
503500
513500
520900
527400
535100
538300
544900
548600
554600
557600
563600
567100
579900
584200
589500
595100
603300
606800
611200
615300
624600
628000
632200
636400
650500
659200
669600
673300
676400
682900
689600
698500
704500
710900
716200
722400
729600
740400
743200
754100
759600
769800
776300
784200
790700
793700
801100
812500
821400
834600
849100
857300
864200
867500
882500
893100
903400
913000
924300
929200
936600
939500
947000
957500
960600
966800
972100
978300
986100
1001800
1277700
# OFFOEL
# duration (msec): 1000
# repetition number: 57
5800
8400
12000
14600
17600
23200
26100
28700
36100
38700
45800
49000
52100
58400
60900
67400
73300
77800
80600
83200
87100
92300
103600
106700
116600
127900
134400
138800
145100
147800
155900
159000
170500
180000
184300
189100
197900
202900
208700
213200
218000
225900
229200
236500
243400
254400
260000
268500
275400
284800
298200
301200
304700
311200
326800
334400
338700
342900
346600
352400
361200
364300
368800
373200
384200
388800
396700
400300
404800
411700
417600
420400
427300
435700
449700
455900
461700
468500
474300
480000
487900
496400
503100
513500
524000
529100
536800
547400
554100
557100
563600
575600
583900
590300
595600
600700
605600
611600
614800
626800
631900
634800
658500
662900
672400
675700
681900
689300
700000
704800
715600
718600
723200
731100
740400
743600
748200
758600
769700
776500
790100
792700
800400
803700
812300
821400
827800
834800
838000
843500
848700
857000
859900
864400
867300
879200
883100
892200
895200
900800
903900
908000
912700
918600
924600
929200
935200
939000
949400
956800
959900
966700
970300
974000
978100
981600
986100
990900
1001900
1005200
# OFFOEL
# duration (msec): 1000
# repetition number: 58
5800
8300
10900
13500
15900
18700
23300
26100
29000
32500
36500
39300
41800
45800
48700
51700
59000
61800
67100
73200
76400
79800
82900
86600
92400
102400
105800
116800
128100
134700
137400
145100
147600
153500
157700
169800
174200
180900
184100
187700
194200
198900
206400
210200
214000
217800
221200
227500
238000
243700
254600
258900
263400
269500
276200
285100
298200
301400
304900
311600
327000
333500
337200
342800
346300
352500
361400
368500
372300
383900
387600
396900
399700
404100
411300
417600
427200
430200
440600
450000
456100
461100
464100
470800
474400
479800
482600
488400
496300
503400
514900
520400
528400
537100
548100
554900
557700
563800
579800
584000
590100
596000
606100
610800
615500
626300
631300
634400
652100
659400
670800
673600
677300
682100
689200
704000
710400
716200
722800
729300
740200
743100
754100
758900
770000
776300
789800
792600
800800
807400
812900
822200
828200
834500
842600
848900
857200
864200
868000
881400
892500
899700
903900
912100
919100
924200
928500
935700
938800
946500
957000
959900
966100
969900
972700
978700
986100
992200
1002000
1004900
# OFFOEL
# duration (msec): 1000
# repetition number: 59
5800
8300
10800
13600
16300
20500
24600
27100
30100
36200
40100
45500
48800
52000
59100
62000
67300
73300
78800
81900
85700
92100
102800
106000
117000
128200
134600
137200
144700
147500
156200
159100
170500
181100
184700
191100
198100
202000
208400
211500
216700
219500
226600
237600
243800
254700
259800
268300
275700
285000
298800
302100
305500
311100
326900
334800
339100
343200
346200
352600
361100
363900
368600
371500
384700
389000
396800
400300
404100
411800
417700
427300
430200
436300
449700
455600
461200
468200
474300
480000
482800
488800
496100
503000
514200
528400
537300
547700
554700
557800
563400
579600
583800
590100
594900
605800
611100
614800
625300
631300
634600
652400
659700
670300
674200
677200
682200
689500
698600
703900
715600
722700
728200
740200
743300
748000
754400
758800
769500
775500
790200
793000
799700
803300
812300
822200
827700
834600
838100
843400
848700
856900
859800
865000
868700
874400
880600
883500
892900
898900
903600
911700
919400
924000
928900
935200
938500
946800
956500
959900
965800
969500
978200
986900
990800
1001900
1005300
2479200
# OFFOEL
# duration (msec): 1000
# repetition number: 60
5900
8500
12100
15500
20400
24000
26400
30100
36600
41400
46300
51000
58700
61500
67100
74100
79700
83100
87100
92400
103000
107200
118000
128100
135200
144800
147400
156900
171000
181000
185100
197600
201800
208700
212500
216800
219900
226400
235800
243000
253600
259100
268200
275400
284800
287500
297400
300000
304200
307400
312100
326500
333200
336800
342600
345400
352300
361400
368400
372000
375900
382200
386000
389300
396500
399700
403800
411700
418000
426900
429700
435800
441100
449100
455800
459200
462300
468200
473600
479000
481900
488100
495500
499100
503400
509900
513500
519000
527400
530100
536800
544100
548800
554300
557300
563300
566000
578900
583300
586400
590000
594600
600700
605900
610800
613900
617200
625200
629200
632700
650700
654500
659700
668000
672000
675400
682300
685600
690100
696800
704000
710900
716000
720100
723900
729200
740100
743200
748700
758600
764400
770400
784700
790400
793500
800500
803600
812700
820300
829000
835600
845400
849800
857000
860700
865600
882100
892500
895700
903400
913400
928900
936100
939200
958000
961200
967500
972600
978800
1001700
1005200
2288100
# OFFOEL
# duration (msec): 1000
# repetition number: 61
5900
8400
12600
15600
20100
24600
27100
30000
36600
40300
45900
50100
52800
59300
62400
67700
75000
79900
83200
86800
92500
95400
104100
108900
117400
128200
135500
144900
147600
156500
171200
181200
187800
197500
201500
208000
211700
215500
218300
221200
227100
236400
243100
249000
254200
259300
268300
275300
281500
285400
298200
301700
304900
309600
313200
326800
333800
336800
342400
346700
352500
361100
368500
372700
381700
386400
390400
396800
399400
404000
411500
417600
427400
434200
439700
448600
456000
460900
463500
468600
473900
479800
483500
488000
496200
502300
512400
519700
524500
528800
536300
543900
548100
551200
554900
558500
563900
578500
583500
589300
594200
599000
605000
611400
615300
622700
626500
630600
633600
637000
651600
659500
667700
671200
675300
678500
683000
689200
697200
703900
711700
715700
719000
723600
729500
740100
743400
748300
753900
758900
766900
770700
786000
791000
794100
801500
812700
822000
828300
835400
848800
857200
864200
867600
881000
892500
901000
904300
912100
923700
929200
937200
940300
957500
960900
967600
972900
978400
990400
1002400
# OFFOEL
# duration (msec): 1000
# repetition number: 62
5800
8400
11100
13700
16100
19500
24200
26600
29500
36600
39200
42900
46300
49700
52800
59000
61800
66800
69400
73900
78800
81600
84300
87000
92500
102500
105400
116400
127600
134200
138000
144900
147700
153700
157500
169000
173300
180100
183300
187300
192500
198300
201500
208300
212100
215800
219200
227100
232200
238700
243200
246900
254200
258800
263600
268700
274500
280700
285400
296000
299500
302900
306100
311100
314300
326700
333000
336300
343100
346300
352300
361100
364100
368600
373100
380600
385400
391000
397200
400200
404000
411600
418000
427100
431100
436500
440800
449800
455600
458500
462000
468200
474300
479800
482800
488500
496200
503600
514200
521000
528900
536100
547200
554100
557400
563600
580300
584300
589700
594900
605300
611100
614800
626300
630600
633900
652800
659000
669300
672500
675900
682100
689000
699200
704600
715800
719500
723800
728900
740000
743100
748600
759000
768900
775900
790100
793400
800700
803500
812900
822500
828400
834900
846800
850100
857700
865500
874100
892900
901400
904600
912300
924300
930200
937000
939900
957300
960900
966700
973000
978300
989900
1002300
1149900
1542200
2417900
# OFFOEL
# duration (msec): 1000
# repetition number: 63
5700
8500
12200
15100
19600
24200
26900
30200
36600
40800
46000
50200
53600
59200
61800
67100
73900
78700
81600
85700
90900
93900
103200
106100
117700
127900
134400
140300
145300
147900
157100
172400
180700
184200
190100
197900
201100
207200
211200
216500
219300
227300
232800
238100
244000
254200
259800
268700
275500
284700
298400
301200
304900
311600
326800
334900
342700
345800
352200
361000
364400
368900
372000
385300
396900
400100
404000
417100
420800
427600
435500
440300
449500
456200
461200
464000
469500
474100
479900
484400
489400
496500
502900
528400
536200
548000
554300
557400
563400
583000
587000
593600
605000
610700
614300
617300
625800
629500
633300
652900
659400
667100
671600
674800
677500
682100
688600
693100
698500
704300
711600
715900
718800
723800
728300
739500
742400
748100
754600
759800
770300
775800
782800
787100
790800
793500
800700
805000
812400
821600
828000
834800
842900
848800
851800
857300
860200
865000
868100
874700
880900
884400
892100
895600
900500
904100
912600
919400
924500
929100
935700
938700
956400
960000
966900
972200
978100
981500
986900
996700
1002000
1005800
1258300
1324300
# OFFOEL
# duration (msec): 1000
# repetition number: 64
5700
8500
12700
15600
19700
24200
26900
30400
36600
40400
46000
50200
58100
60900
67500
75500
79800
82700
87200
92800
104100
116900
127800
135000
138800
144800
147500
157200
170600
180200
183700
187800
197800
200900
208500
212000
215400
218600
226600
232600
237900
244300
249200
254000
259100
264200
268900
274900
280800
285100
287800
297900
300700
304300
307500
311700
320100
327000
333600
336700
342600
346400
352300
355500
361100
364300
369000
372700
382000
385700
389200
396700
399900
403800
412100
417400
426700
429700
435900
440300
448600
455500
461600
464700
469300
474000
479800
482700
488100
496700
503000
510400
514200
519400
528100
536800
544400
548000
554400
557600
563700
571000
579300
584200
589600
594900
600200
606200
611600
614900
626300
631400
634600
651600
658900
663500
668500
672200
676500
682300
689800
696500
704500
715800
722400
728700
740400
743600
749200
759200
769600
777600
790200
793400
800500
804900
812800
822200
827700
834900
842800
849300
857100
865500
875000
881300
893100
902900
905800
912900
919300
924200
928900
936000
939000
947700
957700
960600
966600
971500
978500
1001700
# OFFOEL
# duration (msec): 1000
# repetition number: 65
5900
8300
10800
13500
16300
20300
23900
26500
29200
36200
39200
41800
46100
48700
51900
58200
61000
66400
69200
73500
78600
81400
85300
89000
93000
101100
104500
116700
120800
127700
130400
135300
139500
145100
148200
153800
157600
169800
173400
180600
183400
187100
190000
196200
199900
203400
208600
212000
216400
220700
226500
230100
237500
243600
248600
254000
259400
265100
269000
275500
281100
285600
297100
300200
303700
307500
313300
321700
327300
333700
337900
343100
346900
352300
361000
364400
368700
373500
381100
385100
389300
397600
401100
404300
411800
417700
427400
434200
440100
449700
456200
462000
468600
473700
480000
484300
488300
496400
503500
513500
519200
528400
536500
544400
548200
554400
557700
563300
583000
586200
591600
595000
606400
611600
615000
625400
628500
632400
635200
646200
653900
659500
670900
674800
682000
688800
691700
704400
711000
716600
724400
729400
740000
742800
753800
759000
770000
790100
792900
800600
806100
813000
823400
828500
835500
848100
850900
857100
864800
868200
883600
893200
896800
903600
913400
924400
929300
936900
940100
957800
961300
967300
973100
979100
990700
1001900
# OFFOEL
# duration (msec): 1000
# repetition number: 66
5800
8300
11500
14700
18000
22600
25500
28800
31600
36300
39000
42800
46500
50900
54300
59200
62500
67200
71300
74800
79200
81800
85900
91900
94700
102400
105400
115800
119500
127800
134300
137600
144500
147200
153600
156800
169600
173400
180000
183300
186800
190400
197300
200500
204800
208900
213200
217400
220600
226300
230000
237500
243100
248400
255000
258900
264100
268900
276100
284500
287800
297800
300900
304200
308500
312400
323200
327500
332900
336500
342200
345700
352500
355900
361400
368600
371500
374900
382300
386200
394200
397500
401000
405100
412300
417900
426700
429900
436100
440500
449500
456300
461600
468000
473700
479800
483200
488100
496500
502900
513100
520000
528600
536100
547400
553700
556500
563700
579200
584100
589800
595000
606200
611000
615300
625100
630600
634300
649300
653700
659500
671100
674500
682300
689300
698200
704300
716000
723000
728800
740300
743400
754300
759300
769600
776200
790100
793500
801000
808600
813300
822500
828400
835100
843100
849300
857100
860200
865300
869000
883900
892400
900100
904000
912500
920500
928700
936000
939500
957200
960500
967500
972300
978800
992400
1002300
1183800
2478100
# OFFOEL
# duration (msec): 1000
# repetition number: 67
5800
8400
11000
13700
16200
19400
24000
26600
29900
36500
39800
44900
48000
51500
59000
61700
67200
74700
79100
82400
87000
92300
102600
105600
116200
127800
135600
144900
147400
156900
171900
180000
183500
188300
198200
201600
207900
212100
216600
220000
226800
230900
238100
243400
254500
261500
268800
275800
285300
298600
301800
305500
311800
327700
335600
338400
343000
347000
352500
361300
368100
371200
374500
383600
388300
397000
403500
411600
418300
427400
436400
448300
456000
461500
467900
474000
479700
482500
488100
496000
503500
514000
528300
536600
548100
554400
557300
563600
583400
589700
594700
605800
610900
614400
625600
632000
658900
668700
673000
676200
682000
689600
694600
704100
711800
716400
723500
728300
740100
743300
754700
758800
769700
775600
789700
792400
800300
804800
812900
822200
828000
834500
842000
849300
857000
860200
864900
868300
874800
882200
892400
895600
900900
904000
912400
918900
924100
929000
935000
938700
946100
957400
960600
966800
971900
977800
980700
988900
993400
1002100
1005300
2091500
# OFFOEL
# duration (msec): 1000
# repetition number: 68
5900
8500
11300
15200
20200
23800
26300
29300
35700
38300
41500
46300
50400
53800
59700
63000
67300
74300
79800
83000
86800
92500
100200
104700
117500
127900
135100
144100
146800
149900
157500
170200
180100
183200
195300
199700
208300
212100
217300
220300
226700
236900
243100
253900
259200
269000
280000
285400
298200
301100
305100
311100
328400
336300
343000
351500
354000
361500
364100
368500
373300
385000
396600
399400
404300
411700
417800
426700
434800
449100
455800
460800
463800
468900
474000
479800
483000
488000
496000
502900
513700
519400
528500
536800
547500
553500
556400
559400
564000
574600
579400
584000
589300
593800
600300
605200
610600
614700
620400
626100
629900
633400
646800
652500
656700
659700
668200
671900
675700
682200
689500
698100
704300
710900
716000
719100
723100
728000
733000
739600
742500
747900
754000
758700
769500
776300
784400
790200
793100
800100
804000
812500
821400
827200
834700
841000
848400
851600
857100
863600
866900
873800
881800
892300
899300
904300
912400
919300
923900
928900
935700
939000
957100
960900
966400
969600
973300
979000
986000
990900
996800
1002200
# OFFOEL
# duration (msec): 1000
# repetition number: 69
5900
8400
10700
13400
16100
18900
24000
26600
29300
35900
39200
41800
46500
49000
51900
58700
61300
66900
73600
78200
81500
85500
91900
102300
105300
115900
127700
130800
134800
137500
144900
147800
154000
157800
169700
180000
183800
188400
196200
199700
207600
211300
214300
217800
225300
229000
237100
242900
254000
259200
265000
270100
281000
285600
297900
301500
305600
312200
326400
333400
337100
342800
346800
352600
361400
368400
373500
382300
386600
396700
401100
404500
412100
418000
427100
435200
441600
449000
456000
461500
464600
468400
473800
479900
482800
488800
496600
503100
513800
528000
536700
544100
548200
554800
557400
563300
579700
584100
590200
595300
605400
610900
614800
626200
631700
635400
653100
659500
670900
674800
681600
689300
699200
704700
715700
723100
728700
740100
743100
748300
758800
769400
790000
792900
801100
812700
822500
834700
842800
848900
857100
863800
866900
874300
883400
892800
899600
904400
912000
924600
929300
935700
939100
956700
959600
967500
972100
979300
989300
1001600
2294900
# OFFOEL
# duration (msec): 1000
# repetition number: 70
5800
8200
10700
13000
15700
18200
23400
25900
28400
36100
38500
41000
45300
47700
50700
53600
58900
61600
67000
72700
77200
80700
83300
86700
92000
102900
105600
117700
127700
130900
135400
144900
147900
155400
158400
170100
174700
181000
185400
190300
197800
201300
209000
212200
215500
218700
226800
237100
244000
254900
260200
268600
281300
285400
297900
300600
304300
310700
314700
327300
335900
342600
346200
352600
361400
368400
372600
383500
386900
396800
399600
404800
412700
418300
427400
435200
440900
450800
456100
461300
467900
474000
480300
488200
496000
503200
513400
528300
535800
544800
549000
555200
558400
563800
583800
590900
595200
605600
611500
615500
622900
627100
632600
653200
659300
668800
672500
676100
682400
689300
704100
715500
718500
723200
729600
739900
742800
748200
758400
769600
790200
792900
800300
812200
821300
828800
834900
841900
848700
856700
859700
864800
867800
875700
881200
892700
895800
900500
904100
912500
919600
924300
928700
935100
938700
953100
957500
960900
966900
971900
978500
987500
991600
1001400
1005200
2489400
# OFFOEL
# duration (msec): 1000
# repetition number: 71
5800
8300
11100
14000
16700
20100
24400
26900
30000
36600
40400
46500
50000
58300
61200
67100
73600
79500
82600
86400
92200
103300
106300
117200
127900
134900
138400
145000
147700
157200
170700
180000
183200
189000
197800
201100
208900
212500
216900
220700
226500
237600
243500
254100
259800
268600
277100
284600
299000
302900
305700
312300
327100
333200
338100
343000
347700
352500
361300
368000
371200
383200
386700
396700
399900
404200
412000
417700
427400
434900
449000
456200
461300
469200
474600
480000
483300
488500
496400
503500
513900
524800
529100
536700
547500
554800
557700
563500
579900
584200
590100
598200
605700
611100
615000
626000
631700
635000
653100
659500
668000
671800
675800
682500
689600
697600
704400
712200
716300
722300
729000
740100
743000
747600
754300
758800
769600
775900
785200
790100
793400
800300
803600
812200
821300
828400
834700
838400
842800
848800
851800
857400
864000
867000
873900
880700
884300
892500
896100
903300
911700
920100
924500
929500
936000
939100
956200
959300
966300
970300
974500
978300
986600
991600
1002200
1005300
# OFFOEL
# duration (msec): 1000
# repetition number: 72
5900
8600
11800
14600
18300
21300
24300
26900
30200
36200
39500
43200
46500
49500
52500
58800
61700
67100
74000
79600
82300
85800
92300
102600
105900
117300
128100
135500
144600
147300
154700
158200
170600
180900
184800
193000
198100
208200
212200
215800
218700
227100
232200
243300
254200
259900
268700
275400
281400
285600
297800
301600
305000
311900
327200
335500
342600
345800
352700
361100
368200
372500
384400
387900
396900
400000
404000
411300
417800
427300
434600
442800
449200
456600
461400
467500
473300
479600
482600
488200
496400
503200
519400
528900
536800
547600
555100
558000
563500
579700
584300
589800
595700
606200
611200
614900
626500
632000
635700
653000
659200
669800
674300
681800
689100
693100
704100
715900
719000
723900
729300
740400
743200
748200
758500
769800
790000
792800
800600
806800
812700
822300
828500
834600
838900
849100
857200
864700
867500
880500
892700
895500
900600
904000
912400
918000
924400
929000
934700
938500
941500
956600
960000
966100
971100
978300
986200
991200
1001500
1004600
# OFFOEL
# duration (msec): 1000
# repetition number: 73
5900
8400
10900
13700
17100
21200
24300
27100
29700
36100
38900
42500
45900
48900
52100
58600
61400
66600
69500
74100
78300
81000
83900
86800
92400
101400
104300
117300
127900
130800
135100
137900
144900
147500
152800
157300
170000
173400
180000
183300
187400
190200
194800
198600
201600
204700
208600
211700
215500
218600
225600
229200
233600
237500
242800
246300
254100
259100
264200
268600
276000
281700
285800
296700
299700
302900
305700
311900
317600
322400
327800
333900
337200
342300
346700
352500
361200
364400
368500
373500
382200
386100
391500
397400
400300
404300
411900
418300
421200
427100
430600
440700
449100
456000
461100
464700
473700
479900
482700
488500
496500
502800
513700
528700
536100
544000
548600
554700
557800
563700
583800
589500
595800
605300
611000
615100
625400
629000
632500
652800
659400
668200
672200
676100
682200
689600
704000
715600
718700
728500
740500
747500
758700
769800
790500
793100
800800
804200
813000
823100
829100
835200
842600
848900
857200
864700
867500
882100
892400
903100
913500
923900
929200
936900
939900
957600
960300
966400
972500
978700
996100
1002100
# OFFOEL
# duration (msec): 1000
# repetition number: 74
5800
8300
11100
14100
17000
20000
24100
26800
29400
36200
39300
43400
46300
51000
58200
60800
67200
73700
78000
81000
85200
87900
93000
103200
106100
116700
127900
135300
144900
147800
156500
169800
174400
180700
184000
188700
198300
201200
208300
212300
216200
219500
227100
231000
243000
253800
260200
268400
281500
285600
298300
301100
304800
311400
326800
336500
342600
345800
352400
361500
368400
372800
384200
391400
397100
403100
411300
417700
427000
429700
439800
450500
455900
461800
468000
473900
479700
483100
488400
497000
503500
513800
528400
537100
547800
554400
557200
563800
583400
589400
595800
605900
610600
614400
617300
626000
631800
635600
658700
667400
671500
675500
682000
689200
703800
715300
718100
723500
728900
740200
742900
753700
759000
769200
780700
790400
793300
799900
803700
812500
821000
827700
834700
843200
848700
851900
857400
865100
868100
874500
880700
885300
891900
895700
899800
904100
912400
918400
924600
928900
935700
939000
947600
956500
959500
966700
969800
973400
978400
981700
989500
993500
998600
1003100
1837600
1839400
1841200
2170600
# OFFOEL
# duration (msec): 1000
# repetition number: 75
5700
8400
12400
15000
19800
23900
26500
29700
36200
40000
45800
48800
52200
59800
63200
67800
74600
80000
83000
86100
92700
104400
117500
128100
135300
145200
147800
157000
170600
181500
186800
198400
204100
210100
213600
217800
220600
227100
238400
244100
254500
259300
268400
275400
285000
298200
302200
305900
312500
326800
334300
337500
342500
345600
352700
361400
368600
373200
386300
397000
400300
404800
412000
418000
427200
435700
449100
455800
461100
464000
473500
479600
482300
488400
496400
502800
515300
525900
529000
536200
543700
548100
553800
556500
563100
578200
583600
589100
595100
599700
605500
610900
614600
618200
625300
628800
633300
645800
652300
658900
662100
667800
672400
676000
682200
689700
694200
699100
704300
711700
716500
723600
728600
739700
742700
748600
755700
759200
769000
776500
784700
790400
793100
800900
805100
812600
820800
827400
834800
839000
843900
849400
856900
864500
868600
874300
880600
884900
892400
896600
903100
906300
911800
918600
924500
928900
935400
938800
942700
956700
959600
966600
971600
978300
986100
992100
1001600
# OFFOEL
# duration (msec): 1000
# repetition number: 76
6000
8200
12200
14900
17900
20900
24500
27200
29200
33000
36700
39200
42000
46400
50200
54100
59700
62800
67200
74100
79900
82800
86500
92900
103200
107000
115800
123600
128400
135400
145000
147600
156600
170000
180900
185000
190000
199100
204700
209000
214400
217800
227000
232800
238700
243900
259100
268300
275700
284800
298900
302500
306300
311600
327100
335700
342900
346800
352400
361600
368300
371700
381500
386700
396700
399300
404300
411800
417600
420500
427300
434800
440400
450100
455800
461400
468300
474600
479700
482600
488800
496200
503900
514300
520200
529100
537000
548100
554400
557500
563700
580500
584300
589600
595700
605500
611000
615200
625700
631300
635300
651300
659200
669000
673100
676700
682100
689000
703600
715200
718100
723800
728700
740200
743500
749000
758800
769400
776200
788300
791400
799300
803000
812700
821400
828000
834700
842600
848600
851700
857400
863900
866900
874900
881000
885600
892600
896700
900200
904200
911900
919000
924400
929100
934900
938400
947100
956800
960300
966700
970500
975000
979400
987200
992400
1001700
1005100
2126400
