# OFFOEL
# duration (msec): 1000
# repetition number: 1
5600
8200
11000
13800
15800
23100
25700
29300
36000
38700
41600
46100
50400
59400
62300
66700
73100
79500
82200
86800
92200
103500
106700
117700
128400
134400
144700
147500
150300
157400
170000
180800
186000
190400
197700
200600
207100
210200
213000
216800
219200
226400
233000
243100
253900
259200
268600
275400
284900
298500
303600
306300
311400
326800
334000
337500
342900
347000
352400
356000
361200
367900
371000
374000
382100
386800
396700
399600
403100
411700
417700
426600
429500
435400
440200
448800
455400
458400
461400
464000
468900
473700
479100
482100
487800
495700
502500
511900
518300
527800
531000
536100
543900
548000
551200
554600
557800
563100
566100
576400
579800
583600
586100
590300
594500
599600
605200
610300
613400
615800
622900
626800
630500
634100
641700
648400
652700
658600
661700
667700
671900
675100
678800
682400
688800
693300
699500
704200
710400
715700
719300
723800
727900
740100
742600
746100
754100
758700
765100
769600
775900
786600
790500
792900
799800
803800
812500
816000
821300
828000
834900
841600
848300
856600
860000
864600
867800
873900
880800
884200
892200
894900
899800
903600
906200
911900
915100
919000
925100
929100
934800
938700
956400
959800
962000
966000
969400
972700
978300
981600
991100
1002000
1007800
1014900
1023600
1029600
1054800
1064900
1068100
1072300
1077600
1080800
1087800
1094600
1112200
1124900
1134800
1143200
1151700
1154900
1157300
1160300
1175800
1184300
1190100
1197800
1210700
1214300
1221300
1234000
1239500
1244500
1250900
1255800
1266500
1273400
1285100
1290100
1296100
1303500
1311700
1314100
1317700
1337800
1341100
1345300
1355800
1363800
1373200
1378400
1383300
1388800
1393100
1398800
1404600
1411600
1414300
1419500
1430100
1446100
1450600
1464900
1468600
1477600
1480900
1487100
1490500
1499300
1511100
1516500
1531100
1535800
1542600
1548800
1553300
1580000
1586700
1592800
1595500
1609100
1615500
1627100
1634200
1638800
1641600
1655600
1661100
1664400
1670500
1677700
1683000
1691900
1699300
1705100
1708700
1715000
1721500
1728300
1733200
1737300
1742500
1745000
1756000
1759400
1769100
1779300
1784800
1796200
1803200
1809200
1813900
1820700
1826000
1833300
1840900
1854700
1858500
1863200
1868400
1872700
1877100
1884000
1889300
1892800
1898600
1902800
1910000
1914300
1929700
1934500
1942400
1949300
1953300
1959700
1965900
1970600
1980900
1986900
1994300
1997800
2001700
2015000
2017600
2023200
2029600
2033300
2037600
2041600
2046100
2051700
2056100
2062100
2066900
2071000
2077700
2083600
2088200
2099000
2103400
2107800
2111500
2115100
2118100
2123700
2128300
2134500
2138100
2145200
2155600
2161500
2170300
2173900
2176800
2182100
2185800
2191100
2194700
2201700
2211300
2214100
2221500
2230000
2235400
2241500
2245700
2255800
2259300
2265300
2268100
2272400
2277100
2280900
2283600
2288800
2294200
2301700
2311300
2316300
2319800
2325800
2332000
2339700
2346300
2356800
2370600
2376400
2382800
2391600
2399800
2402700
2412100
2421000
2433700
2441200
2453400
2459600
2480600
2491700
2496600
2499400
2510600
2518600
2522700
2527200
2544700
2553700
2562700
2573700
2578000
2588000
2593400
2599500
2602400
2608800
2613000
2623900
2627600
2637100
2648600
2656200
2662100
2674400
2687300
2692000
2697800
2701400
2713600
2724300
2738800
2742400
2749600
2754900
2760000
2768200
2775200
2790700
2796700
2800300
2808100
2815800
2822800
2826500
2837600
2842000
2848300
2859300
2864900
2877100
2885900
2890800
2897600
2903300
2913700
2924300
2931300
2937400
2941100
2946700
2955800
2958400
2967200
2981300
2984200
2992700
2997500
3006000
3013600
3020700
3026100
3037400
3042400
3053800
3057400
3061500
3065200
3074300
3082500
3089100
3091800
3096400
3101700
3108300
3112700
3120800
3128900
3133500
3137400
3143700
3151400
3159000
3163600
3166100
3170500
3174800
3184600
3188200
3195600
3200000
3208000
3211800
3213800
3228400
3234600
3238600
3242600
3247500
3252800
3260300
3264200
3270200
3276600
3279500
3284600
3289500
3295500
3304200
3308000
3317800
3321600
3328900
3337700
3340700
3348900
3351800
3355400
3359200
3365900
3369700
3375100
3379000
3384200
3391200
3396800
3401900
3407700
3419800
3424000
3430500
3435600
3449900
3455000
3457700
3466500
3470700
3476600
3482000
3488400
3494100
3498200
3506200
3511900
3515800
3521600
3529400
3537500
3541400
3545700
3553100
3556000
3562300
3567500
3571700
3578500
3587100
3595700
3607800
3611900
3619200
3632200
3641600
3645400
3650100
3660900
3672000
3679000
3686700
3689600
3699300
3710600
3715100
3723600
3730800
3745000
3749300
3755300
3761700
3766500
3771200
3777200
3784700
3788600
3793200
3802700
3808000
3811000
3819500
3833600
3836700
3843200
3854200
3860600
3878200
3885400
3890500
3894400
3899400
3903200
3915200
3921000
3931200
3941500
3947500
3955700
3966200
3973900
3984300
3991600
4001100
4005900
4011500
4043300
4050100
4057600
4064200
4067000
4072900
4077000
4083800
4088200
4097500
4104500
4117200
4122600
4131800
4144300
4161500
4169700
4175700
4182300
4190600
4203000
4216500
4223300
4227500
4230700
4235500
4239300
4249600
4252400
4263400
4281000
4288300
4293500
4298200
4304200
4314500
4320400
4324600
4330700
4339600
4347400
4368600
4372700
4380000
4386000
4392300
4395100
4400300
4404200
4407200
4414000
4425100
4429300
4431900
4438400
4445800
4453100
4457300
4463700
4469400
4473800
4476800
4484100
4487900
4490400
4499400
4503800
4508000
4519700
4523900
4528300
4534500
4539000
4542300
4546600
4556200
4559500
4564200
4572400
4580900
4585900
4590900
4594800
4599200
4604600
4610400
4614500
4624600
4636400
4640400
4647400
4651300
4657600
4662900
4667800
4672400
4681000
4685400
4688600
4696800
4704300
4707500
4711000
4714900
4718900
4724100
4728900
4739700
4742700
4746500
4751700
4755800
4759900
4771000
4776200
4782100
4786100
4791000
4795200
4802200
4808700
4814000
4821300
4824500
4829800
4834500
4842100
4847300
4851300
4868100
4872500
4877300
4882500
4894300
4900400
4908100
4912100
4921600
4925700
4932700
4946100
4966400
4976800
4981000
4984000
4988900
4995600
5001500
5004100
5017900
5023400
5032100
5035100
5043300
5058100
5061300
5073100
5083100
5088000
5092600
5095400
5103800
5111600
5114500
5133300
5138300
5144800
5155200
5156500
5159800
5166200
5173200
5181900
5205900
5211800
5217700
5223200
5234900
5242500
5247100
5255300
5266000
5276300
5285100
5293900
5301700
5325100
5332600
5345800
5350300
5354900
5360300
5364500
5367300
5371800
5386700
5395300
5407200
5418300
5422300
5427700
5433000
5438200
5447200
5454200
5460000
5469700
5475900
5481200
5496600
5499900
5512200
5518200
5529200
5533300
5539400
5544800
5551700
5560000
5567300
5574600
5577500
5585000
5598100
5617200
5623000
5633700
5640200
5644600
5649200
5653800
5660200
5666700
5671400
5679000
5686600
5690600
5704300
5707300
5711500
5719000
5728900
5732100
5738300
5744900
5750800
5755800
5759100
5763800
5770500
5779800
5784500
5792600
5800200
5802900
5808500
5811800
5817700
5826200
5830200
5834100
5841600
5844600
5849500
5861100
5866500
5872500
5881200
5885700
5892500
5898400
5906100
5912600
5917000
5921900
5927100
5934200
5938700
5944800
5950700
5960100
5963100
5971600
5980300
5985900
5990500
5994500
6001000
6007700
6015000
6027700
6031200
6036600
6044000
6050700
6056000
6063200
6066200
6072800
6077800
6088500
6094500
6097200
6107800
6114900
6121000
6143000
6148700
6161700
6171100
6181400
6189400
6192200
6198800
6206000
6208800
6220100
6233300
6242400
6247900
6255400
6264700
6270100
6274200
6277000
6296200
6299600
6306200
6312900
6318600
6330500
6335900
6343900
6348600
6372000
6386900
6394800
6401400
6406500
6416100
6426200
6437000
6442900
6453500
6466100
6472000
6477900
6481000
6504000
6506900
6523200
6533700
6538700
6543500
6549500
6554300
6558600
6563800
6570300
6577300
6583200
6592100
6597500
6613200
6617300
6624800
6634300
6641500
6654900
6659900
6677400
6687500
6694800
6701500
6712500
6720200
6727200
6733800
6751200
6764100
6767000
6777800
6782400
6787800
6791800
6796500
6804200
6810500
6815000
6821900
6833300
6839900
6851100
6862700
6871300
6878000
6894700
6898800
6907800
6914400
6919900
6931000
6936700
6940700
6943500
6949600
6956100
6961400
6972500
6976600
6981300
6989000
7000100
7004400
7008700
7011300
7016300
7022800
7026900
7031800
7040500
7046500
7061900
7065000
7068700
7072600
7075700
7083700
7090600
7101600
7108500
7113900
7117900
7120500
7126100
7130500
7141400
7151700
7155900
7158700
7168100
7172600
7175600
7186100
7192800
7196900
7203200
7208700
7216400
7223500
7230200
7235900
7238700
7244100
7250700
7254800
7258100
7262300
7272700
7279300
7282600
7292100
7296700
7301300
7308300
7314800
7321500
7325000
7331300
7337000
7342100
7347200
7352000
7358700
7363500
7369700
7373800
7379000
7384800
7390300
7398100
7406100
7410300
7418600
7423100
7428900
7445300
7450700
7456300
7462600
7466800
7474500
7480600
7483600
7488600
7498800
7504300
7514700
7520200
7525600
7529800
7534700
7541200
7546100
7553100
7558700
7565200
7573000
7577500
7588300
7593000
7597100
7601400
7620700
7629000
7640700
7658400
7666000
7673000
7682600
7688100
7693300
7701300
7707400
7714300
7721400
7727300
7735200
7745400
7753500
7782500
7787200
7791800
7813300
7818400
7823300
7829500
7833600
7855100
7860000
7863300
7866100
7871800
7883700
7897400
7907900
7914000
7918000
7922100
7929200
7934100
7939000
7944200
7951900
7958600
7966900
7974300
7984000
7988200
7995600
8014400
8024400
8027600
8045500
8053700
8073100
8081700
8089600
8102000
8115000
8120100
8129100
8137100
8141100
8151300
8155500
8160700
8170100
8175600
8196200
8205100
8208500
8213100
8225600
8228700
8241400
8246500
8260300
8264400
8273300
8281100
8288600
8294200
8297200
8303600
8308400
8312600
8320500
8325100
8330500
8338000
8346600
8352700
8358600
8361600
8368200
8375400
8385300
8389500
8392300
8396200
8403800
8411100
8415200
8418300
8423200
8435800
8441000
8449500
8458200
8462900
8472700
8478300
8481200
8484800
8488300
8496200
8499300
8502800
8508400
8512800
8517800
8522700
8527000
8534400
8539300
8545300
8550900
8555100
8559300
8563900
8568700
8571900
8576200
8584000
8590300
8593800
8598100
8605000
8613900
8620400
8625300
8637200
8653400
8658900
8666500
8675300
8680500
8691900
8698000
8702400
8706900
8713500
8723800
8732100
8744100
8751200
8759200
8766200
8772100
8781600
8784900
8795500
8810000
8817000
8823800
8828100
8832200
8840400
8846400
8854200
8860900
8867100
8872700
8890600
8895800
8917800
8924100
8929800
8936000
8945600
8963100
8970200
8977200
8996500
9004800
9008200
9017700
9039100
9048800
9052000
9061200
9066200
9070300
9081500
9098800
9108100
9117000
9121100
9134300
9147100
9159800
9176900
9181900
9194700
9199000
9207400
9210400
9214700
9227100
9235600
9239700
9249500
9257600
9265500
9275000
9286000
9292600
9299100
9307800
9314100
9324700
9332300
9348600
9369700
9377200
9386000
9392000
9397200
9403800
9408900
9415300
9421500
9435700
9449900
9454200
9462700
9465800
9476500
9479500
9486600
9492700
9498800
9512000
9517000
9532600
9538100
9555600
9563000
9578100
9583100
9587700
9594700
9598200
9602400
9610900
9614200
9618600
9621600
9628700
9633000
9644600
9658600
9664500
9667800
9675600
9681600
9686200
9690600
9693500
9702500
9708800
9713500
9719900
9728900
9732200
9737100
9741400
9747400
9755000
9762000
9766800
9772400
9778700
9790700
9795200
9798000
9807400
9813400
9822400
9830700
9834100
9842000
9847400
9857500
9860700
9868800
9873300
9876300
9883400
9897000
9900000
9907500
9912300
9916500
9923300
9927700
9934800
9940100
9944900
9955800
9957100
9963100
9966600
9973800
9978400
9981600
9987700
9997900
10001000
