# OFFOEL
# duration (msec): 1000
# repetition number: 1
7200
9900
15200
19200
21900
25100
30400
43800
46600
58600
61100
64100
66500
74200
77900
80800
84300
94700
98200
101900
104400
108000
116900
120500
128900
132800
137100
139700
143200
150000
154400
170700
176900
183100
192500
196300
211300
215100
225800
244200
270300
284300
287800
296100
298800
302400
313800
321200
336800
343700
355300
364000
372800
377600
383400
387000
407700
424900
432800
435700
453100
464000
468200
486500
490100
493800
506100
520200
524700
532900
549600
554100
568900
577300
588600
605200
609700
617900
641800
661600
667400
680000
691100
696300
708800
718300
721300
726700
733500
745000
748800
759200
764700
772200
782200
793200
803000
825000
852900
856500
875100
886800
898600
918100
920700
923900
959400
976600
980700
990100
997000
1004600
1013400
1015900
1025300
1029200
1038600
1044300
1047000
1050700
1058500
1072400
1079700
1083500
1086500
1090000
1095800
1103100
1106700
1116200
1119800
1126500
1129200
1138500
1141500
1151300
1155000
1161400
1170800
1173900
1185300
1189100
1201200
1211800
1214500
1218000
1224400
1228200
1236900
1240700
1248300
1251400
1254800
1264900
1274600
1278300
1280600
1299900
1303600
1306300
1310000
1320500
1324300
1332900
1336900
1344200
1347200
1359200
1365700
1369700
1372700
1383800
1397100
1403900
1409400
1421800
1425600
1430100
1433800
1448300
1452700
1462900
1473800
1476700
1482400
1488400
1495600
1498500
1502900
1509400
1513600
1517600
1543100
1558200
1562000
1574600
1577400
1581200
1587000
1595900
1599900
1611900
1625700
1645300
1648500
1668800
1682300
1696000
1699100
1731600
1743900
1747700
1754400
1766700
1769700
1774700
1787500
1794800
1798400
1806500
1809400
1827900
1831000
1857000
1860600
1874500
1893000
1898600
1901300
1908900
1912600
1921800
1934900
1950100
1958400
1962100
1975900
1998800
2010200
2021500
2034300
2042000
2061500
2065100
2071200
2084000
2095000
2111500
2116300
2129000
2133200
2149700
2172700
2176700
2184600
2187600
2208800
2218700
2229900
2242800
2269300
2274100
2281700
2291500
2295300
2308000
2310800
2313900
2322500
2325300
2328400
2342600
2345500
2349000
2363300
2367100
2383900
2391700
2394400
2404500
2415100
2427000
2437700
2441400
2443800
2455200
2466300
2470000
2473100
2477600
2483100
2487700
2496700
2503800
2514200
2518000
2526100
2529100
2540000
2543900
2553200
2556300
2564200
2579000
2583500
2588500
2600700
2604400
2614200
2621400
2625700
2628300
2631500
2639100
2643300
2648600
2652600
2657700
2661700
2665700
2672700
2682500
2686400
2696600
2700400
2707600
2713600
2716500
2720400
2731900
2744300
2747500
2750800
2757000
2761000
2772800
2777200
2792300
2804900
2813900
2817800
2828800
2839400
2842700
2855500
2868300
2897100
2900800
2909400
2912400
2923800
2939800
2949200
2963000
2966300
2978600
2981500
2984800
2992800
3004500
3014100
3017900
3028400
3041000
3045900
3081200
3095900
3099700
3114500
3125900
3133600
3170300
3184600
3188500
3196800
3207700
3210500
3222300
3247100
3250700
3282600
3285600
3289000
3311700
3330400
3337800
3341400
3353500
3362800
3399900
3412300
3415200
3419600
3441900
3451600
3464900
3486600
3490300
3494200
3503100
3510800
3514400
3527100
3538200
3547600
3551200
3553700
3564200
3566900
3577800
3580600
3587900
3591000
3614400
3622100
3631500
3646200
3660000
3670400
3679000
3682600
3692700
3695500
3706800
3710700
3713400
3725900
3728700
3732500
3737400
3748600
3751600
3755400
3762600
3765600
3769200
3774100
3778800
3786900
3790700
3798600
3801600
3811600
3830000
3833700
3836200
3841600
3845800
3852500
3856600
3863200
3867200
3875600
3878900
3881700
3893700
3897400
3910100
3913800
3916500
3926700
3929600
3940000
3952200
3965200
3969200
3973900
3977900
3980600
3983700
3997000
4001800
4006400
4018300
4022200
4030900
4034700
4044400
4054800
4057700
4061500
4067800
4071200
4081200
4088700
4092800
4104200
4123200
4141700
4144500
4148900
4184600
4203200
4213900
4223000
4233100
4237000
4245500
4249700
4260600
4265400
4286900
4290800
4307800
4314300
4345300
4350400
4358100
4361900
4372800
4381600
4402300
4415800
4431300
4443600
4447600
4457700
4479500
4489500
4492200
4495200
4509200
4516900
4519800
4530600
4537600
4541200
4567200
4570200
4580500
4603100
4612900
4615700
4636200
4639100
4673400
4677100
4690200
4702500
4707500
4719700
4732000
4740100
4743800
4751600
4763000
4787200
4801000
4810500
4819900
4822600
4832500
4835500
4843800
4864000
4874800
4878400
4884500
4888400
4903300
4916600
4923400
4926600
4930200
4940700
4950100
4960600
4963700
4972600
4977300
4989000
4995800
4999600
5002600
5019800
5030300
5033300
5037000
5042300
5046100
5048500
5059900
5063800
5069800
5073600
5076600
5080600
5093200
5099800
5102600
5106100
5115600
5125100
5128200
5131500
5135200
5144500
5155100
5159300
5165300
5176000
5194000
5196900
5200200
5204500
5219200
5223200
5227100
5235000
5238800
5247300
5250400
5254000
5264000
5268700
5277900
5282100
5285200
5295000
5298800
5308300
5314400
5318200
5322900
5326700
5337600
5341300
5346000
5350400
5357500
5366000
5372300
5381400
5395500
5399300
5401800
5405500
5414800
5425300
5428600
5436600
5445700
5448900
5459200
5468300
5471200
5479700
5484300
5513900
5518700
5526300
5530300
5559300
5575200
5588000
5594000
5597300
5599900
5603200
5615200
5625100
5628900
5640300
5646100
5650700
5676200
5680100
5697400
5708400
5712200
5739800
5751000
5754100
5779200
5786800
5790500
5802900
5825400
5829200
5850400
5859400
5876900
5888300
5907900
5923100
5925800
5929000
5956300
5986700
6014600
6019100
6030200
6033000
6036000
6044100
6048300
6053400
6058200
6080600
6091100
6115900
6131200
6144900
6160200
6171600
6174600
6190500
6194200
6196700
6227600
6238200
6247700
6250600
6260300
6263800
6266300
6275800
6278800
6282100
6292100
6301000
6305000
6310600
6343600
6357500
6362200
6370400
6375300
6380400
6383300
6392700
6395700
6406900
6413300
6416900
6426700
6439600
6449800
6453600
6456600
6465100
6468800
6470900
6474200
6477900
6481600
6483800
6487200
6498800
6503700
6509000
6511900
6515600
6520000
6534100
6542900
6546800
6550500
6556200
6559000
6562300
6570700
6575900
6580100
6605700
6609500
6622300
6626000
6628600
6632000
6639400
6658800
6662600
6680100
6684100
6688000
6692200
6706700
6710400
6719700
6728300
6732200
6745600
6750600
6754600
6765700
6775700
6778600
6785000
6796500
6812100
6833600
6850700
6855000
6866200
6876600
6880400
6891700
6904800
6917100
6920100
6924500
6951400
6955700
6965600
6990100
6994400
7007600
7011300
7019500
7022700
7033000
7036800
7044100
7054800
7064800
7069100
7095400
7100400
7107600
7124000
7127600
7130200
7138800
7158500
7181000
7209500
7212300
7221800
7225300
7244800
7258400
7267400
7271100
7298200
7322500
7327300
7334800
7337500
7340600
7348700
7366400
7381900
7433000
7437800
7456800
7460400
7468400
7471100
7480300
7496700
7499800
7507900
7531500
7543400
7574000
7591400
7594200
7597300
7607500
7613200
7616800
7625700
7629400
7645600
7649300
7652900
7661200
7665200
7677100
7687600
7691900
7695100
7709400
7716100
7718900
7722300
7728500
7739400
7742500
7749500
7752500
7762100
7773600
7780900
7792500
7795700
7806300
7809300
7813600
7820700
7823500
7834600
7839100
7844000
7853700
7863700
7875500
7878700
7882300
7895200
7900100
7912600
7919500
7922500
7932800
7936600
7945200
7956000
7966600
7970600
7973700
7977000
7980700
7984600
7988700
7992400
8002500
8007700
8013900
8021900
8035800
8040200
8043300
8046700
8049600
8054400
8059000
8077500
8081300
8083700
8087000
8095400
8099400
8124000
8127100
8130800
8140700
8143600
8155200
8167700
8171600
8183500
8186600
8197700
8207100
8209800
8228500
8232400
8237900
8259100
8270100
8284400
8290200
8296800
8326100
8360100
8369700
8373300
8380700
8411400
8417900
8427700
8430500
8440700
8465000
8474800
8478900
8491400
8495100
8520400
8524800
8536600
8540300
8569300
8580700
8599800
8609100
8611700
8624100
8639400
8651300
8654200
8662700
8676200
8686600
8689600
8703100
8715300
8740200
8746500
8765300
8769100
8771700
8787800
8800100
8804000
8825600
8829600
8853300
8862700
8868100
8891500
8904200
8913000
8915700
8925000
8934700
8943100
8949300
8963100
8966700
8969400
8973300
8976100
8990400
8997900
9004400
9014000
9023300
9026300
9038500
9048600
9060200
9067600
9079500
9083200
9085600
9089100
9098800
9108800
9112500
9116600
9122800
9126800
9129900
9135400
9141300
9152900
9156600
9163700
9168000
9173700
9183400
9186300
9189600
9199900
9203700
9209700
9216500
9228100
9232100
9235700
9247400
9250400
9253700
9261300
9265000
9272900
9277000
9284600
9288700
9298400
9302800
9313200
9317500
9326400
9341000
9354500
9362600
9374300
9388100
9391200
9399200
9406600
9415700
9419900
9423700
9428900
9433100
9446200
9462600
9466400
9470400
9477600
9482400
9486200
9498600
9505100
9512800
9516100
9527700
9543500
9547800
9558800
9587400
9600100
9618600
9640100
9644200
9646800
9650200
9657400
9661200
9685900
9698400
9706100
9710400
9721200
9730400
9739700
9742900
9767000
9770700
9780000
9783100
9791400
9813400
9827400
9839100
9849900
9862700
9866400
9873800
9890100
9916800
9944100
9948500
9952300
9964100
9976100
9990100
11630500
