# OFFOEL
# duration (msec): 1000
# repetition number: 1
9100
13500
18600
24500
29200
33300
40200
44800
50200
55100
62900
69800
79700
84200
90000
95300
106300
120600
132200
138600
146300
150800
155800
174100
187200
201900
208500
215600
221500
239200
246500
257100
272000
279900
288500
301600
307800
314300
331600
340000
348400
355700
365000
371100
376700
389600
399700
404600
420200
430000
442600
458000
463300
467600
472000
477900
483300
490100
498600
503900
509100
517100
532500
539600
550800
557600
564100
570700
582800
587600
593600
598900
612900
618800
628600
634700
639200
653900
661900
671200
676600
680900
685800
692700
698800
707900
717800
723200
731000
743000
747600
752400
762000
769000
780100
793100
797400
804900
816900
825800
831300
839000
851500
858000
862600
868900
886600
896100
906100
914900
924100
932800
939800
944700
960600
966300
973300
982700
994300
1004800
1011400
1026400
1032500
1041100
1049400
1057400
1069800
1076900
1083200
1091300
1098400
1116300
1127400
1137800
1154900
1159900
1173000
1189800
1195600
1202400
1213600
1225800
1236400
1242000
1247000
1254500
1259400
1269100
1278700
1288500
1293400
1299300
1308300
1314100
1318900
1341200
1347800
1360900
1367200
1377300
1392500
1397400
1402200
1409400
1416200
1422600
1433600
1447800
1454200
1471100
1480700
1489200
1501900
1514000
1534600
1549900
1582900
1591400
1596500
1619000
1630400
1637600
1642700
1646900
1660200
1665900
1673000
1681100
1687500
1695400
1700000
1708000
1715100
1725100
1737900
1744200
1757400
1767400
1782900
1791500
1802700
1816800
1828200
1836500
1843800
1857800
1865300
1873100
1879800
1884200
1894000
1902800
1914300
1919600
1934000
1940600
1949300
1956900
1964000
1973300
1991100
2001000
2018700
2026800
2035700
2042800
2053200
2061300
2071100
2076000
2086500
2092200
2104400
2113600
2118700
2126800
2137500
2141900
2174200
2183400
2194400
2201700
2214900
2226800
2234800
2240600
2247200
2259200
2269100
2276400
2283000
2291300
2304300
2316600
2322600
2335500
2342500
2349000
2360900
2374400
2385300
2390500
2402500
2407600
2415000
2426000
2437200
2443900
2456400
2462500
2483300
2495100
2499700
2504600
2514200
2525500
2530500
2548800
2566300
2583000
2590700
2596600
2602200
2609100
2616600
2628500
2632900
2643300
2651900
2661300
2677600
2693100
2700100
2706400
2715100
2728800
2738600
2744500
2753700
2759300
2766000
2772100
2782900
2790000
2799700
2811400
2820500
2827300
2839600
2845900
2862100
2877000
2888900
2900100
2920000
2934000
2941400
2950600
2959300
2965900
2972300
2985800
2996900
3007700
3028700
3046100
3058600
3067800
3079600
3091900
3097200
3104600
3123900
3135500
3146300
3155000
3167100
3175500
3190700
3200700
3214700
3236600
3249800
3259800
3265600
3273800
3281600
3287600
3296400
3308300
3324200
3341600
3353900
3361300
3374300
3387300
3401500
3407500
3427500
3434100
3453200
3458900
3472000
3481100
3486700
3496400
3508600
3517500
3523300
3540500
3546100
3551100
3557300
3574800
3583800
3591000
3612700
3623300
3637900
3645600
3652400
3665300
3675000
3685800
3691000
3702600
3712700
3717900
3722900
3747800
3754400
3759600
3769600
3775300
3786800
3796000
3810400
3815500
3824100
3837700
3843300
3857600
3868100
3889600
3895000
3902900
3908300
3925900
3936100
3945000
3959400
3972900
3981700
3988000
4008300
4013600
4019900
4047600
4055600
4064700
4069100
4077100
4088100
4093700
4108900
4119400
4135100
4147100
4165200
4179500
4194200
4206300
4218400
4227900
4232800
4238200
4243300
4253700
4283400
4295900
4301200
4308100
4317500
4324900
4330100
4342200
4351700
4365600
4374500
4395600
4401100
4408700
4415800
4430100
4435100
4444200
4455900
4467200
4473200
4486600
4493300
4505000
4511700
4525600
4532100
4543500
4560000
4567200
4576600
4595200
4602900
4610800
4629800
4642100
4650800
4656500
4668200
4675000
4689200
4700700
4712300
4718300
4732200
4743100
4752400
4758900
4775200
4788500
4799400
4810900
4826500
4834000
4852700
4875300
4884900
4897400
4903700
4909500
4914200
4927000
4934800
4948500
4965700
4975200
4984900
4993800
5000700
5005300
5021200
5036500
5061800
5088100
5093900
5098100
5102700
5113000
5120500
5141700
5158800
5177400
5185600
5208700
5216700
5226200
5251600
5258700
5266800
5279100
5289100
5296400
5304200
5329900
5351800
5366800
5374000
5386600
5393800
5400700
5424300
5435100
5441300
5451900
5458100
5473000
5479100
5486300
5495100
5500300
5515600
5528600
5534800
5542300
5552200
5564700
5573500
5578300
5582800
5619900
5635600
5642700
5649100
5657000
5665400
5673500
5682800
5692200
5707400
5712300
5721500
5733500
5742300
5757900
5766000
5773900
5788200
5795400
5804700
5811900
5827900
5836900
5844000
5851800
5864500
5874300
5887700
5902000
5915600
5923800
5930000
5941600
5953200
5963400
5968800
5983400
5991300
6005500
6012100
6017800
6033000
6040000
6056300
6064800
6069600
6076000
6080900
6097200
6102300
6112400
6120300
6125500
6151500
6163900
6176100
6186200
6192000
6197000
6203100
6209600
6218400
6223800
6232000
6249800
6257000
6272000
6277800
6300100
6306600
6315100
6321900
6337600
6347100
6354400
6373800
6385500
6409700
6419100
6427500
6446800
6456700
6469200
6474700
6481900
6491100
6508000
6526400
6540000
6553200
6560200
6566100
6573800
6584600
6597400
6603000
6617300
6636800
6643900
6651900
6659100
6664200
6676700
6683700
6691700
6697400
6706000
6714200
6723800
6731000
6756500
6769100
6783000
6791000
6798600
6805800
6816700
6835400
6842200
6854100
6875500
6881400
6894500
6899900
6911700
6922800
6935400
6940500
6945200
6952700
6962100
6979500
6986400
6994600
7011200
7018400
7027200
7033600
7044700
7068500
7079000
7093100
7109600
7117000
7131200
7144000
7155700
7161600
7176000
7196700
7204900
7212500
7226700
7235400
7241200
7247400
7254200
7259300
7282200
7303800
7317600
7327400
7339300
7351000
7360100
7366300
7372200
7377200
7386700
7393800
7400400
7410100
7423100
7431500
7458400
7480900
7486100
7501700
7507200
7518900
7528600
7536900
7545400
7554200
7561200
7567700
7574900
7584900
7591800
7597300
7603400
7611700
7623400
7641900
7647300
7660500
7669500
7676700
7691300
7698500
7709400
7718200
7723700
7740200
7749700
7765300
7773200
7790200
7797900
7807200
7825900
7832800
7840800
7859900
7865800
7874200
7884300
7901300
7908400
7919000
7926200
7936600
7946400
7958500
7970100
7978000
7983600
7989200
7997800
8017300
8023700
8028600
8036800
8048400
8058800
8067800
8078100
8088700
8094000
8102700
8109600
8118800
8124700
8142900
8156500
8166600
8178300
8200300
8208600
8231600
8246200
8264900
8276400
8291800
8298800
8308400
8313000
8326300
8334900
8353100
8362000
8371800
8390200
8395300
8400200
8415100
8421700
8427400
8441100
8455100
8476300
8483100
8488900
8501400
8507900
8518100
8527300
8540100
8556300
8573800
8593600
8601200
8610900
8619500
8627200
8658500
8664300
8670200
8676300
8683300
8696000
8705900
8728000
8734700
8748700
8755200
8766500
8774600
8785300
8818400
8827100
8832500
8849400
8856600
8866600
8875400
8883400
8891000
8897800
8922000
8927900
8933200
8941000
8949400
8960600
8968500
8980400
9000100
9007900
9015000
9021800
9034500
9043700
9052700
9058500
9065500
9072000
9085200
9099200
9106700
9119400
9124500
9138600
9181000
9197600
9202900
9209400
9216600
9231800
9245300
9252100
9260400
9270200
9278800
9292300
9309800
9315000
9343700
9355800
9367400
9380000
9394900
9410400
9424500
9432100
9440500
9454200
9465200
9480300
9494800
9520300
9561200
9582200
9591300
9601900
9616200
9621800
9630900
9647700
9668900
9688100
9697900
9722100
9731900
9743400
9769500
9782700
9795900
9826900
9862300
9877300
9885400
9900300
9910300
9916500
9927200
9933500
9938700
9950100
9959600
9967900
9981100
10001400
10022300
10073500
10123600
10144000
10474600
10812500
11074400
11145100
