# repro call number: 0
# mode: 3
# signal: 2
# stimulus file: /extra/setup/oel/stimuli/receptorInfo/gauss_st6_co25.dat
# carrier freq (kHz): 5
# stimulus length (msec): 1000
# pause between stimuli (msec): 700
# length of ramp (usec): 1000
# desired firing rate (Hz): 100
# standard deviation (dB): 6
# cut-off frequency (Hz): 25
# repetition number: 0
# duration (msec): 1000
# intensity (dB): 65.1316
7900
25500
37500
41300
45100
48600
52300
57800
62800
66200
71800
135500
139800
142700
145300
148800
152000
156000
181000
185200
188400
192900
197600
209500
222100
226200
229800
232400
236900
241300
248000
298600
301500
304800
307900
310700
313900
317000
321100
327100
342900
346800
350600
353700
357800
361000
364000
368300
373700
380600
390300
398000
431000
434300
437900
441000
444800
447900
454300
480800
492100
500000
503800
508700
512500
516400
520300
523600
529000
555700
562600
566800
576200
600700
605300
608700
612100
615500
619100
622400
626800
666000
669300
672700
675400
678000
680800
684100
687200
690600
695300
721500
725600
729500
732900
736300
781900
795100
798600
803300
808300
812100
815900
821400
887900
891700
894900
899200
905900
940400
948700
984500
988000
992000
996900
1036400
1043600
1050300
1056200
1059900
1063200
1066600
1070500
1076400
1124600
1131700
1136600
1159800
1212500
1218100
1223900
1234300
1258100
1262800
1268000
1271200
1275000
1281500
1289100
1319400
1322700
1326800
1331100
1334200
1337700
1342500
1381500
1385100
1389400
1394300
1423700
1429700
1434500
1438400
1482900
1488300
1491300
1494200
1497500
1500500
1504000
1507500
1538800
1542300
1591500
1663500
1666300
1669400
1672200
1674800
1677700
1680700
1684300
1754700
1759200
1762400
1765600
1768600
1771400
1774300
1777300
1780400
1784300
1788200
1791800
1794900
1799400
1802400
1806400
1809700
1813100
1844500
1913400
1917800
1922100
1926400
1962000
1966200
1992200
1996000
2000300
2003300
2006300
2009800
2013500
2018000
2051900
2064000
2070400
2073300
2076600
2079500
2082200
2085200
2088100
2091000
2093700
2096800
2100600
2129400
2134700
2137900
2141700
2144700
2148000
2151200
2176600
2180600
2184300
2189000
2192600
2248000
2251200
2255400
2258800
2261600
2264800
2267700
2272000
2277300
2313200
2317600
2320800
2324200
2327300
2330700
2334900
2359100
2363800
2368000
2373100
2376900
2383400
2389000
2439400
2446600
2453200
2457800
2461500
2465600
2469200
2475900
2481700
2485400
2492800
2500100
2529000
2533100
2538300
2543300
2579000
2583300
2586600
2591100
2633900
2641000
2648100
2658500
2665700
2669400
2672700
2676300
2679900
2710600
2714700
2720400
2758500
2763200
2766700
2770200
2773600
2777100
2780300
2783100
2790300
2916000
2921800
2935200
2944200
2990700
2995500
2999000
3005000
3030900
3034900
3038000
3040800
3044200
3048700
3092600
3098300
3103000
3107500
3111900
3115100
3120200
3151200
3154800
3158200
3161900
3165600
3210100
3234700
3242000
3280400
3284500
3289600
3297000
3323600
3368100
3372200
3376900
3382100
3386800
3397900
3432100
3435200
3438900
3442400
3446100
3450500
3484100
3490200
3524600
3527800
3530500
3533200
3535800
3538400
3542800
3545900
3569500
3573500
3576300
3580600
3620600
3623400
3626300
3629200
3632300
3635900
3639400
3644900
3650300
3705300
3732200
3740100
3744600
3747500
3750600
3754100
3758100
3770700
3787400
3792400
3796800
3800000
3804800
3808200
3812400
3840400
3849600
3854500
3859100
3867100
3878700
3924600
3929200
3932600
3936700
3940600
3944600
3947800
3952700
3958000
3964600
4000000
4012400
4022100
4072400
4077200
4081500
4085800
4089000
4093900
4131300
4136900
4141000
4146100
4151900
4156800
4167300
4176700
4183500
4190900
4198800
4206600
4214300
4220800
4229500
4240900
4244200
4250500
4256300
4260200
4264500
4268200
4273800
4311500
4315200
4319900
4323000
4326000
4328800
4333400
4367300
4449600
4453700
4456900
4460200
4464600
4469900
4528800
4532600
4536400
4539300
4542600
4546100
4550000
4555400
4565600
4579300
4604900
4614900
4619200
4623600
4671000
4680900
4684600
4688400
4691800
4696000
4699400
4769100
4772900
4778000
4783300
4787700
4816800
4822100
4857100
4860300
4863400
4867000
4871500
4874600
4880200
4947800
4991400
4997400
5036200
5040500
5045200
5048400
5051900
5055600
5060400
5064800
5069300
5102200
5107000
5113900
5143600
5148500
5152100
5156000
5199200
5205000
5209100
5244100
5249800
5253100
5257700
5291400
5294700
5298200
5301600
5305200
5378300
5381200
5385900
5389600
5394300
5398600
5401900
5406600
5410700
5418400
5422800
5434100
5471100
5482400
5494100
5498600
5502100
5507200
5512100
5516800
5543100
5548800
5590400
5594500
5599100
5602800
5606000
5610200
5615000
5618500
5622000
5625000
5627700
5632000
5634900
5638600
5677300
5682800
5690700
5703200
5707500
5712000
5717200
5722500
5726300
5732600
5761500
5765600
5770500
5775500
5779700
5812300
5816500
5821100
5825400
5828700
5833400
5841600
5880500
5889200
5894700
5899000
5903600
5908700
5912500
5920100
5925000
5976800
5980700
5983600
5986400
5990200
5994300
6000600
6035500
6038600
6042300
6045600
6048800
6051900
6055900
6058800
6061700
6064800
6068700
6107400
6141600
6148400
6180100
6183300
6186300
6189300
6192600
6195300
6198200
6200900
6205100
6251200
6255300
6264200
6295500
6299200
6302700
6306700
6311300
6315900
6323900
6338200
6344100
6350100
6385200
6389000
6392700
6398800
6404200
6427200
6433400
6437100
6478700
6530200
6538300
6568800
6573400
6578800
6583500
6587500
6614500
6620000
6623100
6626900
6631000
6633900
6637200
6641700
6644700
6648200
6653900
6658500
6662600
6669000
6675800
6694100
6699800
6703300
6707600
6711800
6715100
6718600
6722300
6747600
6752900
6757000
6760900
6764500
6775400
6848000
6852000
6856300
6887000
6895400
6899900
6905100
6909600
6915100
6939200
6944900
6949400
6952700
6956400
6961100
6995900
7000500
7049500
7054600
7058100
7062900
7098200
7105100
7108900
7113200
7117000
7120900
7125300
7171500
7181600
7184800
7187800
7191100
7196700
7203300
7244100
7248900
7253500
7258300
7261600
7264600
7267500
7271000
7274300
7344000
7349000
7353600
7358400
7362300
7366100
7370100
7377100
7394300
7468200
7473200
7477400
7482100
7489100
7493800
7547900
7553100
7557900
7561400
7603600
7608600
7615100
7634000
7646000
7650400
7655700
7659600
7707400
7712200
7718400
7745000
7749500
7752700
7756000
7759200
7762500
7765500
7768900
7800000
7804700
7812900
7847900
7854400
7861100
7866600
7871500
7902800
7916300
7928400
7934600
7940700
7944300
7949700
7953100
7986900
7990300
7993400
7996600
7999800
8002900
8006200
8010000
8041100
8044600
8048400
8051500
8055200
8058200
8061000
8064700
8068600
8076400
8081700
8105300
8110400
8114000
8117600
8121500
8125300
8129200
8133300
8137000
8161100
8165000
8169000
8172400
8175900
8180500
8233800
8238400
8242300
8245800
8252800
8288000
8292400
8295700
8299200
8303200
8306300
8310000
8316600
8321000
8337000
8342200
8346400
8351000
8354200
8402900
8407900
8418500
8443300
8447400
8453100
8456300
8459800
8463700
8467500
8471200
8474400
8477700
8481700
8485900
8490500
8522500
8526000
8529800
8533800
8537400
8540800
8594300
8603500
8635000
8641300
8644600
8649300
8652800
8690500
8743800
8748200
8752400
8757800
8801100
8805000
8812900
8838300
8842800
8846900
8855000
8883500
8887200
8891400
8894800
8899300
8904900
8965200
8968500
8971600
8974300
8977300
8980600
8983900
8988000
9008500
9014600
9019000
9023400
9068400
9072500
9080500
9110800
9114500
9118100
9121100
9124000
9127800
9151100
9155000
9158700
9162600
9166000
9169000
9172900
9200700
9203900
9206800
9210100
9213600
9258100
9262400
9269800
9275100
9281400
9284800
9288400
9292800
9324000
9327400
9330900
9334000
9337000
9339800
9343400
9348500
9399300
9406200
9409800
9413400
9416900
9420300
9424000
9427500
9430800
9433900
9437700
9440600
9443600
9447400
9491400
9495300
9499700
9524400
9529900
9533500
9537200
9540300
9575600
9579100
9582100
9585600
9589300
9614500
9618100
9621100
9624200
9627900
9632400
9656800
9660600
9665700
9669400
9704800
9708400
9711400
9716100
9726600
9734500
9739200
9743900
9748300
9752100
9756300
9760600
9765400
9772000
9782300
9790500
9823800
9828300
9834500
9846100
9902700
9908000
9914800
9925500
9945600
9988100
9993900
10001900


