# repro call number: 0
# mode: 3
# signal: 2
# stimulus file: /extra/setup/oel/stimuli/receptorInfo/gauss_st6_co400.dat
# carrier freq (kHz): 5
# stimulus length (msec): 1000
# pause between stimuli (msec): 700
# length of ramp (usec): 1000
# desired firing rate (Hz): 100
# standard deviation (dB): 6
# cut-off frequency (Hz): 400
# repetition number: 0
# duration (msec): 1000
# intensity (dB): 71.6176
9100
14500
18300
23500
27400
31000
38100
46700
51300
63800
67400
73300
85900
99800
109100
112200
116400
126100
129100
132600
145100
152000
157400
181100
189400
204900
212300
217800
223900
234100
245900
253200
259400
271700
278400
283700
290200
295100
301000
317000
323800
330000
334500
342200
350900
364200
388100
414200
423200
431400
438300
443600
450400
456100
486800
498600
503700
518400
524200
529400
533000
538000
544000
548900
560800
572300
577700
603400
609400
618400
632400
644400
650800
657400
701900
706100
711600
716100
722100
727500
734400
755400
760400
777700
792400
799800
803700
814300
818700
832500
838700
842600
846100
853300
861500
865500
869300
872900
878000
893100
916900
920800
927700
933700
949100
959000
969600
975500
980900
1004700
1011800
1027000
1040700
1048800
1059100
1068700
1087600
1094900
1110000
1140500
1151300
1158800
1165500
1179900
1187800
1205800
1210600
1219000
1240000
1246100
1273300
1295000
1302000
1305800
1313400
1328800
1334700
1346400
1352500
1370700
1379300
1386200
1392200
1401600
1405300
1412000
1431300
1453800
1474800
1478900
1483100
1492500
1497800
1511200
1525700
1533900
1547300
1570700
1584800
1608100
1628500
1632600
1636400
1646600
1664000
1668100
1673100
1683700
1696700
1711300
1726000
1731800
1736200
1751100
1777200
1782100
1796200
1801400
1807200
1811900
1822900
1829900
1842900
1854500
1872700
1879100
1898000
1907900
1911800
1925600
1942200
1951600
1968500
1984500
1999300
2018600
2024500
2038600
2059000
2065500
2071200
2074800
2079000
2091400
2109300
2125500
2141000
2160400
2166600
2174500
2195300
2204400
2210400
2214100
2217900
2228300
2244700
2250500
2254900
2262700
2268600
2297800
2301800
2318300
2321900
2327200
2343600
2350000
2362300
2371000
2382400
2389300
2406100
2416000
2424800
2433000
2440700
2448100
2454400
2470200
2476400
2492300
2497900
2501800
2506100
2510500
2516400
2541100
2545700
2555400
2564600
2570300
2574900
2581600
2590500
2594400
2599700
2604900
2615300
2619200
2656400
2663400
2673200
2677000
2696100
2713700
2718000
2725500
2729900
2737300
2749900
2754500
2774100
2777700
2787800
2798100
2806700
2817400
2830200
2835800
2841100
2846200
2864300
2870700
2882800
2893200
2922600
2928500
2943500
2965000
2970300
2978200
3005200
3017700
3039100
3043600
3049300
3054800
3095900
3101500
3119500
3133300
3137100
3140900
3150600
3172500
3182500
3191600
3197700
3206800
3215100
3224700
3229900
3252700
3263700
3267700
3280000
3315100
3319900
3324400
3337300
3342900
3351000
3362100
3390800
3413000
3418700
3423700
3444200
3452200
3458200
3463600
3469400
3480400
3487600
3505400
3533200
3554600
3560200
3563700
3596000
3611300
3617300
3627400
3639200
3652400
3657700
3679700
3687600
3706500
3716000
3723200
3745100
3753200
3764500
3782900
3792400
3800000
3806700
3813200
3824900
3832500
3839700
3849500
3854000
3861200
3865300
3873500
3877300
3884200
3892300
3897500
3909900
3914900
3923600
3948900
3960600
3973300
3978300
3987800
3993900
3997900
4006900
4030700
4046900
4072200
4093400
4100000
4106800
4115400
4121100
4136100
4145400
4153400
4160900
4172000
4195800
4199600
4205600
4216400
4225100
4229400
4248900
4260800
4269800
4277400
4289200
4293000
4302100
4317300
4346300
4351800
4356700
4369300
4377000
4381400
4391000
4442200
4446300
4455200
4458800
4466600
4472000
4477400
4484500
4492800
4510800
4516200
4526700
4531000
4541400
4547700
4553000
4571700
4578100
4588900
4593700
4600000
4607400
4631400
4647100
4658800
4667500
4676900
4683100
4693000
4698200
4702400
4713200
4725100
4732700
4742700
4747000
4760200
4763800
4781900
4807700
4834300
4839500
4867300
4872500
4882800
4888700
4892800
4900100
4904600
4925000
4930200
4938700
4945500
4958200
4966100
4973200
4993900
5003700
5021200
5046100
5051700
5069800
5085300
5092400
5098100
5102300
5133800
5144500
5152100
5164100
5191900
5199100
5216800
5220500
5234000
5245400
5250700
5263900
5277100
5306300
5336100
5342900
5349100
5358700
5364300
5369000
5373300
5383500
5401500
5405000
5409200
5450000
5459300
5483100
5490800
5518600
5532700
5542300
5546800
5561000
5569800
5585500
5594700
5602900
5609500
5621200
5625000
5637500
5651200
5655400
5666800
5681900
5694100
5715600
5730300
5734300
5766900
5777200
5812000
5819900
5831500
5850100
5865400
5880600
5888400
5902100
5922400
5926600
5930700
5942100
5954000
5972900
5986900
5995400
6003700
6009700
6014300
6026500
6040900
6072900
6093200
6099900
6107900
6111800
6115500
6146900
6162700
6166900
6176700
6191600
6208200
6214700
6227300
6239700
6244400
6264300
6275600
6302800
6315400
6325200
6329800
6354900
6383200
6387600
6391400
6421600
6435600
6439200
6446900
6472400
6487000
6505200
6516800
6527500
6531300
6534800
6543500
6556000
6577600
6597200
6617500
6629800
6639300
6652600
6657300
6672200
6711300
6716700
6740900
6770200
6773600
6781400
6787700
6800900
6805600
6817300
6822800
6838700
6844100
6849700
6862000
6866900
6875900
6881300
6894700
6903400
6920200
6950500
6957200
6961000
6964900
6976200
6980100
6984300
7002000
7020300
7024100
7043900
7055400
7071900
7077100
7086000
7105800
7121400
7126200
7134100
7155000
7164100
7168000
7181100
7192300
7198000
7208200
7219000
7225600
7239200
7248700
7258900
7264800
7271800
7283900
7288200
7301200
7307700
7327200
7331500
7348000
7354500
7377400
7384200
7389300
7393200
7397200
7402500
7416600
7438000
7449300
7455000
7466600
7521800
7546000
7554800
7598200
7609100
7613200
7623300
7632400
7640800
7662000
7668800
7673600
7679300
7683600
7708500
7712200
7728300
7734400
7737900
7745000
7751700
7755300
7765300
7770000
7777400
7786400
7790900
7794900
7824100
7836800
7852900
7860400
7869300
7890000
7897400
7904800
7917300
7935800
7976700
7988700
8016700
8026400
8065400
8084600
8098500
8104200
8114500
8123500
8130800
8134200
8146200
8151500
8177400
8187800
8201200
8209600
8214800
8242500
8258800
8282900
8291600
8304900
8318600
8322400
8338600
8348800
8362800
8368700
8376300
8385500
8402800
8416200
8425800
8442400
8447300
8460000
8474200
8486900
8490600
8513200
8518500
8526400
8532200
8576300
8586000
8607300
8617200
8624600
8629000
8640600
8664200
8680800
8685700
8691300
8703600
8716500
8725000
8739100
8756000
8785300
8796300
8801800
8809700
8837300
8844800
8857900
8869000
8874700
8882500
8887700
8893200
8920500
8926200
8938100
8948200
8963600
9016400
9021700
9028500
9063800
9075200
9079200
9083100
9087700
9091800
9106400
9115700
9133400
9140000
9163700
9177700
9207800
9217700
9222800
9231000
9237500
9243400
9247600
9272100
9276200
9280500
9295500
9301100
9307600
9314200
9322400
9331400
9348800
9366800
9380500
9384600
9396800
9407300
9418300
9434600
9440700
9450100
9460700
9466300
9472500
9486200
9516500
9531000
9541900
9564400
9576100
9581900
9610500
9614500
9620400
9645600
9653200
9658600
9668900
9688500
9692500
9697200
9700800
9716300
9728400
9737700
9753600
9760700
9768200
9781500
9816100
9834300
9839400
9845300
9855500
9877100
9884500
9900300
9903900
9907200
9913000
9917800
9928800
9937600
9952300
9970000
9993600
9998700


