# repro call number: 0
# mode: 3
# signal: 1
# stimulus file: /extra/setup/oel/stimuli/receptorInfo/gauss_st6_co200.dat
# carrier freq (kHz): 5
# stimulus length (msec): 1000
# pause between stimuli (msec): 700
# length of ramp (usec): 1000
# desired firing rate (Hz): 100
# standard deviation (dB): 6
# cut-off frequency (Hz): 200
# repetition number: 0
# duration (msec): 1000
# intensity (dB): 71.9643
9000
12400
16300
19800
26400
30300
38500
41800
48100
53000
62000
65200
69600
82400
86000
88900
94100
111700
130400
137200
147900
151200
158400
165900
175100
184400
189000
201200
212700
216200
220100
223700
231000
245300
266400
287700
302800
306900
311100
338900
345300
350000
354300
363900
371600
375300
383500
388000
399200
402500
406400
420100
429100
436900
457900
463000
466100
472600
476800
481900
485300
490500
498800
504900
531700
538200
551600
556700
559700
565100
583800
587600
596100
608500
614000
617900
628300
632900
636500
648400
662600
671300
675000
679300
685200
692100
706200
712600
719000
724900
731200
742600
746000
750700
762200
772400
792700
795900
803000
806200
814900
824500
837700
851500
858400
861600
866600
870200
885700
895900
905600
931500
940200
944200
959600
965200
975900
980800
1004400
1012000
1026500
1032500
1058100
1067700
1081000
1084600
1090200
1096600
1115100
1138200
1155000
1160100
1180400
1188400
1192200
1200700
1207600
1214600
1223600
1237200
1241600
1246100
1257100
1270000
1275600
1287800
1291900
1297500
1303200
1312800
1316600
1320500
1340800
1345800
1356600
1367800
1380700
1391500
1396000
1402100
1414100
1421500
1434400
1469800
1479500
1482900
1489300
1497300
1501800
1535500
1544400
1549200
1553800
1557400
1595100
1598500
1618400
1630100
1636700
1641100
1644500
1655000
1659600
1664100
1672600
1682400
1695400
1702100
1707100
1711300
1744600
1755000
1759000
1782000
1813000
1827800
1836100
1839400
1857500
1880200
1893300
1901300
1916100
1936600
1963500
1972300
1987300
2003800
2018300
2021800
2031500
2036200
2042500
2058500
2064000
2074400
2085400
2089700
2096200
2101900
2110800
2116700
2136900
2140600
2144400
2165600
2176300
2185000
2195800
2214800
2234100
2238100
2248800
2258900
2268200
2279600
2283500
2290300
2296000
2303700
2314200
2319600
2349200
2373400
2379700
2385300
2389300
2394600
2404000
2437800
2445700
2456200
2483400
2494100
2500100
2514700
2523500
2528100
2531500
2579000
2590500
2595300
2601400
2609300
2615100
2626900
2630300
2640300
2652000
2658200
2665500
2677400
2682800
2699700
2705800
2726600
2741800
2745800
2750500
2754300
2761200
2771600
2777400
2803300
2811700
2819500
2825500
2839500
2844300
2850700
2861800
2881300
2893600
2908000
2916300
2939200
2942700
2951300
2959200
2964100
2985400
3000600
3016900
3028100
3039800
3046200
3054500
3063400
3091400
3094900
3098400
3105400
3135200
3165500
3169100
3178700
3189400
3194000
3202000
3214200
3237100
3273400
3281200
3291900
3298200
3324700
3340800
3353900
3362600
3378300
3387200
3403400
3425800
3458100
3472200
3479100
3484500
3495900
3517900
3539700
3542900
3547200
3555100
3558700
3573400
3580900
3598700
3613000
3645800
3652000
3679700
3684200
3689300
3747700
3752600
3757900
3769700
3774500
3788900
3804700
3809300
3812600
3821600
3838300
3844500
3863500
3868300
3879400
3887700
3895100
3901900
3905800
3923000
3933700
3949700
3959300
3976500
3987600
4007300
4013000
4047100
4066900
4070700
4078400
4085700
4089700
4093300
4117300
4141000
4184200
4193200
4218300
4226500
4230100
4234500
4240600
4252400
4255900
4266100
4284200
4295300
4300300
4306300
4316600
4322300
4326500
4333100
4341500
4376200
4395900
4402800
4408500
4428700
4432900
4443500
4448700
4456800
4471200
4478100
4492000
4509000
4512900
4526000
4539100
4542700
4559100
4566200
4578300
4596300
4601100
4643400
4652500
4674200
4685600
4717000
4731000
4742500
4747300
4751600
4757400
4761900
4774300
4798500
4805100
4810600
4813900
4825400
4837000
4879600
4884400
4901600
4910700
4927600
4935500
4983100
4990200
4998100
5003700
5007000
5020100
5026100
5034700
5038100
5060300
5076500
5087100
5091100
5094900
5098000
5113900
5140300
5147400
5159000
5168100
5174600
5184000
5188400
5197400
5215200
5225900
5244700
5248100
5257200
5267300
5279900
5287700
5303600
5308200
5328400
5335000
5350200
5366800
5374000
5384400
5398000
5423300
5434900
5440400
5445500
5450900
5458400
5462400
5471300
5477700
5482700
5498500
5515500
5521000
5531800
5535500
5563300
5571000
5576200
5579900
5646100
5650600
5656300
5663400
5672600
5689900
5693200
5706700
5711800
5757700
5764800
5768100
5772700
5787900
5803500
5810200
5831800
5835700
5845300
5851000
5863400
5867100
5871300
5874900
5918300
5924000
5928800
5941400
5953600
5963300
6009600
6038200
6058000
6068900
6075300
6096500
6100200
6103800
6110800
6116700
6123300
6131700
6163700
6191100
6194900
6201200
6208700
6211900
6221500
6225500
6249500
6272900
6276400
6299000
6305900
6315100
6318500
6337400
6342900
6350600
6389300
6397300
6418500
6428600
6438800
6445800
6456000
6468600
6475000
6480400
6506800
6538600
6545700
6551500
6559300
6565600
6573100
6579400
6584200
6599900
6617300
6626100
6637400
6644400
6658700
6681800
6691900
6705200
6712900
6722100
6768400
6773600
6785900
6790500
6795500
6801100
6808200
6813300
6817800
6841100
6852600
6859400
6874300
6880900
6898600
6911100
6916100
6933700
6939100
6944200
6964600
6983500
6993800
7008000
7012100
7019500
7026000
7030600
7052200
7066600
7070700
7078900
7143500
7156100
7161000
7175100
7197700
7210400
7232200
7239200
7246400
7252700
7259000
7262700
7304300
7328000
7338200
7343700
7354400
7364400
7373700
7377600
7391800
7409200
7467900
7482900
7490100
7505900
7516600
7521300
7526900
7531000
7536200
7543200
7548800
7559800
7563200
7567000
7579700
7591600
7595300
7602000
7623800
7643100
7662300
7674400
7702700
7709700
7716700
7728900
7757600
7787800
7795000
7818000
7826400
7832600
7861800
7865600
7869000
7874100
7886500
7903200
7917100
7921200
7924500
7935500
7946000
7951700
7956000
7969300
7981000
7986900
8016600
8022000
8026600
8030800
8037000
8048300
8052800
8067400
8083900
8091700
8121700
8137800
8142800
8156200
8162900
8172700
8178200
8190700
8199600
8209000
8231000
8248700
8252800
8277500
8296800
8300200
8310600
8314700
8332600
8360300
8373000
8387900
8397600
8401000
8421400
8440500
8463500
8486200
8495000
8500700
8504300
8507900
8539800
8558300
8593000
8597300
8626500
8640300
8661000
8668700
8682300
8695100
8704200
8708500
8715100
8726400
8735800
8746800
8754100
8762300
8768100
8773300
8783900
8797700
8825800
8829900
8834600
8846400
8921100
8931800
8937600
8948300
8966200
8999800
9007700
9051300
9059300
9063500
9068000
9072900
9078000
9084300
9095300
9106300
9119300
9152100
9182900
9186300
9199800
9204200
9209600
9217800
9239200
9244900
9252100
9261000
9268500
9278100
9286000
9289700
9294600
9310200
9316200
9350600
9380300
9399600
9407200
9411500
9422400
9425600
9440000
9452600
9464900
9479200
9482800
9495600
9513300
9569300
9580400
9590400
9601700
9616500
9621100
9633500
9647200
9668100
9694600
9700500
9716900
9731900
9743400
9770900
9796100
9819500
9825200
9849900
9863200
9866600
9879600
9915600
9922100
9926600
9930900
9940300
9947700
9958300
9965500
9979800
9983300
10001500
10006800


