# repro call number: 0
# mode: 3
# signal: 1
# stimulus file: /extra/setup/oel/stimuli/receptorInfo/gauss_st6_co200.dat
# carrier freq (kHz): 5
# stimulus length (msec): 1000
# pause between stimuli (msec): 700
# length of ramp (usec): 1000
# desired firing rate (Hz): 100
# standard deviation (dB): 6
# cut-off frequency (Hz): 200
# repetition number: 0
# duration (msec): 1000
# intensity (dB): 90.3333
6900
9800
12900
15900
19700
25200
28700
31700
37900
41200
46900
50700
54100
60900
67800
74500
80400
84000
87600
92700
105800
118600
129700
136200
145600
148800
158000
172300
181600
186600
198500
202100
209500
213600
218000
223000
228200
244100
255100
260400
269700
281500
286900
299400
302900
306300
312700
328400
336500
343600
347800
353500
362200
369200
373600
387000
392400
398000
401700
405500
414100
419300
428900
435600
456200
461500
465200
475100
480800
484600
489300
496700
504300
530000
542000
549000
555800
559400
564800
584700
590300
595100
606600
612400
616200
622000
628000
632200
635900
654700
661000
671300
675000
683300
690200
705300
716800
720600
724800
729500
741200
759300
770300
791300
802100
807200
813900
824100
836500
849600
858100
862400
866800
885100
893900
899900
905100
926200
930500
936700
959000
968300
974200
980300
1003100
1007700
1025300
1030900
1048100
1066500
1073400
1080700
1089000
1095200
1127200
1136600
1144500
1153400
1157700
1177400
1187200
1192000
1199600
1211900
1218300
1225600
1236500
1241200
1245800
1251700
1256800
1269600
1275000
1286000
1291500
1297500
1304200
1312300
1319900
1340000
1345800
1365800
1383300
1393400
1400000
1406600
1412500
1420500
1431700
1451700
1468400
1478700
1488400
1500300
1512800
1533000
1543700
1549100
1556700
1581800
1593900
1618300
1627800
1636700
1644100
1657400
1671800
1679600
1693600
1700700
1706700
1722500
1734200
1743800
1757500
1780800
1787800
1801400
1814700
1827100
1834900
1841900
1856900
1864100
1878200
1891100
1900400
1906400
1915400
1922800
1935600
1950900
1961800
1967700
2002500
2017200
2031500
2054500
2068300
2080500
2089800
2100700
2116100
2135700
2164000
2172400
2192800
2213200
2231900
2243500
2257400
2267200
2278700
2295400
2303700
2316400
2333300
2347400
2372600
2384200
2395000
2402300
2413700
2426200
2435600
2442500
2455100
2482200
2493600
2512400
2521400
2528000
2554800
2564400
2574900
2584500
2595300
2608800
2625600
2639600
2650400
2661900
2675500
2693600
2715200
2726300
2740800
2752400
2769700
2776600
2797600
2809900
2824200
2838400
2849800
2861000
2868000
2879100
2890900
2897600
2916300
2926300
2937400
2947600
2957600
2969300
2983800
2997700
3015600
3027500
3039500
3056200
3063100
3090300
3097300
3104900
3123400
3135200
3154000
3165100
3189000
3200900
3213500
3230600
3249000
3261700
3273200
3280900
3322800
3339600
3352100
3367300
3377000
3385900
3398800
3423600
3431500
3451100
3471000
3483700
3494800
3507500
3515100
3539000
3555100
3572000
3580800
3589000
3597500
3610900
3622400
3634400
3644100
3662800
3674200
3684800
3714000
3725000
3746400
3756600
3768400
3784800
3797000
3804400
3821600
3837000
3864700
3879500
3887000
3900500
3916500
3932300
3957900
3973100
3987400
4002900
4013100
4020600
4045500
4065800
4077300
4085600
4100000
4133300
4176900
4191700
4213300
4224800
4241200
4251600
4264500
4282600
4294900
4306200
4315900
4333000
4351200
4372700
4393300
4402900
4415200
4426800
4447900
4470700
4486400
4508600
4524700
4537400
4558200
4565600
4580000
4590400
4600700
4613600
4642200
4652100
4665900
4685400
4699400
4715200
4729700
4741400
4791800
4803900
4824200
4834200
4852300
4873700
4884000
4896700
4910200
4926200
4933800
4969200
4981600
4990400
4997800
5025300
5033500
5059300
5074900
5086700
5113300
5139300
5147000
5159500
5167600
5175800
5184200
5196100
5207000
5226000
5244300
5258200
5265900
5278900
5287200
5295900
5327100
5336100
5349100
5365400
5373100
5387500
5397300
5422700
5433700
5449700
5461600
5470600
5497600
5514400
5530400
5542500
5562100
5635800
5645500
5655300
5663200
5680700
5689700
5706100
5733000
5756600
5772500
5786500
5802900
5810600
5829100
5844000
5863200
5887600
5900100
5917600
5940400
5962500
5987900
5995500
6009200
6031200
6057400
6065900
6074200
6095000
6111600
6122600
6145000
6155100
6163500
6174500
6191800
6201700
6221800
6248800
6256400
6270800
6297800
6305700
6314500
6331100
6346000
6372900
6402600
6417800
6427100
6438500
6457300
6468200
6479500
6506100
6525800
6536300
6544700
6557500
6571600
6579400
6598600
6614500
6635400
6643200
6658100
6680200
6689200
6701300
6712100
6721800
6734800
6753900
6767100
6784200
6796200
6811200
6834100
6853000
6866700
6880100
6896300
6910100
6932500
6962600
6982500
7005400
7017600
7065700
7077500
7110100
7117800
7128400
7143000
7154500
7173800
7194500
7205400
7232100
7244500
7252100
7296300
7323400
7343000
7353800
7364000
7373200
7391100
7407800
7421500
7430100
7452100
7467300
7481200
7489400
7500400
7516000
7527200
7535900
7574200
7594100
7622500
7630100
7642300
7659900
7667900
7684100
7695300
7704500
7716000
7728800
7748300
7756400
7787400
7823500
7860000
7873600
7903200
7914800
7934400
7946100
7955600
7969300
7985200
7996200
8015700
8023800
8048600
8066700
8083500
8091300
8104000
8117600
8139300
8154100
8161700
8172300
8198400
8207300
8230200
8243400
8282100
8295100
8305900
8327900
8348100
8360000
8370300
8388400
8397000
8418400
8460100
8479800
8499000
8523900
8539100
8558700
8570300
8593000
8615300
8625600
8639200
8660700
8668400
8681600
8694000
8703000
8715400
8726000
8734400
8745900
8766600
8774500
8783200
8817000
8825700
8842800
8856600
8869100
8894100
8919500
8930800
8947000
8964900
8999200
9006400
9019400
9040700
9050800
9063200
9083600
9104600
9118100
9136400
9150800
9179000
9197400
9208700
9237200
9250300
9259900
9267200
9277200
9288200
9300300
9309000
9318700
9340800
9350500
9371000
9393300
9409200
9421800
9437200
9452200
9464400
9477900
9494600
9502200
9518300
9534700
9558700
9580100
9589300
9600500
9613400
9631000
9646800
9666600
9685300
9710000
9730400
9741400
9768800
9782300
9793500
9824200
9836000
9849600
9861900
9875100
9899300
9913900
9925000
9936300
9946400
9957600
9965800
9979100
10000300


