# repro call number: 0
# mode: 1
# signal: 2
# stimulus file: /extra/setup/oel/stimuli/receptorInfo/lmd_co200.dat
# carrier freq (kHz): 5
# stimulus length (msec): 1000
# pause between stimuli (msec): 700
# length of ramp (usec): 1000
# desired firing rate (Hz): 100
# standard deviation (dB): -1
# cut-off frequency (Hz): 200
# repetition number: 0
# duration (msec): 1000
# intensity (dB): 61.8421
9600
12900
16600
19600
22800
27200
30900
38200
41200
49500
53200
56100
65000
80000
83700
87000
90100
95400
109900
121600
126400
132700
136800
140100
145700
152000
164400
173100
177400
182600
195700
208500
217300
234100
244900
248800
254000
261100
269100
273500
279200
294400
300500
309300
314100
319300
322900
326100
329200
336200
341000
346200
351600
355600
360000
364800
375000
381400
387500
398500
401600
407000
412500
425900
432100
441300
452400
459800
463800
470300
475000
479300
489600
495500
503200
507600
514100
517800
523600
531800
538700
545500
551900
568500
585200
597200
603800
608000
612900
617300
623800
635700
646500
655200
664400
678300
684900
690200
694500
699400
706900
716600
730900
739600
746600
752300
759300
762700
768200
775200
787400
797400
801500
809800
820300
841700
847400
853200
863600
874300
878800
884400
894200
905600
910900
918900
929500
933300
939400
947900
951400
958400
964900
975100
985100
995500
1013200
1020300
1030800
1038400
1045500
1051500
1063400
1069300
1075100
1081500
1086200
1095700
1111100
1114500
1118900
1134400
1142900
1154000
1158200
1167700
1179700
1187200
1199200
1213900
1217700
1221600
1247300
1260600
1275600
1284400
1289200
1297800
1305200
1314500
1321300
1326100
1334000
1339800
1355500
1360400
1371700
1388000
1401500
1408300
1419700
1430300
1436600
1445400
1460100
1465200
1471900
1476000
1485800
1490100
1499300
1509000
1526400
1538000
1544300
1550600
1554100
1564500
1575100
1581600
1592900
1601800
1608200
1625500
1635400
1644000
1658000
1669000
1677900
1685600
1699100
1705000
1709100
1738500
1743100
1751300
1756200
1761900
1769800
1773200
1793200
1805300
1814300
1828900
1834900
1842500
1847700
1864700
1868200
1874200
1880500
1892200
1902300
1907300
1919000
1925300
1937300
1942200
1948900
1957200
1971100
1976900
1983400
2014500
2018100
2031100
2034800
2039100
2046100
2051800
2060700
2064800
2080400
2085500
2100100
2112100
2115800
2124300
2129500
2133700
2147100
2154900
2159500
2165900
2178600
2191600
2195300
2202100
2210200
2217500
2228200
2233900
2252200
2274600
2282500
2292300
2297000
2305700
2310900
2323100
2331000
2341700
2345900
2359900
2365200
2384600
2392700
2402700
2408500
2427700
2442700
2454300
2468300
2477800
2490100
2495200
2505000
2518900
2532000
2555400
2567400
2571300
2604700
2610700
2625600
2641900
2648600
2652200
2655700
2675200
2691400
2696400
2700100
2713000
2724700
2739200
2747000
2770000
2774900
2781600
2795400
2811000
2814500
2819600
2832000
2836200
2849600
2854200
2868300
2882000
2887600
2901000
2912500
2923900
2935100
2947300
2954200
2960900
2965300
2981700
2993700
2999100
3013900
3017300
3020700
3035300
3049400
3054200
3085400
3102800
3115000
3125600
3129300
3143900
3154600
3171100
3177500
3181300
3185900
3195900
3212300
3228000
3235800
3239900
3250800
3259600
3270100
3277200
3281200
3290100
3300800
3306700
3312300
3336900
3346600
3355400
3384900
3391600
3395900
3400500
3425200
3438300
3445900
3463000
3468000
3471500
3483200
3489600
3506500
3513400
3527600
3533900
3539000
3548700
3553800
3565500
3590500
3606700
3611400
3617300
3621900
3627500
3632600
3638100
3645000
3653200
3663200
3689600
3695000
3699100
3713800
3725300
3730600
3738900
3752100
3756300
3766800
3770500
3779800
3785000
3791000
3796600
3800400
3817800
3822200
3826500
3836700
3852100
3856900
3883900
3887500
3920900
3928200
3934900
3939600
3949300
3966600
3971400
3982100
3989500
4003600
4012900
4030800
4038000
4044100
4055500
4059600
4070700
4079200
4084400
4109400
4132100
4137600
4142200
4153700
4159400
4165000
4168600
4179400
4185900
4206400
4221200
4237500
4257200
4264800
4296000
4316200
4330600
4334900
4342500
4351700
4363300
4390400
4403300
4411700
4433000
4438000
4443500
4457000
4473900
4479800
4500600
4504300
4510400
4516800
4522300
4538100
4541700
4549900
4558000
4564800
4581300
4592800
4597200
4601400
4609800
4615100
4634400
4644100
4648300
4661600
4677300
4693900
4699000
4730900
4737400
4741800
4748000
4757500
4764800
4770700
4782900
4790400
4806200
4821200
4826400
4842500
4846200
4868900
4874400
4879400
4883500
4889500
4903800
4912700
4920100
4928200
4947600
4952900
4971100
4975400
4979200
4985100
4996800
5003300
5018800
5032500
5042200
5059100
5063100
5077000
5084200
5097700
5103700
5121700
5128700
5140800
5153100
5161600
5170100
5185500
5194300
5207200
5211800
5215700
5250800
5258000
5268700
5275400
5289500
5293300
5307700
5312400
5318500
5324900
5334100
5345200
5361000
5368200
5373300
5387100
5402600
5414100
5428500
5439300
5445700
5450000
5455700
5467200
5472400
5478200
5514500
5528000
5536200
5547200
5552600
5557200
5570600
5589100
5595700
5605100
5609500
5623600
5634200
5643300
5648400
5662400
5668700
5694900
5700400
5711600
5716600
5723400
5733400
5751400
5759400
5773200
5784300
5793400
5801800
5813500
5818300
5828900
5835600
5842400
5853600
5861000
5866200
5878000
5884000
5890000
5902700
5909100
5931300
5943000
5949700
5957100
5970900
5981200
6018400
6029700
6041100
6051700
6065000
6074700
6090300
6099500
6112000
6116600
6122900
6133900
6143400
6161200
6173800
6181000
6187000
6195200
6200600
6210300
6214200
6228200
6234900
6245100
6251700
6260700
6278600
6295700
6299700
6308600
6333000
6343600
6361300
6369500
6379600
6393900
6399400
6404100
6425800
6431200
6437700
6450100
6459000
6473200
6478800
6484200
6491200
6504100
6513800
6519900
6529300
6534400
6542200
6564600
6583800
6604400
6615500
6624300
6646600
6655200
6661100
6677800
6686800
6697200
6702500
6709100
6728000
6739200
6748700
6760300
6764300
6772600
6791400
6803400
6812000
6831200
6849300
6865800
6875500
6880900
6888300
6901500
6909600
6930800
6936700
6944900
6956700
6973200
6980900
6987200
7003800
7010200
7015500
7023600
7032500
7037500
7045900
7051500
7064400
7072700
7083700
7108700
7120000
7130200
7134300
7148100
7158800
7165000
7170300
7177600
7184900
7204800
7212300
7223000
7231600
7238300
7265500
7271100
7282300
7288700
7303400
7312500
7320100
7325600
7356200
7362700
7367900
7376500
7390600
7399500
7407500
7418100
7422100
7426400
7440200
7449800
7460500
7464400
7477800
7482700
7506100
7512700
7517500
7521900
7533800
7545100
7564200
7570500
7600700
7606200
7635400
7646000
7666600
7674200
7680400
7695800
7700900
7714300
7717900
7725900
7738000
7752800
7786900
7792500
7803100
7806700
7825700
7836100
7846900
7878000
7885600
7890600
7894000
7902100
7912200
7916900
7935700
7945600
7951200
7955600
7969900
7975300
7991900
8007700
8020400
8026700
8036200
8048300
8060500
8081800
8087200
8097500
8102500
8109300
8120600
8134900
8143800
8157900
8166000
8199400
8205000
8212200
8216300
8227000
8236000
8241500
8245400
8254800
8259200
8273500
8281200
8302200
8308500
8314800
8321600
8328800
8332700
8344200
8355900
8362500
8369600
8378000
8383400
8398200
8423300
8432900
8438000
8460300
8467800
8472500
8478000
8498800
8510800
8524600
8535000
8546000
8551300
8568700
8589100
8595600
8605500
8612300
8619800
8628600
8635800
8647200
8653700
8660600
8666500
8671900
8683400
8687600
8692500
8698200
8708500
8713200
8719500
8733300
8741800
8752200
8762800
8775500
8788200
8798600
8818100
8830300
8839600
8874800
8879100
8891900
8900400
8927100
8934800
8943500
8963900
8976000
8983000
8988200
8992300
9008100
9013800
9020200
9031200
9041200
9055600
9060100
9067400
9074400
9088200
9108300
9115900
9126300
9130200
9134000
9137800
9151600
9179700
9185200
9192300
9201300
9209700
9220800
9224600
9232300
9235900
9242800
9258000
9266700
9278400
9306700
9310500
9346300
9364100
9370100
9375600
9384400
9391600
9399100
9410500
9427100
9431800
9445800
9458800
9467100
9477200
9493400
9500000
9508900
9529800
9561200
9566000
9575900
9584100
9595800
9602700
9612900
9633700
9641200
9651100
9655500
9663700
9684300
9706000
9714100
9721900
9741900
9745800
9769900
9774500
9793700
9799500
9804000
9820300
9824200
9833100
9838600
9855300
9860300
9869600
9875900
9888200
9893400
9908600
9914300
9925400
9937700
9942200
9975500
9980300
9986700
9995100
10004600


