# OFFOEL
# duration (msec): 1000
# repetition number: 1
4100
5900
7800
11400
22200
24000
27700
34300
38000
44600
50200
57500
59500
66200
78100
80200
84900
90400
103000
126600
142900
144800
146800
156000
179900
196300
206800
211200
215000
217300
225900
241700
257200
266900
283200
297600
302600
304900
325900
334900
340900
344600
350400
359500
361600
366700
368800
384400
394900
396800
402000
415800
418300
425500
427400
453600
459400
461400
472300
477700
479600
486200
494600
501400
512600
527800
545700
552500
554400
556200
561300
563500
581500
583900
593200
609200
612900
615000
624100
629900
632400
657400
669700
673200
680000
688000
702000
713700
715800
721900
727300
738200
740000
742000
756400
767800
788300
790200
792000
798800
800800
811100
826300
833000
846900
848900
855400
857500
863000
865500
882100
891300
901100
903400
926800
935900
937900
955800
957800
965100
976400
1000100
# OFFOEL
# duration (msec): 1000
# repetition number: 2
4000
5700
7500
11600
14300
22300
24100
29000
34900
44300
46300
49500
57500
65500
78000
80100
84600
90700
103100
126300
133600
143200
145000
146900
155800
178600
197000
207400
211000
215300
217200
226400
241600
253100
258300
267000
282900
297200
302300
304700
310700
325800
334200
340500
350300
359600
366300
368400
371300
384500
394600
396400
401500
415800
417900
425400
427300
453900
459100
461100
472000
477600
479400
481700
486400
494500
501400
527200
535700
546500
552800
554700
556600
561500
563300
581500
587700
608600
612100
614100
624200
628100
631000
633100
657900
669600
672700
674700
680000
687600
702200
714100
715900
738200
740000
741900
756700
788400
790200
799200
811300
826200
832900
846600
855000
857000
863800
865800
891200
901600
903600
926600
928600
935700
937500
955400
957300
959500
970600
976500
999400
1001200
# OFFOEL
# duration (msec): 1000
# repetition number: 3
4200
6000
11100
13200
22100
23800
27400
35500
44400
49200
57600
59600
66400
77500
79400
84600
90600
102500
116000
127000
133800
143000
144900
146700
155900
180100
196700
200100
209600
212500
216000
217900
242400
252900
257500
266800
283200
297300
299800
302800
310400
332800
340700
350500
359200
361100
366600
368800
371600
383700
394700
396500
401600
410400
415800
417900
425600
427600
453700
459100
461000
472000
477800
479600
481500
486400
494500
501400
526200
533700
546200
552400
554300
556000
561100
563200
582000
583000
584000
588000
609600
612400
614400
624500
630400
632600
657100
669300
672800
675400
679900
682200
687800
702400
703400
714000
716000
721300
727700
738100
740100
742100
756400
768000
774000
788600
790500
792400
799000
801600
810900
811900
821400
833100
846900
849100
855000
863700
865600
891100
901900
904000
922600
927100
934600
937200
956000
957900
964700
976600
1000100
# OFFOEL
# duration (msec): 1000
# repetition number: 4
4100
5800
7800
12100
21800
23800
25700
27900
35100
40300
44400
49500
58400
65500
78000
79700
84200
86100
90800
102500
126000
134500
142900
144700
146700
155500
178600
196900
201200
207900
210600
215400
217300
225400
242400
258300
266500
273100
283400
296500
299500
302800
309600
334300
341500
344800
350600
352500
359600
361900
366600
368800
383700
394500
396500
402100
416000
425200
427200
453600
456400
459100
461000
472100
477700
479600
481500
486200
494400
496600
500900
527100
535600
545800
547700
552700
554500
556300
561300
563300
581300
583300
593500
603600
609100
612500
614400
624700
631100
657500
669400
672800
675000
680000
687800
701700
714000
726700
738100
740000
741800
756400
767600
788400
790400
792200
799200
810900
820600
833300
846700
849000
855000
857100
863100
865300
891000
901400
903500
926900
935600
937500
955700
957800
964600
976600
1000100
1002100
# OFFOEL
# duration (msec): 1000
# repetition number: 5
4200
5900
8000
11400
22200
24000
27800
34200
38300
44700
48900
57800
60900
65600
78100
80000
85200
90200
92800
103100
115500
126400
134200
143100
144900
156000
179500
187000
197100
207100
212200
215700
217900
252800
266200
283100
296800
299200
302600
309400
336900
341300
343900
350300
359400
361200
366300
368200
384100
394700
396600
401800
415700
417700
425500
427400
453700
459100
461000
466800
472500
477300
479100
481700
486100
494600
496500
501400
526900
546100
552900
554700
556400
561400
581800
584100
603500
608800
612300
614300
625100
630300
632400
657500
667700
672000
674700
680500
687300
701900
713800
715700
727200
738100
740000
742500
756600
768100
788500
790300
792600
799000
810800
832800
847000
855000
856900
863400
865900
890800
893600
901600
903900
926600
933500
936400
938400
956300
958200
965500
970600
976700
1000200
1002500
# OFFOEL
# duration (msec): 1000
# repetition number: 6
4000
5800
7700
10900
12800
22300
24000
26000
35000
44600
49300
58300
65500
77400
79300
84700
90300
102800
126300
134300
143000
144700
146600
155900
179400
197100
208000
211000
215700
217600
225100
241900
252400
266300
283000
285200
297800
302600
304600
309400
334900
341100
345000
350400
359500
361400
366300
368200
371700
384700
394700
396600
402000
410700
415600
417500
425300
427700
453900
459200
461000
472100
477500
479300
481200
486400
494100
496000
501500
527100
536000
545900
548000
552400
554200
555900
561400
582200
609200
612200
614000
624900
630500
632500
657800
669200
672700
674800
680400
687800
702500
713700
715600
728800
738100
740100
741900
756600
767900
788400
790200
792100
799500
810600
812600
826200
833300
847000
855000
856900
863300
865600
891100
901500
903500
926500
928500
936300
938200
955900
957900
976900
1000000
1002400
# OFFOEL
# duration (msec): 1000
# repetition number: 7
4000
5700
11600
14000
22100
24000
26300
34600
36700
44100
48400
57400
59500
65300
72800
78400
80400
84500
90400
102800
115300
126300
142800
144600
146400
156000
178900
197000
207500
211500
215200
217000
257600
266400
283200
297500
302600
309300
335000
340900
343200
350500
359300
361200
366300
368200
384900
394600
396400
401300
415600
417800
425400
427300
453700
458900
460800
471900
477500
479400
486600
494300
501000
526900
546000
552400
554200
556200
561300
581300
583300
593300
608300
612000
613900
624700
630200
633400
657600
669600
672000
674500
680100
687600
702200
713600
715500
721700
728100
738200
740100
741800
756600
768500
788400
790200
792300
799400
810800
827100
834100
846900
855000
857000
862800
865100
890600
901600
903600
917300
926600
936000
937800
956200
958300
964900
976500
999900
1002300
# OFFOEL
# duration (msec): 1000
# repetition number: 8
4100
5800
7800
11700
20700
22900
24600
28000
35800
43800
49200
57400
59200
65300
77700
79600
84300
90400
102200
126200
133000
143000
144800
146700
179200
195900
197800
207400
210900
215700
217900
257400
266300
268300
282700
284600
297500
302000
303900
309700
334900
341000
343600
350400
359200
361200
366600
368500
371400
383800
394800
396600
401800
415400
417300
425600
427600
453700
459200
461100
466200
472500
477500
479400
486300
494100
496500
501200
527100
535200
545900
552500
554300
556100
561100
563300
581600
583900
588500
608400
611400
613500
624700
630400
632500
657100
669500
672100
674100
680200
687300
690200
702300
713200
715200
717400
727000
738200
740000
741900
756700
767900
788300
790200
792000
799300
810900
832800
846600
848700
855100
857100
862900
865000
891100
893300
901900
926500
936100
938200
956300
958500
964600
976800
999800
1001900
# OFFOEL
# duration (msec): 1000
# repetition number: 9
4100
5900
7900
11800
21900
23900
26200
35300
44500
50800
58100
65000
77100
79100
84500
90700
102700
126200
133400
143000
144800
147000
156100
180600
196500
207300
211500
215800
218100
241500
253900
266700
282900
284800
297400
302700
304800
310200
335300
340700
342700
350200
359400
361300
366400
384800
394700
396600
402300
410400
415700
425500
427300
438400
453800
459300
461200
473200
477700
479500
486000
493900
496300
501800
527100
535300
546400
552700
554600
556300
561300
563800
581600
583500
603500
609100
612700
615100
624900
630500
632600
657300
670500
673500
675600
680100
688100
702400
713700
715700
721300
738200
740100
741900
756600
768700
788100
790000
791900
799500
810900
832600
846500
848600
855000
856900
863200
865100
890800
901300
903200
923900
927600
935500
937400
956000
958300
966900
976700
1000100
1002300
# OFFOEL
# duration (msec): 1000
# repetition number: 10
4200
5900
7700
11600
21900
24000
27600
34900
44200
46500
50200
57400
59400
66200
78100
80100
84400
90300
92500
102800
125700
142800
144600
146600
155500
168000
180400
187000
196900
207200
211600
215900
218200
241300
257900
266500
282700
296900
299000
302900
310100
334100
341100
350400
352700
359400
361400
366500
368400
372500
384800
394700
396600
402000
415600
417500
425300
427200
454000
458800
460600
473800
477600
479400
486100
494300
501000
526900
535500
545700
552600
554400
556200
561300
563400
582400
608800
612500
614800
624700
630200
632200
657000
668500
672500
675200
680400
687500
701900
714000
716100
738000
739800
741700
756600
788300
790300
792000
799200
811000
832600
834800
847000
849000
854900
857200
863200
865300
890600
892800
900800
902900
926600
936100
938000
956100
958600
965800
976200
999800
1001800
# OFFOEL
# duration (msec): 1000
# repetition number: 11
4100
5900
7600
11900
22000
23800
27200
34700
44300
49100
51300
58100
66100
77700
79600
84400
90700
102200
125700
133300
142500
144300
146000
155700
179900
197300
206700
211800
215500
217300
225500
252000
257600
266900
283000
296700
302400
304600
309600
334500
341100
350700
359400
366400
368300
370800
383000
394700
396500
402200
410000
416100
425200
427100
453700
459200
460900
472400
477400
479400
486200
494200
496100
500800
527500
535500
546400
552500
554400
556100
561200
563100
581800
584300
587900
608600
612700
614700
624400
630400
632600
657800
668600
671300
674000
679800
681800
688200
702100
714000
715900
727500
738000
739700
741500
756800
767900
788500
790300
798900
810600
826700
833100
846700
848600
855200
857100
862700
865200
891200
901900
904100
926800
935500
937500
955600
957600
965400
976500
1000200
# OFFOEL
# duration (msec): 1000
# repetition number: 12
4200
6000
8900
11600
22500
24300
26600
34500
44800
49200
51500
58000
60000
66300
77900
79900
84500
90500
102600
126200
133100
143200
145000
155900
180800
197300
199200
206700
211400
215000
217200
242900
253300
266400
282900
296700
298800
303500
309700
325100
335200
342000
350400
359200
361200
366600
369300
394700
396500
398900
415800
425100
426900
453800
459100
460900
472000
477700
479500
486100
494400
527400
545900
548700
552300
554100
555900
561400
563400
582000
608700
612900
624400
630000
631900
656700
670000
673400
675500
680300
688000
702300
714100
716800
738000
739800
741600
756600
768100
788800
790600
793300
798900
811000
827300
833600
846900
854900
856800
863200
865700
890700
901700
927200
936100
937900
956400
958500
964800
976200
1000100
# OFFOEL
# duration (msec): 1000
# repetition number: 13
4100
5800
10900
12700
18200
22700
24500
26900
35600
44700
49100
57300
65400
77800
79600
84200
90400
102800
126400
134300
142900
144700
155100
180200
196900
207700
211200
215300
217000
225800
241000
257000
266900
283300
297100
300000
302700
305000
310200
334100
341300
343600
350300
353000
359200
361100
366500
369000
383600
394900
396700
402700
409700
415900
425100
426900
454200
459000
460900
466000
472900
477700
479500
485800
494100
501200
527200
534800
545700
552700
554500
556600
561200
563500
581400
583600
588700
603500
608900
611900
614300
624100
630000
632000
657800
669400
671900
674000
679900
681900
687900
702100
714000
715900
721200
738400
740200
756400
768200
788100
790000
791800
798700
800800
811000
833000
847000
855100
857000
863400
865600
890500
901700
926800
928600
935700
937800
955700
957700
965000
971000
976900
999600
1001900
# OFFOEL
# duration (msec): 1000
# repetition number: 14
4000
5800
11400
14100
21900
23700
25400
34400
44000
49700
58100
65400
77700
79500
84200
90500
101700
104000
125700
133600
142800
144600
146400
155800
180200
196400
207000
212400
216100
218300
252000
257600
266700
283300
297000
302500
304500
310200
333800
341500
350700
359300
361300
367000
369300
384000
394700
396500
401500
415800
418100
425100
427000
453900
459100
461000
472100
477600
479600
486100
494200
496200
501200
511900
527200
546000
552000
553800
555600
561700
581600
583400
604300
609200
612800
624700
630900
657200
669900
673000
680300
688200
702200
713500
715400
727200
738400
740200
756700
788200
790100
792000
799200
801600
811100
826400
832900
846700
848700
855300
863700
866000
891000
897500
901900
904100
927000
936300
938400
955500
957400
971100
976800
999600
1001900
# OFFOEL
# duration (msec): 1000
# repetition number: 15
4100
5900
7700
11500
21900
23700
25700
28000
35200
44300
46200
49900
57900
60300
66000
77800
80300
84600
90300
102400
115600
126300
134500
143200
145000
154900
179800
196700
207700
211700
215500
217600
240400
257400
266800
282700
296300
298400
303100
334700
341200
350200
352100
359200
361000
366400
368200
371400
385200
394900
396600
401500
415700
417800
425100
427100
453800
458900
460700
467300
472500
477800
479600
485900
494300
496300
534900
546500
552500
554300
556200
561400
563400
581700
608200
610600
612800
623800
626200
630700
656700
670200
673400
679900
681900
687800
701800
713600
715800
727100
738300
740300
742100
757200
787800
789600
791400
799700
810800
826300
833100
846900
848900
855100
862800
864900
890700
901600
904600
922800
927200
935500
937500
956300
958500
965600
976700
999900
# OFFOEL
# duration (msec): 1000
# repetition number: 16
4100
5900
10500
12700
22500
24300
26700
34700
44600
49100
51200
57500
59500
66100
77800
79800
84500
90200
103100
126300
133700
143100
144900
146700
156300
180500
196500
199200
208500
212900
215600
217500
241100
257500
267100
282800
285300
297000
302600
310000
334300
341200
343300
350500
359100
360900
366300
368600
385100
394700
396400
401800
410300
415800
425500
427300
453700
458900
460700
472800
477500
479300
486000
494300
501300
527500
535400
546200
552300
554100
555800
561300
563200
581800
587300
593700
608500
612600
615100
624800
630400
656800
669700
673300
680100
687600
702500
713700
715600
738000
739900
741700
746600
756800
788200
790000
791700
799100
802500
810800
832600
847100
849000
855200
857500
863300
865800
891000
901500
903400
926900
936200
938000
955800
957600
965700
969900
976700
1000100
1002200
# OFFOEL
# duration (msec): 1000
# repetition number: 17
4000
5700
11300
18200
21900
23900
26800
35300
44100
49400
57400
59200
66100
77900
79700
81700
84500
90900
102100
126200
133900
142700
144600
146300
155300
180300
196700
206600
209700
213500
216100
218200
243100
257000
266900
282800
284800
297500
301800
303800
310100
334400
341100
343700
350100
351900
359100
361000
366600
368500
384100
394700
396500
401500
409700
415200
417100
425200
427100
453600
459000
460800
472200
477600
479400
481300
486000
494300
496600
500800
527200
534300
546700
552100
554100
555800
561300
581800
583700
587600
593000
608700
611900
614000
624300
630400
657100
669500
671900
674300
680100
687700
701800
713800
715800
721600
728200
738000
739800
741600
756300
767400
788200
790000
791900
798900
801300
811100
820200
832900
846700
855400
863300
865300
890600
901700
926500
928300
935200
937100
939500
954900
957200
965000
970700
977100
999700
1001600
# OFFOEL
# duration (msec): 1000
# repetition number: 18
4000
5700
7400
11500
17600
22300
24100
27100
35300
44800
48900
57700
64800
77400
79300
85500
90200
92100
101900
126100
133300
142900
144700
146500
155800
179800
185900
196300
207100
210300
215500
217300
241800
257400
266600
282800
297500
301600
303800
309700
334400
341000
350400
358700
360600
366200
368100
383500
394500
396300
415500
417600
425200
427100
438500
453700
459100
461000
477300
479200
481200
485900
494500
500800
527100
534700
545800
552500
554400
556200
561200
563400
581700
583500
608800
612700
614600
624400
630300
657600
669800
672900
679900
682100
687100
702100
713500
715400
726700
738200
740000
741900
757000
767200
788400
790200
792200
799000
811000
826800
832600
846900
854800
856700
863200
865600
891100
901400
903300
926200
928700
936000
938000
955400
957400
964700
970700
976700
999800
1002000
# OFFOEL
# duration (msec): 1000
# repetition number: 19
4100
5900
11600
22200
24000
27100
35100
45400
49100
57800
59800
66300
78300
81000
84900
90400
102000
126400
133100
143300
145000
179800
196900
207600
211800
215300
217100
241200
254100
266800
282500
284400
297300
302400
304500
310700
334500
341200
343400
350400
359300
361200
366800
370600
384300
394700
396600
398600
402300
415700
425500
427300
453700
459000
460800
477500
479400
486100
494300
496400
501400
526900
546300
552500
554300
556100
561300
563300
581600
583500
588500
608800
612200
614400
624100
630100
632100
657200
669600
673600
675800
680000
687700
702500
713800
715800
727400
738100
739900
741700
757500
788600
790500
792200
799000
811000
832500
846700
849100
855300
863200
865100
890800
901300
903300
926700
929300
936400
955600
957400
976100
999600
1001700
# OFFOEL
# duration (msec): 1000
# repetition number: 20
3900
5700
7500
11800
22000
23700
25800
27700
34700
44400
48800
57900
66400
77700
79400
84600
90100
91900
103600
126100
133100
142800
144500
146200
155800
180700
195900
198800
207300
211000
215400
217300
241000
257000
266600
282600
284600
297400
302500
309900
334500
340600
343900
350500
359200
361300
366800
371600
384300
394400
396200
401800
415700
417800
425400
427300
453600
458800
460600
472300
477700
479600
486100
494000
496000
501500
527100
534500
545600
552200
554100
555900
561400
563800
581700
588000
607900
610700
613200
624300
630100
632000
657200
669200
673100
675300
680100
687100
702300
713800
715700
727500
738100
740000
741900
756600
767900
788500
790300
798900
810700
832300
846700
848800
855100
857000
862900
864800
890600
901400
903400
926800
934600
937200
956100
957900
965700
976300
978500
999800
1001700
# OFFOEL
# duration (msec): 1000
# repetition number: 21
4100
5800
11000
12900
22500
24500
28100
34900
44400
46700
50000
57900
65400
77700
79800
85000
90400
102300
125900
133800
143000
144800
146700
155500
181200
186600
196400
198500
206700
210300
216200
218400
257000
266400
268400
283400
296900
299200
302900
305300
334300
341100
344400
350300
359100
360900
366800
369600
384100
394500
396400
401600
409800
415800
418000
425500
427300
433400
453800
459200
461000
472000
477600
479500
486200
494700
500900
526400
545800
547700
553100
555000
556900
561500
563400
581600
608500
610900
613200
624300
630100
632700
657500
669300
672900
675000
679800
681900
687600
702400
714200
716200
721600
738100
740000
741700
756800
768700
788500
790300
792200
798900
801400
810800
827100
833300
846700
848800
855200
857000
863800
865800
890600
892500
901100
903100
926600
935500
937700
955800
957600
964900
970700
976900
1000100
# OFFOEL
# duration (msec): 1000
# repetition number: 22
4300
6000
11600
22000
23800
27500
34700
44600
50000
57400
65700
77900
79900
84700
90300
92100
102800
126200
142800
144600
146300
179300
196700
207800
214500
216500
218500
241800
252800
257300
266600
283000
297300
299800
303100
310400
325400
340300
343700
350500
359600
361600
366600
368500
384900
394800
396500
402000
410500
415900
425400
427600
453800
459100
460900
471900
477600
479400
486400
494700
501600
527200
536000
545800
552500
554300
556100
561600
563900
581700
589300
604200
609100
612700
614800
624400
630900
633200
657200
668900
671600
674400
679900
682000
688000
702400
713500
715300
727800
738200
740000
741800
757000
788600
790400
792700
799300
810600
820500
826000
832800
846800
849200
855200
863200
865100
891000
901800
903800
926700
935500
937500
955900
958000
964700
976900
1000100
1002100
# OFFOEL
# duration (msec): 1000
# repetition number: 23
4100
5800
7800
11500
22200
24000
26700
34400
44100
46700
50200
57300
65800
78000
79800
84500
90200
92200
102700
126400
134100
143100
144800
146700
155800
178900
196500
206900
211300
215200
217000
241200
253300
257200
266800
283200
297400
302400
304200
310100
334100
341100
349800
351900
359200
361000
366500
368200
370900
383200
385600
394600
396400
401800
415600
425100
426900
453800
458900
460700
472800
477600
479500
485400
494400
496300
501200
526700
534000
546400
552200
554000
555800
561200
563200
582000
588100
593100
603400
609100
612600
614600
624300
630400
650500
657800
669400
673000
675200
680100
687400
702300
713500
715400
727400
738100
739900
741800
756800
768000
788300
790100
792100
799000
801200
811200
832700
846500
848200
855000
857400
863000
864900
890700
892700
901800
926400
928300
933700
936400
938300
956400
958300
965000
976600
1000000
1002100
# OFFOEL
# duration (msec): 1000
# repetition number: 24
4100
5800
7600
11500
22300
24100
27600
34500
37500
44400
49200
57300
59200
65600
77500
79300
84400
90600
101400
126100
143000
144800
155700
178400
196400
198300
207300
211900
215800
217700
228300
257500
266600
283100
297300
299400
302800
305200
334700
341200
344700
350400
359500
361400
366900
370200
384400
394700
396500
402000
415400
417300
425500
427400
453800
458900
460700
466400
472100
477400
479200
481300
486100
494100
496700
501200
527000
545800
552700
554400
556200
561200
563100
578100
581600
587800
594000
608800
611900
613700
624700
630100
632300
657000
669300
671600
674200
680000
681900
687100
689300
702300
713800
715600
726900
738000
739800
741600
757000
767400
788400
790100
792200
798800
801200
810800
825900
833000
846600
848900
855000
857000
863600
865400
891000
901500
903500
926700
928600
936300
938100
955700
957700
966000
976300
999800
1002100
# OFFOEL
# duration (msec): 1000
# repetition number: 25
4000
5800
10600
12900
22300
24000
27200
35900
44200
46300
57700
59900
65200
77900
80000
84400
90400
92500
102400
116700
127000
133700
143100
144900
155400
179800
196800
207600
211200
215400
217200
241800
257200
266700
282600
284500
297100
299200
302800
309900
334800
340400
343200
350500
359000
360800
366500
368400
384600
394800
396700
402000
415600
417500
425100
427000
453900
458500
460200
466300
472500
477500
479300
481100
486300
494400
501200
511700
528600
535200
546300
552300
554200
556000
561400
581500
587700
608900
612500
614300
623900
630800
632700
657700
669300
672600
674800
680200
687500
702300
714100
715900
726500
738100
740000
741900
756800
768600
788100
790000
792000
798700
801200
811600
820000
826500
833100
846800
848900
855100
863200
865400
890700
901300
903400
926800
934900
936900
956500
958800
965500
970500
976600
999800
1001800
# OFFOEL
# duration (msec): 1000
# repetition number: 26
4100
5800
7900
11500
13700
22400
24100
28000
35300
37800
44100
46600
49600
57900
65100
78100
80000
85200
90400
102700
126400
133900
142900
144700
155400
179600
186800
196900
206800
210200
215500
217400
252700
257900
267100
282900
285000
297900
302700
304700
310300
334700
341400
350500
359300
361200
366200
368100
384900
394800
396600
401900
415600
417400
425500
427500
453800
459000
460800
471500
477600
479500
486300
494400
501000
526400
534800
545900
552400
554400
556200
561200
563000
581700
588800
608600
610900
613200
624800
630300
632600
657400
669400
673200
680100
687300
702400
713900
727200
738000
739800
741600
756800
767700
788500
790300
792800
799300
810800
826600
832800
846800
849700
855200
857100
863000
865200
890900
902000
903800
927000
935800
937600
956100
958600
965100
976500
1000300
# OFFOEL
# duration (msec): 1000
# repetition number: 27
3900
5700
7600
11500
21800
23700
26900
35300
39200
43900
49300
57600
65600
77800
79800
83700
90200
102900
126100
133200
142800
144600
146800
155600
177800
181100
186800
196700
207900
211600
215800
217700
225800
241500
253200
259000
266300
273400
282900
284900
297500
302100
304100
311300
331500
335000
340800
343100
350500
359300
361600
366800
368800
383600
394800
396700
402800
415600
417500
425200
427100
453400
459200
461200
471500
477500
479300
481300
486200
494300
497000
501700
527000
534700
546300
552600
554300
556200
561300
563200
582000
583900
588600
593200
608800
612600
615000
623700
626000
630200
656800
669400
672800
674800
680000
682000
687300
702100
713600
715500
721100
728800
738100
740000
741800
756300
768100
788200
790000
791900
799000
811500
832400
834900
846700
854800
856800
862900
864800
881600
891300
901400
903300
926600
934100
936500
956200
958300
969600
976600
1000000
# OFFOEL
# duration (msec): 1000
# repetition number: 28
4100
5800
7400
10900
12700
22100
23800
27100
35100
37600
44100
46600
49600
57600
60700
66100
77700
79500
85200
90300
102000
126100
133300
143000
144800
156800
180100
185300
196600
207100
211100
215800
217700
241600
256400
266500
282800
285200
295900
298100
303200
309200
324800
334100
341000
350300
359100
361000
366500
368800
383400
394900
396700
402100
415800
425300
427100
453100
455400
459300
461100
473100
477500
479400
481200
486800
494500
501000
526900
534900
546000
552500
554300
556300
561300
563300
581800
583700
593700
608600
612500
614800
624100
626500
630500
657600
668400
671800
674200
680000
681800
687700
702200
713900
715700
721600
727800
738100
739900
741600
756300
767800
788300
790100
791900
799300
801100
811000
826900
832900
847000
848900
855200
857100
862700
864800
891000
901300
903700
922800
926900
936100
938100
956000
957900
965100
976000
978300
1000200
1002200
# OFFOEL
# duration (msec): 1000
# repetition number: 29
4200
5900
7600
11200
13000
22200
24000
26800
34300
36700
44000
50600
57800
59700
66100
77400
79100
84300
90600
102100
125900
132800
142900
144800
146500
156400
179500
197300
207100
211300
215600
217500
225500
241300
266200
282800
284600
296400
298800
302900
310500
334400
341000
343200
350300
359300
361100
366200
368000
371400
383800
394700
396400
402000
415500
417800
425400
427400
438900
453700
458700
460500
466600
477500
479300
486100
494200
496300
501600
526500
546300
552400
554200
555900
561100
581300
583400
588700
593000
608500
611100
613700
624400
630000
632200
657300
669600
673400
679900
681900
687900
702300
713700
715500
727000
738000
739800
741600
756600
767700
788400
790100
791900
799300
810700
826400
833100
846900
849000
855300
857600
862900
865100
891100
901900
903800
926700
933500
936600
938600
955700
957600
965100
970400
977000
999900
1002300
# OFFOEL
# duration (msec): 1000
# repetition number: 30
4300
6000
11100
13700
22300
24100
27200
35000
38300
44600
49700
58300
60400
65400
78100
80100
85100
90300
102500
125900
133600
143100
144900
155600
178700
188100
197700
207800
211100
215800
217700
241300
252300
266200
283100
297100
302700
304800
310100
334800
341200
350400
359300
361600
366900
369000
383200
386600
394800
396700
401700
415600
417400
425300
427200
453700
455600
459300
461200
472200
477200
479100
481100
486200
494500
500800
527100
535800
546000
552000
553800
555500
561700
581700
583600
593800
609000
612000
613900
624500
631100
656800
659800
668800
672800
674900
680100
682200
687400
701700
714300
716200
721400
727200
738400
740300
742200
756300
769100
788900
790800
798700
810900
832700
846500
848300
855400
857400
863300
865100
891000
901600
903900
926800
928700
935400
937400
955700
957600
964700
976300
978400
999700
1001700
# OFFOEL
# duration (msec): 1000
# repetition number: 31
4100
5800
7600
11300
13300
21700
23800
26100
34700
37000
44700
48700
57900
65300
77800
79700
83900
90200
102800
126100
134000
142800
144600
146600
155700
180100
197400
207700
210900
214800
216700
226200
242100
253600
257500
266900
283000
297100
298900
303000
310600
334500
340600
342700
350400
359500
361300
366700
370000
383600
394500
396300
402100
415700
418200
425300
427200
454100
459000
460800
471600
477600
479400
486000
494200
501400
527200
535500
546200
552300
554100
555900
561200
581800
588100
594100
603000
609100
612000
613900
624200
626800
630800
632900
657100
668100
670700
673400
680000
687600
702400
713900
715900
721400
738100
739900
741700
756100
767300
788300
790200
792000
799300
811200
832400
846400
848500
854700
856900
862700
865000
890900
901500
903900
926200
928200
936200
938200
956300
958600
965200
977000
1000200
# OFFOEL
# duration (msec): 1000
# repetition number: 32
3900
5700
7400
11500
14500
22400
24100
27700
35000
38500
45000
49100
58000
65500
77600
79400
84500
90200
92200
102400
126400
133500
143000
144800
146600
156800
181000
196700
199400
209100
215300
217400
225700
241800
253200
266700
283100
297100
300300
302900
309900
334800
341400
350400
359400
361200
366800
369900
384200
394900
396700
402000
415600
417500
425600
427400
454100
459100
460900
471600
477400
479200
481200
486200
494600
501300
545500
547500
552600
554400
556200
561200
563200
581900
583700
593700
609300
612800
615400
623800
626800
630900
657500
669400
672300
674600
680200
682100
687800
702000
714000
720900
737900
739800
741600
756700
788200
790000
791700
798700
800700
810700
827200
832800
846900
854800
856600
863300
890700
898000
901900
904100
926700
934800
936900
956400
964700
976700
978500
1000100
# OFFOEL
# duration (msec): 1000
# repetition number: 33
4200
5900
11000
13000
22200
24000
26800
35600
44400
46400
57900
65900
78000
79900
84800
90400
102200
126400
133400
143300
145000
147000
155600
170400
181400
196700
207100
211600
214500
216600
227900
241800
257200
266900
283200
285400
296800
299300
302700
304500
333500
340500
344200
350300
352200
359200
361100
366200
368000
384000
394700
396500
402100
409900
415600
417600
425300
427300
453900
459000
460900
472100
477700
479500
486500
494000
496200
501500
511800
526900
546400
552100
553900
555900
561300
564200
581700
593400
608500
612000
613900
624300
630900
657300
669900
672900
674700
680100
682000
687500
702000
713800
715600
721700
727400
738200
740000
741700
756600
768600
788400
790300
792300
798500
810600
826800
832800
846900
848800
855300
863100
865300
890200
892400
901600
903600
926500
933600
936600
938500
956000
957800
965000
970500
977100
999900
1001900
# OFFOEL
# duration (msec): 1000
# repetition number: 34
4100
5800
7600
11300
13000
22100
23800
25600
35400
44200
50100
56900
59800
65200
78100
80100
84700
90300
102400
116700
125800
133000
143100
144900
146900
179400
196900
207100
211400
215600
217300
241300
253300
258000
266900
282800
284600
298300
302400
304300
335500
341300
350100
352100
359700
366400
368400
383200
394600
396500
401700
411200
415800
425400
427600
453600
458500
460300
471700
477500
479300
486100
494500
501100
527400
546100
552500
554300
556100
561200
562900
581700
587900
608800
612400
614400
624100
630100
632600
657600
670000
672400
674300
679800
681900
687500
701900
713400
715200
726400
738300
740100
742000
756700
768100
788800
790600
798900
801200
810700
832700
846500
848400
855000
857000
862900
864800
891000
901200
902900
922100
927200
933900
936400
938200
955500
957800
964500
969600
977200
1000100
# OFFOEL
# duration (msec): 1000
# repetition number: 35
4200
5900
10800
12600
22100
23800
25900
28200
34900
38700
44400
49100
57700
59700
66300
77800
79600
84600
90400
102400
126600
133300
143200
145000
146800
155800
179700
196100
207500
210800
215600
217400
241500
253300
257600
266500
283000
297300
302500
304200
310200
334400
341400
344700
350200
359500
361300
366400
368500
384800
394900
396700
401700
415600
417700
425200
427000
453600
458800
460600
477600
479400
481400
485800
494300
501200
526500
545800
548000
552800
554500
556300
561200
563000
581800
583800
587600
593800
603600
609300
612000
613900
624400
630200
632500
657000
669800
673300
675300
679900
682100
687800
701900
713800
715600
722200
728000
738200
740000
741800
756400
788600
790400
798700
810700
819900
832700
846900
849000
855200
857000
862900
864900
890700
901500
903400
926400
928400
935500
937400
956300
958500
964600
970700
976800
1000500
# OFFOEL
# duration (msec): 1000
# repetition number: 36
4200
5900
11900
22200
24000
25900
35800
38800
44400
48600
58000
66300
78100
79800
84400
90800
102600
126600
134100
143000
144800
146700
155600
179400
197900
207200
211600
215600
217500
252600
257100
266600
283000
297500
302300
304100
310100
334300
341000
344100
350500
352700
359400
361300
366600
369600
383800
394700
396500
398600
402400
409900
415500
417300
425200
427300
453900
459000
460700
472500
477400
479200
485900
494200
496100
501200
526700
534600
546000
552300
554000
555800
561400
563500
581600
583600
593500
608800
611500
613600
624400
630700
632700
656900
670100
673600
680000
681800
687600
702000
714000
715800
728600
738200
740000
741900
756500
768200
788300
790100
792000
798800
800900
811600
832600
847100
855200
857300
863200
865100
890500
892900
901600
903500
926600
935800
937600
955400
957600
970400
977000
1000100
1002000
# OFFOEL
# duration (msec): 1000
# repetition number: 37
4000
5700
7500
11700
22000
23800
26000
34700
43900
47400
50300
58000
65100
72100
77900
80100
84400
90000
102400
126200
133300
143000
144700
146500
155100
180900
197900
206700
210700
215200
216900
225500
241200
257500
266100
283100
296900
299000
302800
304800
334900
341000
344100
350300
352300
359600
361500
366200
368000
384700
394700
396500
401600
415400
417300
425100
427000
447000
454000
459000
460900
471800
477500
479400
485900
494400
512100
527100
535500
546000
552400
554200
556100
561300
563100
581800
583700
603800
609500
612900
614800
624200
626300
630700
657100
669800
672200
674300
679900
681800
688000
702300
713700
715400
727200
738200
740000
756500
768300
788200
790000
791800
798800
800900
810800
826000
833000
846700
848500
855300
863500
865300
890500
901800
926700
935800
937600
955600
957600
966300
971700
976300
999800
# OFFOEL
# duration (msec): 1000
# repetition number: 38
4000
5700
7400
11500
13200
21900
23600
26700
33800
37300
43600
49500
57300
65700
77600
79500
84200
90400
102900
116800
126300
133000
143200
144900
146600
155900
171900
182700
196600
206800
211100
215400
217100
241600
257600
266600
282700
285100
297600
302800
309000
334500
340500
342500
350500
359500
361500
365900
368300
371000
384900
394500
396300
401800
415900
425000
426700
448000
453900
458700
460400
466700
477500
479300
485600
494500
501400
526600
535200
546000
552200
554000
555700
561200
563100
581500
583700
593000
608600
611700
613800
624500
630000
631900
657200
668800
673200
680000
681900
687300
702300
713500
715300
737900
739700
741500
756100
768000
788400
790200
798900
810200
820200
833500
846600
854600
856400
863100
865300
890700
892800
901300
903200
926600
935400
937200
956300
958100
970200
976900
1000300
1002300
# OFFOEL
# duration (msec): 1000
# repetition number: 39
4100
5800
7500
12000
22000
23700
25400
28100
35300
44300
46700
49500
58300
65300
78000
80100
84600
90500
102500
126400
133900
143100
144800
146700
155800
170000
180500
196100
198400
206500
211000
215600
217500
241100
252400
258500
266600
283300
297000
298900
302900
309600
334600
341400
349900
351800
359200
361000
366300
368400
383800
394600
396500
401700
415300
417200
425200
427000
453700
459300
461100
466100
471900
477500
479400
481200
485700
494400
501000
526900
545800
552400
554100
555900
561300
563300
581600
588500
608700
612300
614600
624100
630200
632400
656900
669900
673000
675600
680200
687500
702100
713800
715600
722300
738000
739800
756400
767800
788100
790000
791800
799300
801100
810400
832800
847000
854800
856700
863100
865100
890500
892700
901600
903400
926600
928400
935800
937600
956200
958300
964400
970900
976700
1000000
1002400
# OFFOEL
# duration (msec): 1000
# repetition number: 40
4200
6000
11400
13300
22200
23900
27500
35100
45400
49400
58500
64700
77500
79200
83900
90500
103000
126700
134400
143100
144900
146800
155500
180100
196800
207500
210700
215300
217100
240900
266400
282600
297000
299000
302900
304900
334700
340800
345300
350500
352400
359600
361500
366400
368400
384100
394700
396400
401700
410400
416000
425600
427500
454000
458900
460600
472400
477600
479400
485900
494300
501500
526800
545900
552200
554000
555800
561500
563600
581700
583600
588300
603400
609400
612200
614200
624200
626600
630900
657400
669100
672300
674600
680100
687400
702000
713800
715800
727200
738200
740000
741800
756300
767900
788500
790300
799200
810600
827000
832800
847100
848900
855100
863200
865200
890700
901500
903500
926800
935800
937500
956000
958000
965200
976300
978700
1000000
1002100
# OFFOEL
# duration (msec): 1000
# repetition number: 41
4100
5800
10500
12900
18600
22100
23800
27800
35100
39300
44500
49700
58000
65700
77600
79500
83900
90200
92000
103600
126500
132900
143000
144700
146500
155700
179800
196800
206700
210300
215800
217600
224300
242100
257200
265900
282600
284700
297200
299400
302900
309900
325100
334500
340600
342900
350600
359300
361200
366300
368700
384400
394700
396700
409700
415600
417500
425200
427000
453300
458600
460500
471900
477500
479300
481300
486200
494500
496400
501300
526800
536000
546000
552600
554400
556400
561300
563200
581700
583900
593000
608500
611800
614300
624300
630000
631800
657300
659700
668800
671700
674000
680000
687100
689700
702300
713700
715500
727100
738300
740100
742100
756300
788500
790300
792800
798500
801100
811500
832800
846800
848700
855100
858000
863500
865700
890900
901600
903400
926900
928800
934500
936900
954900
957200
964300
975800
999800
1001600
# OFFOEL
# duration (msec): 1000
# repetition number: 42
3900
5600
7300
11300
22100
24100
27400
35200
39800
44700
49000
57800
59600
65400
78100
80000
84200
90300
102500
126500
133700
142700
144500
146400
155200
179000
196900
200000
207200
210300
212300
216200
218000
241900
256700
266400
282800
284800
297500
301400
303500
309800
333900
341600
343800
350400
352200
359100
360800
366100
368100
383700
394400
396200
399400
415400
425000
426800
433700
438400
453800
459100
460900
472100
477700
479500
485900
493600
495700
501000
527000
535100
545900
547800
552700
554500
556400
561400
581700
583600
588000
608500
610700
613000
624100
630700
657000
669800
673100
679900
681800
687600
702200
713700
715500
726900
737900
739700
741500
756600
768000
788600
790300
792100
798600
810500
820400
832600
846900
848900
855100
857100
863000
865200
880800
890700
901400
903400
926600
929000
935800
937800
955800
958000
965000
970000
976500
1000000
# OFFOEL
# duration (msec): 1000
# repetition number: 43
4000
5700
11100
12900
22100
23800
25800
35100
44100
47100
49900
57900
65600
78000
79900
85600
90000
92200
103100
115600
126500
133400
142700
144400
146200
155700
180800
185500
196700
207000
211500
215600
217400
241200
256800
266900
282900
296400
299100
302700
305300
334500
341600
343800
350200
352100
359200
361000
366400
368300
384300
395000
396700
402100
415500
417300
425400
427500
438800
454300
459000
460900
466100
472100
477700
479400
481300
486100
494200
501600
527400
535200
546200
552400
554200
556000
561600
581700
583500
608400
611200
613100
624600
630000
632400
657100
669000
673200
680100
682100
688100
702100
713900
715800
721700
727100
738200
740100
741900
756800
768000
788600
790400
799300
810800
826500
833000
846700
848700
854900
856800
863400
865400
881800
890700
901500
903300
926800
928700
935500
937400
955700
957700
965600
971100
976900
1000100
1001900
# OFFOEL
# duration (msec): 1000
# repetition number: 44
4000
5700
7300
11800
22100
23900
25600
36300
44300
49400
58400
65400
77300
79200
84200
90600
103000
116000
126500
134100
143100
144900
146800
181700
196400
208100
211600
215500
217200
225300
241100
257700
266500
283200
297100
302400
304300
309900
333400
341600
350300
359500
361500
366500
369200
384100
394600
396400
401400
415800
417800
425200
427100
453800
458900
460600
472100
477500
479300
481200
486000
494500
501200
526900
534900
546100
552100
553800
555600
561300
581700
584000
593600
608700
611300
613300
624500
630400
657700
670000
672900
675000
680000
681800
687200
702500
713500
715600
726700
738100
739900
741700
757200
767800
788500
790200
792000
798900
801400
810800
832500
846900
854800
856800
863300
865400
890500
892700
901600
903500
922300
926900
936000
938000
956100
958300
971100
976500
999900
1001800
# OFFOEL
# duration (msec): 1000
# repetition number: 45
4000
5700
7800
11500
22100
23800
27600
35400
38600
44300
49300
58600
65600
77400
79200
84600
90800
102400
126300
143000
144700
155900
180000
186700
198500
207500
211700
215500
217500
225100
241400
257500
267100
282900
297800
302300
304400
310500
325300
335100
340800
343600
350100
359100
361000
366200
368000
384000
394700
396500
401200
415700
418100
425300
427200
453500
459200
461000
472400
477200
478900
480800
486300
494600
501100
526700
534900
545600
552300
554100
555900
561400
563600
581500
583400
588000
604000
609400
611900
613900
624700
630700
633000
657100
669800
672900
675300
680400
687900
702200
713700
715500
726900
738200
740000
741900
756200
768200
788200
790100
791900
799100
810700
832900
846900
855100
862500
865000
890800
901500
903600
926800
936100
937900
955800
957800
964900
976600
999500
1001600
# OFFOEL
# duration (msec): 1000
# repetition number: 46
4100
5800
11300
13200
22300
24100
26800
35500
38700
44200
50000
58100
66400
77400
79100
84300
90000
103400
126600
133600
142800
144500
146100
155000
179800
196200
199300
207500
211200
215300
217100
224800
241600
257400
266500
282900
297400
302400
304100
310200
326200
333900
340800
350100
359200
361100
366100
367900
371400
383900
394700
396400
401700
415700
417500
425400
427200
438700
453900
458900
460700
472100
477300
479100
481000
486800
494100
496300
501700
527200
545800
552000
553800
555600
561600
581700
586900
603400
609000
612600
624000
630000
632000
657000
669900
672800
674600
680300
687200
702200
713600
715500
720800
738000
739900
741900
756600
768000
788400
790200
791900
799400
810800
825700
832900
846600
848800
855100
857400
863000
864900
891000
901600
903900
926700
933300
936100
937900
956100
958400
965300
970900
976600
999500
1001700
# OFFOEL
# duration (msec): 1000
# repetition number: 47
4100
5800
10200
12800
22300
24000
28400
35300
44400
49100
57700
59700
65200
77300
79200
84500
89800
91600
103100
126400
133800
143100
144800
146600
156500
179800
187900
197400
206200
211900
215400
217600
241200
257600
266500
283000
297300
299700
302800
305200
309700
334500
341200
350100
352000
359400
361300
366500
369600
384700
394700
396500
402200
409900
415900
417900
425500
427400
453800
459200
461100
466400
472100
477500
479300
486000
494200
501100
526600
546200
552400
554100
555800
561300
563100
581400
587600
608400
611200
613100
624700
630100
632800
657400
669600
672700
674700
679900
687300
702400
713900
716100
726300
738100
739900
742000
757000
767800
788400
790200
792100
799100
810500
827300
833200
846700
848600
854900
856900
863000
865000
890900
901700
926500
928300
936100
938200
955900
957700
964700
976400
978500
999900
1003000
# OFFOEL
# duration (msec): 1000
# repetition number: 48
4300
6000
11000
12800
22300
24300
26000
35100
39600
43900
49000
57900
66100
77400
79200
84800
90300
102400
126600
132900
142400
144200
145900
180100
197000
207200
214500
216800
225400
241500
252900
258600
266600
283500
297300
300800
303000
334900
341000
343900
350000
359400
361200
366200
368700
372300
385100
394800
396700
401800
415900
425100
426900
454000
456000
459200
461000
472200
477800
479600
486300
494200
502000
526200
533100
546000
552700
554600
556400
561400
563500
581900
588000
608700
610800
612900
624500
630200
632100
650600
657200
669900
672700
674600
680300
682900
687900
702500
713900
716000
721700
738200
739900
741800
757000
768000
788700
790500
792200
799200
810800
825700
832700
846600
848500
855100
857600
863200
865100
880700
890600
901600
903400
926700
936000
937700
955500
957300
959600
970800
976600
1000100
1002400
# OFFOEL
# duration (msec): 1000
# repetition number: 49
4000
5700
10700
12900
21900
23700
27700
35600
39900
44500
47500
58100
65600
72800
78300
80300
84700
90300
103000
126200
133600
143100
144900
155600
180800
196000
198400
206900
211000
214900
216800
253000
257500
266800
283000
297200
302200
309600
331700
340900
350100
359200
361000
366300
368200
383600
394800
396600
401400
415700
417700
425200
427100
453700
458700
460500
477200
479000
481100
485800
494100
496000
500700
535600
546300
552000
553900
555600
561400
581500
583300
593000
608600
612400
614800
623800
630600
632600
657300
669400
672900
675100
679800
681700
687300
702300
713500
715400
726900
738000
739800
741500
756700
767300
788200
790100
798800
810600
826600
832500
846900
849100
854900
856900
863500
865400
890900
901200
903900
926500
934500
936600
938600
955700
957800
965900
976700
999800
1001700
# OFFOEL
# duration (msec): 1000
# repetition number: 50
3900
5600
7400
11900
22100
23800
27500
35000
40100
44400
50600
57500
65500
77800
79700
84000
90600
103400
115100
126500
133900
142700
144400
146200
156500
181200
196300
209800
214600
216600
240800
256200
266600
283200
297100
299300
303500
336000
340800
350300
359100
360900
366300
368200
383800
395000
396700
401600
415600
417500
425400
427300
453600
458800
460600
465900
472700
477500
479200
481200
486300
494200
501400
527100
535000
546100
552200
554000
555900
561500
563400
581800
592900
609200
612400
614300
624500
630500
632500
656500
658600
669800
673100
675100
680200
687600
702400
713800
715900
738000
739800
741600
756700
767700
788600
790400
792300
798800
801000
811200
826700
833000
847000
855100
857400
863300
865100
890900
901800
927000
935800
937700
955900
957900
965500
976500
1000100
1002100
# OFFOEL
# duration (msec): 1000
# repetition number: 51
4100
5800
11000
12700
22200
24100
27100
35400
44700
49700
57600
65600
77900
79700
85300
90100
91900
102600
116600
126100
128200
143200
145000
147400
156100
181100
187600
197300
209000
215300
217100
225100
241700
257400
266900
283100
285000
297000
298800
302700
309600
325100
335100
341600
350600
359300
361200
366600
368400
371900
383000
394800
396500
402100
415600
417500
425200
427100
447500
453800
459300
461500
467000
472500
477800
479600
486200
494200
496400
501500
527000
535100
546300
552500
554300
556100
561600
581600
583500
608500
611800
613800
624300
630100
632700
657800
669100
671400
673600
680300
687500
702300
713700
715600
721300
738200
740000
741900
756200
788200
790000
792100
799400
810500
826000
832600
847000
849200
855100
862800
865200
890800
901200
903200
926500
934200
936500
938500
955800
957800
971800
976500
978300
1000200
# OFFOEL
# duration (msec): 1000
# repetition number: 52
4100
5800
8500
12400
22100
23800
35000
39300
44600
49500
58100
66000
77500
79700
84800
90300
102200
126200
133600
143000
144900
146700
155900
181300
197000
206900
211900
215500
217400
225300
241400
258900
267000
283000
285100
296800
299300
303000
325300
334900
342000
349800
359300
361200
366500
368600
371500
385200
394800
396500
401800
415800
425500
427400
438500
453700
459000
460800
466500
472800
477600
479600
486400
494400
500600
526900
535000
546300
552300
554100
555900
561400
563900
581800
587300
609200
612200
614400
624700
630100
632100
657400
669400
673200
680100
687300
702100
713500
715400
727000
738100
739900
742200
756500
767500
788600
790400
792200
798800
810900
832800
846700
848400
855500
863400
865500
891000
901300
925900
927700
935100
937100
956100
957900
964700
972100
976500
978500
999600
# OFFOEL
# duration (msec): 1000
# repetition number: 53
4000
5700
7500
11700
21400
23100
26900
35200
44000
49000
58000
59900
65500
77900
79900
84300
90200
102000
126100
142600
144400
146100
155600
180500
196900
207300
210800
213500
215800
217900
241300
257700
266800
283300
297100
299400
303400
334500
341000
343900
350500
353000
359400
361500
366700
368800
384800
394800
396600
401900
415600
417800
425400
427300
454000
459300
461000
466300
472000
477700
479400
485800
494400
500900
526500
545800
552300
554100
555700
561300
563100
581600
583900
593500
603800
608900
612500
614500
624500
630100
632500
656500
667600
671500
673600
679900
681800
687300
702300
714000
715900
722800
728100
738300
740200
742200
756900
773500
788600
790400
798700
810700
825800
832900
846700
848800
855300
863200
865200
890800
901500
903300
921700
926900
935900
937800
956100
958000
970100
976100
999800
1001900
# OFFOEL
# duration (msec): 1000
# repetition number: 54
4000
5700
10800
21800
23400
27100
34700
40200
45300
49100
58000
65700
76900
79000
84400
90100
91900
103300
126300
133500
142800
144500
146400
155700
170900
180800
196200
199000
207200
211200
215500
217500
242200
251900
266800
282900
284800
297500
301400
303700
309800
334900
341200
350500
359200
361000
366600
368700
384400
394600
396400
398400
401900
411100
415700
425100
426900
453400
455700
459300
461200
471900
477400
479200
481200
486400
494200
496200
501300
526600
535000
546400
552200
553900
555700
561200
581500
583500
587900
608700
612100
614400
624200
630200
632500
657000
668900
671700
674100
679900
687300
701900
714200
716100
738200
740000
742000
756200
768200
788000
789900
791800
798800
801100
811200
825400
832800
846500
848400
855000
856900
863100
865000
890900
901200
903100
926700
933800
936200
938100
955300
957600
966000
976800
1000100
# OFFOEL
# duration (msec): 1000
# repetition number: 55
4000
5700
12200
21700
23400
25500
34800
43800
46700
49400
57800
66100
77700
79900
84200
90600
102700
126200
133500
142900
144600
146300
155600
179000
187400
197500
207000
210400
215000
216800
228500
252100
257200
266700
273000
283100
286100
298300
303200
310100
335000
341400
350300
359500
361300
366700
371000
384300
394500
396200
398000
415500
425500
453300
458900
460700
477300
479100
481000
486100
494200
496200
501100
527000
535100
546400
552500
554200
556300
561200
581300
583200
608300
611500
613600
624300
630200
632500
651000
657700
668900
671700
674600
680100
687600
702200
713800
715600
721100
738100
739900
741900
757100
768200
788300
790000
792000
798600
810800
826800
833600
846700
848900
854900
856800
863500
865700
890900
901700
903600
926400
928300
935700
937500
955900
957800
965200
976500
999800
1002000
# OFFOEL
# duration (msec): 1000
# repetition number: 56
4100
5800
11800
22300
24000
26100
35500
44100
49200
57800
65400
77900
79800
84600
90200
103300
126600
135000
142800
144600
155500
181400
197500
206600
210900
215500
217400
241400
256900
266600
283000
297300
302500
304500
309800
334000
341900
349700
351600
359300
361000
366700
368900
371300
384400
394600
396400
402100
415600
417800
425500
427300
453700
458700
460500
472000
477600
479400
487100
494600
500700
511300
527400
546300
552700
554400
556200
561300
581800
603500
608900
611500
613500
624600
630400
632400
657600
668800
672700
675400
680000
681900
687500
702400
713600
715800
727400
738200
740000
746200
756800
767800
788400
790100
792400
798400
801200
810700
826100
833300
847000
855300
857100
862700
864600
890500
899100
901900
926600
928600
935800
937700
955700
957700
976600
999700
1002400
# OFFOEL
# duration (msec): 1000
# repetition number: 57
4000
5700
11600
22300
24100
26400
35300
37500
44100
47400
50000
57400
59500
66100
78100
79900
84600
90500
101900
115700
126200
133400
143100
144800
146800
155700
178800
196300
206500
210800
215800
217700
224900
253000
266700
282800
284600
296800
299000
302600
334600
341300
344100
350200
352400
359200
361000
366700
368700
371800
384400
394400
396200
401300
415600
417500
425200
426900
453600
455700
459300
461100
471700
477400
479200
481100
486300
494000
496800
500900
526600
545900
548000
552700
554600
556400
561700
581600
587300
608700
612200
614200
624700
627900
630100
632200
657400
669900
673700
676300
680000
687700
702500
713500
715500
721500
738000
739900
741600
746400
756100
768400
788500
790200
792500
798900
810800
832600
846500
848300
855200
862400
864600
891100
901700
926600
935900
937700
955700
957500
965300
971300
976700
999400
1001200
# OFFOEL
# duration (msec): 1000
# repetition number: 58
4100
5800
11100
21500
23200
25100
35100
37000
44200
49400
57600
59900
65800
72500
78100
80500
84100
90300
102300
115800
126400
133500
143000
144700
146500
155400
180500
186200
196800
206200
209800
215200
217300
225300
241100
257700
266800
282900
284600
296500
298500
302900
309500
334400
340300
343500
350300
359300
361200
366300
368100
384100
394700
396600
401700
409500
415600
417900
425300
427200
453700
458700
460500
472100
477400
479200
485800
494200
496300
501200
527200
534200
546200
552500
554200
555900
561400
563400
581300
583400
587900
603700
608300
610900
612800
624100
627300
631000
657400
669400
672400
674400
680400
687300
702300
713400
715100
721400
727500
738100
740000
741800
756800
767400
788500
790200
792000
798400
800700
810500
826900
833100
847000
848800
854800
857300
863300
865400
890800
892900
901600
903500
926600
928700
934100
936500
955300
957100
965200
970900
976500
999800
1001800
# OFFOEL
# duration (msec): 1000
# repetition number: 59
4000
5700
7300
12600
22200
24000
27800
34800
38400
44200
49300
58000
65600
77500
79600
84300
90500
102300
126600
133700
142800
144600
146300
156800
179300
197300
207800
210600
215100
217000
241300
257200
266500
282900
284800
295900
298000
302800
304700
325600
334900
340900
343200
350400
359600
361600
366400
368300
384000
394800
396600
401500
410300
415700
425300
427100
453800
459300
461100
467300
472200
477600
479400
486600
493900
496200
512900
527400
545900
552000
553900
555600
561500
581500
583300
608700
612200
615000
624600
630200
657500
670600
674100
679800
687400
702300
714200
716300
737700
739500
741300
756900
768400
781600
788800
790600
792500
799100
811000
833000
846900
848900
855000
857200
862800
865500
890900
901500
921700
926900
934900
937000
955700
957800
976200
1000300
# OFFOEL
# duration (msec): 1000
# repetition number: 60
4000
5700
8200
11500
13400
21900
23800
27900
34700
36700
43800
49700
57600
59600
66200
77700
79700
85100
90600
102300
116000
126200
136000
143300
145000
155600
179200
186500
197600
210500
215300
217500
240700
252700
266700
282900
297000
299600
302700
310400
335200
341400
350200
352300
359500
366300
368100
386400
394800
396600
401700
410000
415800
418200
425500
427300
454100
458900
460600
473000
477600
479400
485800
493900
495900
501000
526700
535500
546000
552500
554400
556100
561300
563200
581800
583700
608100
612500
615000
624800
630500
633400
657200
670100
673700
679900
687500
702500
713700
715500
726800
738100
739900
741700
756200
767800
774400
788400
790300
792100
799000
801100
810700
832600
846600
848400
855400
857700
863400
865900
891300
901700
904000
926700
936300
938300
956100
958100
965500
970200
976800
989100
999800
# OFFOEL
# duration (msec): 1000
# repetition number: 61
4000
5800
10500
12500
14300
22400
24300
27100
34300
44300
49000
57300
65400
77800
79600
84400
90100
102200
126300
133500
143000
144700
147000
155600
179300
182500
197400
206600
211000
215500
217300
226300
236200
257100
266600
283300
296700
298600
302700
304700
310300
335300
340700
342400
350000
352100
359400
361100
366900
368800
384200
394300
396100
398600
402400
410800
416000
425300
427200
438000
453800
459100
460900
472400
477600
479400
485800
494200
496200
501200
526700
545900
548100
552600
554400
556300
561300
563300
581600
587700
593000
609300
611900
613700
624500
630300
632300
656800
658800
669700
672200
674400
679700
681700
687600
702100
713900
715800
727100
738000
739900
741700
756600
767600
788100
790000
792300
799100
810800
826500
832700
846600
848800
855300
863000
864900
890700
901700
903600
926500
935200
937100
938900
954900
957100
964800
976500
1000400
1002200
# OFFOEL
# duration (msec): 1000
# repetition number: 62
3900
5700
7400
11800
13600
22300
24100
26100
34600
44000
46500
49800
58100
65400
77800
79500
84600
90600
102400
126000
134700
142800
144600
146500
155000
180200
196200
209100
214800
216600
236600
241700
252700
267000
282900
285100
297100
299500
303000
310100
334000
340300
343100
350000
359300
361100
366500
368400
383400
394900
396800
401900
410700
415700
418300
425300
427200
438500
453300
458800
460600
472500
477600
479300
481700
486400
494400
501400
527100
536000
546200
552200
554000
555800
561600
563500
581600
588700
608900
611200
613400
624300
630400
657400
669000
673300
675800
680000
682100
687700
702300
714400
716300
729000
738200
740000
742000
756800
767400
788200
790100
792100
798800
811100
832700
835400
846900
855300
857300
862900
864900
890400
892500
901600
926500
934600
936800
938800
955600
957400
964600
976600
999800
1003100
# OFFOEL
# duration (msec): 1000
# repetition number: 63
4100
5900
8300
11600
22000
23700
25600
27500
34700
38200
44700
49200
57600
66200
72300
77900
79900
84200
90500
103200
115300
125700
127700
143200
145000
146700
155600
170600
179300
196800
208300
214800
216600
240700
257300
266600
282500
284600
296200
298800
302600
309300
333900
341200
350400
359200
361100
366500
368400
384900
394500
396300
401700
415500
417500
425100
427000
453600
459200
461000
466700
472000
477400
479300
486200
494200
500900
526600
535900
545800
552000
553900
555600
561100
581900
587900
609100
612500
614500
624600
630200
657000
667800
671900
675100
680400
686600
701800
713900
715800
721200
738100
740000
742100
756200
788000
789700
791500
798700
800500
811000
821900
833000
847200
849000
855200
857100
863100
864900
890500
901800
926700
935800
937600
956400
958400
965000
970300
976100
999600
1001700
# OFFOEL
# duration (msec): 1000
# repetition number: 64
4000
5600
7500
11600
22200
24000
27100
35100
44500
50000
57300
59500
77400
79200
84600
90300
101900
126300
142900
144700
146700
179600
183500
196600
198800
207700
211700
215800
217600
225600
242100
252500
266100
283200
285500
297800
302600
309700
334500
341500
350500
359500
366500
368600
384500
394800
396600
402200
410000
415600
425000
426800
453500
459200
461000
472600
477500
479300
485800
494100
495900
500700
527400
534300
546200
552300
554100
555800
561100
563200
582000
603900
609000
611900
613700
624600
630500
657400
669400
674000
679600
686800
702000
713700
715500
738100
739900
741800
756800
767800
788100
789900
791700
798800
801000
811000
826600
832900
846800
848600
855200
863300
865300
891200
901700
903600
926900
936000
937800
956100
958000
965100
976100
1000100
1001900
# OFFOEL
# duration (msec): 1000
# repetition number: 65
4400
6100
8100
11600
22300
24100
34800
38200
44600
49600
57900
65300
72600
78200
80000
84600
90600
102700
126100
134700
142500
144200
146000
156500
181100
196600
207100
211700
215400
217300
252500
266600
283100
296600
299200
302700
334100
341600
344200
350200
359500
361400
366200
368100
371500
385000
394900
396800
401300
410000
415700
417600
425300
427100
453500
458800
460600
472200
477300
479100
481100
485900
494400
496200
528600
545900
552400
554100
555800
561300
563500
581800
587500
593200
608900
612500
614500
624900
630100
632100
657200
669100
673300
675600
680300
687500
702300
714000
716400
721200
729000
738000
739800
756300
773800
788100
789900
792100
799200
810900
832900
846900
849100
855200
862700
864800
891100
901400
903200
926300
928400
936000
937700
956200
958800
965000
976700
999900
# OFFOEL
# duration (msec): 1000
# repetition number: 66
4200
5800
7500
12000
21700
23500
27800
36200
44400
49000
57900
65500
78000
79800
84000
90100
102200
126000
134000
143000
144700
146900
155300
181500
196000
207100
211500
216000
241200
253700
266900
283100
296600
299000
302700
305000
334200
340700
343900
350500
359400
361200
366600
368500
370600
384500
394800
396500
401900
415600
417400
425300
427100
454200
458800
460600
471500
477700
479500
486100
493900
495800
501400
526700
534500
546200
552600
554300
556100
561200
563100
582000
593300
608500
611900
613900
624000
630000
631800
657400
668600
670900
673100
674900
680300
687300
702300
713800
715800
721800
738300
740100
756600
767500
788500
790300
792100
799000
811300
826100
832700
846700
848700
854800
862700
864700
880100
890900
901500
903300
926700
934600
936700
938600
955800
957700
964900
970400
976700
1000100
# OFFOEL
# duration (msec): 1000
# repetition number: 67
3900
5700
11200
21900
23600
25700
34600
37000
44300
49400
58400
66700
77100
79000
80800
85100
90100
126600
133100
142600
144300
146100
178100
196400
207300
210800
215500
217200
252000
266500
283100
297400
302500
304300
309800
334700
340800
350200
359300
361100
366400
368300
371800
384200
394700
396500
401900
410400
415800
425200
427000
453600
459100
460900
466400
471800
477800
479600
486200
494300
501300
527300
535200
545900
552900
554600
556800
561200
581900
587700
608700
611400
613300
624100
630700
657200
668700
672500
675100
679800
687000
702100
713800
716600
721300
738000
739800
741700
756400
768200
788400
790100
791900
798700
810600
832800
846400
848500
854600
856500
862900
864800
890600
901500
926600
936100
937900
956100
958100
964800
976000
978200
999900
# OFFOEL
# duration (msec): 1000
# repetition number: 68
4100
5800
11800
22200
23800
27800
35200
44600
50100
57900
65700
77500
79400
84600
90200
102000
126100
133400
143300
145100
155600
182900
197000
209000
215000
217000
225500
241900
253300
266600
283200
285500
297500
302900
334800
340800
343700
350000
359400
361100
366700
368800
384000
394900
396600
402100
415400
417300
425600
427600
453700
459300
461200
477400
479100
480900
494200
501200
526800
535400
546200
552900
554700
556600
561400
563400
581900
588000
603400
609700
612300
614200
625100
630000
657600
670300
673500
680400
687600
702000
713900
716500
721500
738200
739900
741600
756700
768100
788800
790700
799100
810900
826100
833100
847000
855200
857000
863200
865200
890900
901700
926700
936100
938100
956000
957800
971000
976600
1000100
1774500
# OFFOEL
# duration (msec): 1000
# repetition number: 69
4100
5800
11300
13300
22000
23800
27200
34900
38600
44400
49400
58100
65200
77400
79100
84400
90400
102200
126200
133400
143000
144800
155900
180500
187400
196700
206900
209600
215100
216900
225700
257300
266600
283200
297200
299600
302600
304600
333100
341100
345000
350500
359100
360900
366300
369700
384000
394500
396300
402400
409900
415600
425300
427200
438000
453700
458900
460700
472100
477500
479300
481900
485800
494300
496300
501100
527300
534600
546300
552500
554300
556200
561000
562900
581800
588400
604100
609500
612100
614100
624300
630100
632000
657500
670200
673300
680200
687300
702400
713800
715500
726900
738100
739900
741700
788500
790300
798900
810900
827500
832500
846600
848400
854800
863100
865300
891100
901500
903400
926400
935700
937600
955600
957400
964600
976700
1000000
# OFFOEL
# duration (msec): 1000
# repetition number: 70
4100
5800
8000
11300
21900
23600
26900
35500
44400
50100
58100
59900
66500
74300
78200
80100
84900
90600
102800
115400
126500
134200
143200
145000
155600
180400
186300
197200
207600
210000
215300
217200
241600
256700
266800
282600
284300
296800
302300
304300
309600
325600
341700
349700
351600
359400
361200
366400
368300
383700
394700
396400
402200
416000
425300
427100
447300
454000
459200
461100
466800
477400
479100
485700
494400
501500
526500
535200
546400
552600
554400
556000
561100
581800
583900
593400
609300
611900
614200
624700
630600
632600
657400
670400
673500
680200
687700
702100
714000
715800
726900
738100
739900
741800
756400
767500
788400
790200
792100
799300
810400
826600
833300
847100
855300
863500
865400
890800
901800
903900
923300
926900
936100
938000
956300
958100
965300
976800
999900
1002100
# OFFOEL
# duration (msec): 1000
# repetition number: 71
4200
5900
11800
22000
23700
25500
35900
43900
46900
49900
57700
65600
78100
80100
84400
90400
102100
115800
126400
132700
143100
144800
146800
155200
180700
197300
207000
211000
215400
217700
242000
258200
266700
283100
297200
299600
302900
309400
333900
341500
350300
359500
366500
384600
394700
396500
401300
409300
415400
417600
425600
453800
458800
460500
473400
477600
479400
485900
494100
501100
526700
535400
546300
552500
554300
556200
561200
563000
581400
583300
592800
609500
612500
614900
624800
630000
632300
657200
669300
673100
680300
688100
701900
703800
714000
721200
738200
740000
741900
756600
767500
788400
790200
792000
799200
810200
826200
832900
846700
848500
855100
856900
862700
865000
891100
901700
904000
926900
929100
935200
937100
956100
958100
965300
976700
999900
1001600
# OFFOEL
# duration (msec): 1000
# repetition number: 72
4200
5900
7500
11800
22000
23800
26100
35100
43800
46600
49600
51600
57900
64700
77600
79500
85100
90800
102500
126300
134600
142800
144600
146300
156000
178700
197200
206800
215300
217100
225600
257800
266300
282900
285000
297200
302600
309800
340800
350300
359300
361100
366500
384500
394700
396500
401800
415600
417500
425400
427300
453600
459000
460800
477500
479300
481400
485800
494400
496700
527200
535800
545800
552500
554200
556000
561500
581400
583400
609300
612400
614400
624100
630300
633300
657100
669600
673600
679700
687800
702400
713900
715900
726300
738200
739900
742000
756400
768000
788800
790400
798900
810700
832600
847000
855000
856900
862500
865000
890800
901200
903100
922300
926700
935600
937400
955400
957500
965600
976100
999900
# OFFOEL
# duration (msec): 1000
# repetition number: 73
4000
5700
10600
12800
22100
23900
28000
34900
37600
44200
49200
58000
65700
77900
79800
84600
86800
90400
102300
126100
134100
142500
144200
146100
155200
180700
187700
196700
208000
211800
215700
218200
241200
259400
266900
283000
297300
303100
310100
335200
341400
350000
351800
359300
361100
366700
368700
384700
394600
396400
402700
410000
415600
417800
425200
427100
453900
459300
461100
471500
477900
479600
486100
494200
501900
526600
546000
552300
554000
555700
561500
581700
583600
608600
612100
614200
624500
629700
631700
657500
670300
672800
674900
680100
688200
702400
713800
716300
727100
738100
739800
741600
756500
773900
788400
790100
792300
799600
811000
826800
833100
847000
855100
857000
862500
864700
890800
901500
903500
926700
936300
955800
957800
964400
976400
999800
1002800
# OFFOEL
# duration (msec): 1000
# repetition number: 74
4000
5700
8600
11300
22200
24000
28900
39200
44100
49500
57700
65400
78500
80500
85300
90300
92200
102700
126600
133200
143500
145200
156000
179200
196500
210600
215200
217400
224600
241000
257200
266400
282700
297900
302500
304300
335900
341400
350400
359200
361200
366300
368100
371500
394600
396400
402100
415400
417400
425400
427300
453800
458800
460600
472400
477500
479300
486200
493900
495800
501100
527700
546100
553000
554700
556600
561300
581600
592100
608500
612400
614400
624800
627200
630600
657400
669700
672300
674400
680100
687800
702300
713900
716000
720900
727200
738100
739900
741800
756300
768000
788500
790300
799400
810700
832500
846800
848700
854800
856700
862900
890300
892800
901500
926300
928600
936200
955500
957500
969800
976400
999500
# OFFOEL
# duration (msec): 1000
# repetition number: 75
4000
5800
10900
13300
22200
24000
27800
35600
44600
48800
58000
60100
65600
77600
79500
84300
90400
102300
126300
133900
142800
144500
146600
155800
179600
186800
197200
207100
210600
215300
217400
241600
252700
266500
283100
296500
298700
302700
305300
310700
334800
341000
345300
350300
359200
361000
366300
368400
384600
394700
396500
402300
409800
415700
425200
427000
453500
455200
459200
461000
466100
477300
479000
481300
486100
494000
496000
501200
526500
535100
546400
552000
553800
555600
561300
563200
581800
587800
593800
608500
611900
614500
624500
630200
657100
668600
671700
674000
679900
681800
687200
689000
702300
713600
715400
737800
739600
741300
757000
767700
788400
790300
799000
810700
826400
833100
846900
854900
856700
863300
865100
891100
901500
903900
926800
933300
936300
938200
955700
957700
964800
976400
999700
1001600
# OFFOEL
# duration (msec): 1000
# repetition number: 76
4100
5800
10900
12700
21900
23500
26900
35100
44400
48700
51100
58100
65000
77400
79100
84400
89800
92600
102100
126100
133500
142600
144300
146100
155600
180800
196600
206900
211500
215400
217200
241600
257800
267100
282700
284600
298300
302200
304200
309900
325600
333900
340500
343000
350300
359200
361000
366700
368600
384400
394600
396400
401400
415400
417400
425300
427300
453800
459100
460800
471900
477600
479400
481300
485900
494300
501000
527200
536500
546100
552700
554500
556300
561300
563400
581600
583600
608600
612100
614200
624800
629900
632100
651600
657500
668900
671600
680000
682000
687800
702300
714000
715900
722700
738000
740000
756700
788400
790100
792000
798900
801700
811100
832600
847000
855100
862700
864900
890800
901300
927000
936300
938200
956400
958600
964800
976300
999900
# OFFOEL
# duration (msec): 1000
# repetition number: 77
4000
5700
11100
14200
22300
24000
27800
35200
44000
49200
57600
66500
72400
77500
79300
84500
90300
102300
126500
133100
143000
144800
155800
181900
197000
208800
212800
215900
225800
242000
257800
266800
282900
297000
299200
302600
325700
335300
341500
350300
359100
360900
366500
368300
383500
394700
396400
401700
415700
425100
427100
453700
458800
460600
477400
479200
486200
494100
501200
527100
546000
552400
554200
555900
561400
581900
593700
608500
612200
614200
624300
630300
656900
669400
671500
674700
680000
687700
702200
713800
715800
727800
738100
739900
741700
756500
768300
788200
790000
792600
799100
801700
811100
833000
846900
855100
857200
863300
865200
891100
901400
926800
934800
937000
955200
957200
965200
976400
999900
# OFFOEL
# duration (msec): 1000
# repetition number: 78
4100
5800
7700
12200
21800
23500
26800
36600
44100
50100
57700
65800
78000
79800
84300
90600
102000
126400
143100
144800
146700
155300
180900
196500
208100
212100
215600
217300
241200
266400
283000
297100
299700
303000
309400
334900
342000
350700
359300
361300
366600
368400
384900
394700
396400
402000
415600
425200
426900
454000
458900
460600
472500
477400
479200
481100
486100
494600
501000
527000
534900
546200
552500
554400
556700
561400
581600
608500
612400
614200
624300
630400
632700
657700
668500
672400
674900
680000
681900
687500
702000
713900
715600
738100
739900
741800
756900
768400
788400
790200
791900
799500
811000
832700
847000
855000
863500
865900
891000
901500
903800
926300
928400
935600
937600
956000
958100
965000
976400
999800
1001900
# OFFOEL
# duration (msec): 1000
# repetition number: 79
4200
5800
10700
12600
21800
23500
26700
34800
44500
48900
58000
60000
77800
79900
84400
90300
102500
115200
126400
133400
143100
144800
146700
155600
171400
180000
196400
198800
207600
211400
215500
217600
257600
266800
283300
297200
303300
309800
334900
340800
344500
350200
351900
359500
361600
366500
368600
384100
394500
396300
401900
415200
417100
425100
427200
453800
459000
460800
472000
477400
479100
480900
486000
494000
501400
526700
534100
546000
552300
554100
555800
561200
562900
581700
588000
608700
612600
615900
625100
630600
657400
668400
670300
673600
680100
682300
687300
702200
713600
715400
727500
738200
739900
741600
756600
769000
788300
790100
799000
801600
810700
833000
846700
848900
854900
856900
863000
864900
890600
901600
903500
926600
934800
937000
955700
958000
976700
999500
1001500
# OFFOEL
# duration (msec): 1000
# repetition number: 80
4000
5700
11800
21800
23500
34200
44600
49300
57800
65900
77900
79700
84700
90300
102800
126300
132800
142800
144600
180800
196500
207400
209900
215200
217100
241300
266900
283100
296900
302300
304200
309300
333500
340900
350200
359300
361100
366500
370500
384800
394800
396500
401900
410000
415700
417700
425600
453800
459200
460900
471500
477400
479100
480900
486100
494100
501000
527800
546000
552200
554000
555800
561200
563300
581200
582900
608800
612300
614200
624600
629800
632000
657300
670900
673300
675200
680400
687100
701800
713600
715600
738100
739900
756700
768300
788600
790400
792300
799200
810500
832600
847100
855000
862800
864500
890600
901400
903300
926900
935000
937000
955800
957800
976200
999900
1002100
# OFFOEL
# duration (msec): 1000
# repetition number: 81
3900
5600
7400
11400
21900
23600
28300
35000
44300
49500
58100
64900
72700
78100
80300
84100
90000
91800
102600
125900
134900
142900
144500
146300
155200
179100
188200
196900
206400
208800
215800
217800
228600
252200
257200
266300
282700
284500
297100
299800
302500
310100
334500
340600
350200
359000
360800
366100
368000
383700
394600
396300
402200
415700
425300
427100
448600
453900
458900
460700
471700
477600
479300
487200
493800
495800
501000
526800
535700
545900
552800
554600
557100
561100
562900
581400
583400
608500
612100
614500
623800
630500
632700
657000
669600
672900
679900
687500
701800
713600
715500
720700
738000
739800
741600
756300
767200
788600
790400
792400
799500
810500
826000
833000
846800
854900
856800
863000
865500
890600
901300
903100
926400
933500
936700
955500
957400
964600
970800
976400
999500
1001400
# OFFOEL
# duration (msec): 1000
# repetition number: 82
4000
5800
11200
21700
23400
34300
43900
49100
57200
65000
72600
77900
80200
85000
90300
102400
126200
134100
142500
144200
146000
178900
196900
207200
211500
215900
217600
242100
257700
266700
282800
284700
297100
302400
334300
341000
343700
349900
359000
360800
366500
368700
383900
394200
395900
397700
402000
415700
425300
427100
438000
453400
455500
459100
461100
471500
477300
479100
486200
494300
501300
526900
534800
546100
551900
553900
555700
561400
563400
581300
583400
588200
604400
610300
612900
614700
624500
630300
657200
669600
672500
674900
679800
681900
687700
702000
714000
715800
721100
726600
738100
740000
756300
788400
790200
792500
798800
810800
832100
846500
848900
855000
856800
862800
864800
890500
901500
926600
935700
937700
955400
957400
965100
976100
999800
1002100
1412300
# OFFOEL
# duration (msec): 1000
# repetition number: 83
3900
5700
11300
17700
22200
24100
35000
44900
49600
57800
67000
77500
80000
84100
90500
102400
126100
134300
142900
144600
146500
181400
196000
207300
211900
214500
216500
226100
257900
266200
283000
297500
299700
302800
304500
334300
341500
350400
359300
361100
366100
367900
394600
396300
401500
415400
417200
425300
427300
453800
459200
460900
472300
477300
479100
486800
494300
501100
526400
545800
552400
554100
555900
561300
563800
581600
583600
603100
609300
611900
613800
624900
630700
657300
659400
670100
673400
680200
687400
701700
713800
721300
729000
737900
739700
741600
756800
767700
788600
790400
792500
799500
811200
832800
846800
848800
855000
856800
862700
864500
890600
892600
901600
926500
934500
936700
955600
957600
969800
976800
999900
1002200
# OFFOEL
# duration (msec): 1000
# repetition number: 84
3900
5500
7200
11500
22100
23700
25500
27700
35300
44500
50100
57700
72100
78400
80500
84300
90500
103000
126300
142600
144300
146000
179200
197100
210200
215200
217600
241200
258400
266800
282900
297000
302200
303900
310300
334500
340800
350200
358700
360400
366500
370300
383200
394500
396200
401700
410500
415900
425200
427000
453700
458600
460400
471700
477400
479100
480900
486300
494300
501100
511500
527000
546000
548200
552400
554100
556000
561200
563300
578300
581900
587400
608700
611800
613600
624400
630300
657200
669200
672700
680000
687300
701800
713800
715600
721700
738200
740000
741800
756400
788100
789800
791700
799200
810700
826200
832800
846800
849200
855200
863300
865100
890600
892600
901600
903900
923100
927300
935800
937700
956400
958500
965600
970800
976700
999600
1001500
# OFFOEL
# duration (msec): 1000
# repetition number: 85
3900
5600
8000
12100
22300
24000
26700
34400
44600
49700
57200
59100
65400
77800
80100
84700
90300
102000
126400
134200
142800
144500
146400
155900
180500
195700
207300
211000
215600
217300
266500
283300
285500
296600
299100
302800
304800
310600
333700
340900
350100
352300
359300
361000
366700
370000
383800
395100
397000
402000
409800
415800
425100
426900
453900
458800
460600
466200
472100
477800
479500
486200
494400
501000
527100
546200
552600
554400
556200
561300
563100
581800
587900
608600
612400
614200
623700
626000
631000
657300
669400
672800
675800
680300
687100
702300
713900
715900
721400
727100
738000
739700
741600
756600
768000
788400
790200
792000
799100
801000
811100
832500
846600
848300
855000
856900
862600
864500
891000
901800
911500
926100
928200
934800
937000
956600
958400
965200
976700
999900
1002700
# OFFOEL
# duration (msec): 1000
# repetition number: 86
4100
5900
10900
22100
23900
26500
34800
44000
46000
50100
57600
65200
78200
80000
84800
90500
102800
116000
126300
133600
143200
144900
146800
155100
181400
196700
206400
211300
215900
217700
243600
257200
266500
283000
296800
299800
303000
309700
331700
335900
340500
342900
350400
359300
361200
366300
368300
383900
394600
396400
402200
415500
417500
425500
427300
453100
455300
458900
460700
473200
477500
479200
481400
486600
494000
496200
501500
535300
546000
552000
553800
555600
561200
563200
581600
583500
588400
603200
609500
612200
614100
624600
629900
632200
656800
669600
673000
675400
680200
686500
689100
702100
713600
715500
727400
738100
740000
741900
757200
768300
788300
790100
791900
799300
810600
825900
832500
847000
855100
857200
863300
865400
891100
901600
926500
935900
937700
956300
958600
966400
970500
977100
999900
# OFFOEL
# duration (msec): 1000
# repetition number: 87
4100
5800
11700
22200
23900
34400
44400
49000
57800
65600
77600
79700
84500
90900
102000
126300
133100
142800
144500
146600
155700
180500
185800
196700
207000
211800
215900
217700
256900
266700
282700
284600
297800
302300
304500
309600
333900
341000
350300
359500
361800
366600
368700
383800
394700
396400
401600
415500
417400
425300
427100
447100
453800
459000
460800
472000
477600
479400
486000
494400
527300
546000
552300
554100
555900
561300
563300
581900
592000
609200
612000
614200
624300
630500
632300
657500
669000
672500
675400
680000
687000
702200
713600
715400
738000
739800
741600
756600
788400
790100
798700
810600
833000
847200
855100
862800
864700
890600
902000
926700
935800
937500
955900
958200
965300
976500
1000200
# OFFOEL
# duration (msec): 1000
# repetition number: 88
4100
5700
7700
11400
17600
22200
24000
28300
36200
44000
49600
58000
65300
77600
79400
84700
90500
101900
126000
133400
143000
144700
146400
155600
179900
186200
196200
198600
210700
214900
216900
241900
256900
266800
282800
297500
302300
304300
309400
331500
340700
344000
350200
359200
361000
366500
368300
386900
394500
396200
401700
415300
417100
425300
427100
453700
458800
460700
466100
473200
477500
479300
486200
494000
501100
526000
535100
545800
547800
552800
554500
556400
561500
563300
581800
587700
593100
607900
610300
612900
624400
626900
630100
657700
669200
672600
674600
679900
681800
688800
701900
714300
716200
721500
738100
739900
741800
756700
767700
788600
790400
798500
810600
820500
832200
846700
849500
855400
862600
864900
890900
901600
903600
922300
927000
935900
937900
955900
957800
964700
971800
976800
999900
1001600
# OFFOEL
# duration (msec): 1000
# repetition number: 89
4100
5800
7900
11400
21900
23600
35000
43800
48900
58100
65500
77800
79500
84600
90100
92000
103600
126000
133700
142900
144700
146600
156000
181300
196700
207700
212600
215800
241400
252300
266700
282700
284700
297000
303000
335500
341400
350300
359200
361000
366100
367900
384000
394700
396500
401400
415600
417600
425100
427000
453900
458900
460700
466400
472400
477400
479200
486200
494300
500700
526700
535300
546000
552300
554000
555800
561400
581500
588200
593500
609300
612300
614100
624200
631000
657000
669700
674000
680100
687100
702000
713800
715600
727000
738200
740000
742000
756900
767700
788100
790000
791800
798800
801700
810900
826100
833100
846600
848700
854900
856800
863700
865700
890700
901700
926300
936300
938300
955300
957300
970600
976700
999700
1001800
# OFFOEL
# duration (msec): 1000
# repetition number: 90
4100
5800
8100
11900
17900
22300
24000
35600
44100
49200
57700
59500
65000
77000
78800
81100
84000
90000
91800
102100
126600
135000
143200
145000
155000
180100
196900
206300
210200
215100
217000
241700
257000
267000
282500
284500
297100
302500
310000
335900
340700
342900
350200
352300
359200
361000
366500
369400
384300
394700
396600
403000
415500
417600
425100
427000
453400
455300
458900
460700
471700
477500
479300
486200
494100
496200
500900
534000
545600
552300
554100
555900
561400
581600
587900
608500
611600
613600
624900
630800
632900
657500
669200
672500
674600
679900
687600
702500
713700
715500
722600
727800
738200
740000
742300
756700
787500
789300
791000
800200
811100
826500
833300
846700
848500
855000
856900
862800
864600
891200
901000
902900
926800
936000
937700
955700
957700
965800
976500
999600
1001700
# OFFOEL
# duration (msec): 1000
# repetition number: 91
4000
5800
11000
13300
22000
24100
27600
34500
37900
44300
51100
57400
59700
65600
78500
84600
90300
102100
126500
142600
144300
146200
155300
179500
196900
206200
210900
215600
217500
224600
240900
252400
257900
267000
278100
283200
297200
302000
304400
310000
334000
340500
350000
359100
360900
366400
368300
384700
394600
396400
401300
410800
415900
425300
427200
453600
458900
460700
471700
477400
479200
485900
494400
501300
527100
534700
546000
552500
554300
556200
561300
563700
581700
583600
603500
609400
612300
614200
624200
630400
657400
669500
673000
675300
679900
681700
688100
702200
714100
716300
721400
728000
738000
739700
741500
756700
767800
788500
790200
792300
798600
800900
810600
832600
846900
849600
854900
862700
864800
890700
892900
901600
903400
926800
928700
936200
938200
956100
958200
964500
971200
976400
999800
# OFFOEL
# duration (msec): 1000
# repetition number: 92
4100
5900
12400
22200
24000
27000
35300
44100
49100
57700
65100
77600
79300
85000
90400
102900
126500
133900
143100
144700
155700
179000
185600
198300
206400
208900
215400
217400
226600
241100
257600
266700
282900
285000
297400
302300
309900
334500
340900
350100
359400
366300
368400
384100
394500
396300
401800
410400
415500
418200
425300
427100
453600
459000
460800
471700
477300
479000
481000
486300
494100
496100
500900
526800
546300
552300
554100
556000
560900
563100
581800
608500
612000
613800
624700
630100
657900
669400
673500
680000
682300
687500
701800
714100
716300
720600
737900
739700
741500
756400
768400
788100
789900
798500
810700
826300
833000
846900
855100
857100
863000
865000
891000
901000
902800
926900
935600
937500
956000
957800
964900
971000
976600
999700
1002300
# OFFOEL
# duration (msec): 1000
# repetition number: 93
4000
5800
7700
11800
22200
24300
26900
35200
38900
44600
49500
58600
78100
79900
84400
90600
103300
125900
134400
142900
144600
155700
179400
197400
207900
214000
215900
218300
257600
266800
283100
297500
302600
310700
334300
341200
344100
350400
359300
361300
366400
368300
384400
394900
396600
402400
415500
425400
427200
454100
459200
461000
471900
477900
479600
485900
494500
501100
527400
546500
552300
554000
555800
561100
563200
581800
588000
604300
609900
612700
615100
624200
630600
632600
656900
670300
673700
679800
681800
687600
702000
713800
715700
721700
738100
740000
756600
767900
788200
790000
791900
799100
810900
826800
832900
847000
848900
855400
863300
865000
880400
890400
901500
903700
926400
935600
937500
956300
958600
964500
976400
999800
1001900
# OFFOEL
# duration (msec): 1000
# repetition number: 94
4000
5700
11200
13300
22200
24000
34900
44200
49100
58000
67100
77500
79200
84100
90600
102600
125600
133800
142800
144500
146200
156000
181600
196500
207100
211400
214900
217100
252900
266800
282700
284400
297900
302300
304100
309600
333400
341500
343900
350400
359600
366400
370600
384100
394600
396400
402000
410100
415700
425300
427100
454000
458900
460700
471900
477500
479300
481200
486400
494700
501100
527200
546100
552200
554000
555800
561200
581700
593600
608300
612900
615000
623700
626000
630100
632100
656800
669900
672800
675100
680300
687200
702700
713800
716700
727000
738100
739900
742000
756500
768200
788400
790200
792400
798700
811000
826600
832600
847000
849100
854800
856700
863500
890500
901300
903200
926600
935300
937500
955700
958000
970100
977100
1000000
1001900
# OFFOEL
# duration (msec): 1000
# repetition number: 95
4100
5800
9900
12800
22700
24500
34800
44100
48500
58200
65300
77600
79400
85200
90200
102800
125800
142900
144600
146400
155600
181100
196600
207100
214500
216400
241100
253100
257800
266600
282900
297200
302300
304700
334300
341000
344600
350400
359500
361200
366400
368300
371700
386100
394700
396500
401500
415500
417300
425400
427200
433400
453400
459000
460700
466300
472600
477600
479400
486000
494100
496000
501300
527100
545700
547400
552900
554700
556600
561200
563500
581800
583800
588300
608200
611700
613700
624500
629400
631300
657200
669200
673100
680100
681900
687600
702300
713700
715500
727300
737900
739700
741400
756400
768300
788500
790300
792200
799200
811000
826500
832900
847000
849900
855000
857400
863300
890300
892100
901600
926300
935600
937400
955700
958200
964900
970800
976500
999800
# OFFOEL
# duration (msec): 1000
# repetition number: 96
3900
5700
11600
22000
23700
25400
34200
44200
46600
49500
57300
59500
65000
78100
79900
84300
90100
92000
102500
126100
132900
143000
144800
155100
185700
197200
206400
211300
215600
217400
242400
257800
266900
282800
297300
302400
304300
309400
333800
341100
344100
350200
359300
361200
366200
368000
384400
394400
396100
398000
415700
417500
425200
426900
453600
459300
461000
472000
477500
479200
486300
494200
500800
526800
534400
546000
552400
554200
556000
561100
563300
581700
592600
608900
612200
614500
624500
630200
657200
668500
671700
674300
680100
687300
702100
713500
715300
720900
738100
739800
741700
756400
768000
788200
790000
798600
810700
820800
832900
846700
848600
855100
857000
863600
866400
890800
901200
903300
926900
934300
936400
938300
956000
958200
969900
976400
1000000
# OFFOEL
# duration (msec): 1000
# repetition number: 97
4200
6000
11900
21500
23100
25000
34300
37400
44000
46200
58000
60100
65400
77600
79400
84600
90300
92100
102900
126000
134000
142900
144700
146600
156000
180300
196800
207400
210200
212300
216100
253800
266600
282900
285200
297000
298800
303000
325300
334300
341100
344300
350200
359200
361100
366400
368400
370700
384300
394700
396500
401800
410300
415800
425400
427400
453300
455500
459200
460900
471900
477600
479400
485700
487600
494200
496100
501300
527400
535500
546300
552300
554000
555800
561300
563100
581700
583700
588500
608700
612000
614000
624700
630600
657100
670500
673100
675000
680300
687900
702500
713800
715600
721900
738100
740000
741800
756500
774700
788300
790100
792000
799000
811000
832700
847000
848900
855400
863300
865200
890900
901700
926600
936200
938200
955700
957800
976500
1000000
# OFFOEL
# duration (msec): 1000
# repetition number: 98
4000
5700
7600
11300
22200
23900
26700
36500
44500
49500
57900
65800
78100
80100
84900
90400
102800
126500
132800
142900
144500
146400
180600
186800
197600
207200
210100
215200
216900
225300
242000
257400
266200
283000
297300
299600
302900
309800
335200
341900
350200
352300
359300
361100
366600
384900
394700
396400
401500
415600
417600
425500
453800
459000
460800
472100
477500
479300
486100
494000
496000
500900
526700
535400
546100
552200
554000
555800
561200
563100
581300
583000
608600
612600
624900
631100
657300
669500
672500
675000
680000
681800
688200
702000
713800
715900
727200
738000
739800
741600
757000
768000
788300
790000
791800
799400
811000
833000
846500
855200
863100
865400
890900
901900
926700
933800
936500
938300
955800
957600
965800
976400
999900
1002100
