# OFFOEL
# duration (msec): 1000
# repetition number: 1
4500
8100
19000
33300
37400
43300
47100
50500
54400
62600
99700
132100
135300
137600
140200
142900
145100
147300
152000
180200
187700
191900
213500
219000
223900
227800
229900
233500
239000
296000
299400
301800
303900
306100
308400
310900
313400
315600
343300
347300
349300
352200
354400
356300
359000
361100
364500
368300
384500
393700
425400
430100
433400
437000
440100
442600
446800
478700
495300
504800
507800
510000
512800
515700
520100
559700
597100
601800
604100
606400
608700
610700
613200
615400
617800
620000
623700
661700
664000
666000
668200
670200
672200
674100
675900
678000
679900
681900
684200
686100
690300
720600
723700
729100
732600
782000
791700
798500
801400
804900
808200
812000
815900
884800
889000
891700
894200
898400
940800
982600
987400
# OFFOEL
# duration (msec): 1000
# repetition number: 2
4600
6700
26500
37600
42100
45500
48600
51200
55100
132100
135600
138500
140700
143100
145600
149500
182000
189600
193100
199200
212000
218400
222400
225600
228600
233500
296200
300300
302500
304300
306400
308800
310800
312800
316300
341900
345500
348000
350000
352100
354400
357000
359200
363000
366600
380300
393500
426100
430400
432800
435200
437200
440500
444900
481700
497200
502300
505600
509400
512000
514000
518300
554800
559900
599900
602800
605700
608000
610000
612000
614300
616500
619900
623800
660500
663800
665900
667800
669600
671500
673400
675200
677100
679000
681500
684100
687300
720200
724300
774900
791600
795300
797900
801500
806800
809700
816400
885900
888900
891500
895300
938700
943600
983800
987900
993100
# OFFOEL
# duration (msec): 1000
# repetition number: 3
4400
6200
8400
25000
33800
39300
41600
45600
50800
53200
55900
90100
132900
136500
139000
140900
143200
145200
147100
151000
153500
156600
182500
185600
192800
214000
219200
222700
226400
230200
232900
237300
297200
300600
303500
305500
307300
309300
311300
313400
316400
343200
344500
346300
349000
352200
354400
356400
358900
361800
364600
367600
378200
385700
390600
424400
429100
433700
436200
438300
440600
444000
446400
486200
496800
504600
507600
512000
514300
516400
519400
556800
561500
598200
602300
604700
607100
609400
611500
613400
615500
617900
621900
658000
663500
665400
667100
669100
671000
673100
675200
677300
679600
681700
683700
686100
690300
719400
722400
726400
732600
775600
782000
788800
793600
797800
801100
804000
806400
809600
814300
883400
886600
889000
892000
896900
939100
942900
980100
983200
986600
# OFFOEL
# duration (msec): 1000
# repetition number: 4
4600
6400
21300
33200
40600
42800
46200
50600
54000
57100
95000
131400
135000
138200
140800
142700
145000
147200
150300
172900
184500
186900
191700
199800
218200
222200
225800
228300
230700
235700
241500
295000
298800
301000
303900
306600
309500
311800
314000
318000
342100
346300
349600
351600
354000
355900
358100
360900
363200
367000
375700
391900
424300
429700
432700
436600
440000
442200
449700
483400
497000
502400
507000
510100
512800
515500
519100
557900
562000
565300
599300
602800
605900
608700
610900
613300
616200
618400
621400
623800
661000
663700
665900
667900
669900
671700
673500
675300
677100
679100
681500
683800
685800
687900
691200
720200
724500
728200
731900
790700
795900
800200
803300
808800
817200
884400
888400
891500
894400
896900
940200
982600
986700
993400
# OFFOEL
# duration (msec): 1000
# repetition number: 5
4300
8700
18100
32300
38500
43100
45900
49200
52100
57800
133600
135800
137800
139900
142300
144700
146900
149500
152200
181700
184700
188700
196100
218400
222100
225100
228500
231400
238200
296500
299200
301500
303600
305800
308200
310300
313500
315800
319700
343300
346500
348300
350400
352600
354700
356700
360300
363700
367500
375900
391300
427600
431500
434300
436300
438400
440800
443500
450900
478800
499300
502800
506400
508800
512000
515400
518300
523200
556000
562200
600400
603100
605400
607800
609800
611700
613900
616100
619300
661800
663900
665700
667700
669600
671500
673500
675400
677300
679200
681500
683600
686000
688300
720000
722800
727000
729500
785800
794800
798600
802300
805600
808100
810700
884100
887300
890400
893600
938900
983300
990000
# OFFOEL
# duration (msec): 1000
# repetition number: 6
4800
7400
15900
28200
37300
40700
44400
51200
55000
132100
134800
137200
140400
142700
144900
147000
149500
182800
187100
190600
208900
215300
219600
223700
226100
230500
233300
237100
296400
299100
301600
304300
306500
308800
310800
312600
314700
320700
344200
347100
349200
351500
353600
355500
357300
359200
363500
368300
376000
388500
393400
425200
429100
431600
434000
436200
438400
440700
443100
447500
487200
497600
502300
506100
509800
512600
514700
517500
557500
561200
597700
602200
604900
607200
609200
611100
613100
616000
618800
621200
624500
661300
663500
665400
667200
669100
670900
672700
674700
677100
679200
681300
683300
685400
687400
689700
719200
723200
728400
731200
790800
794400
797600
802300
805800
809800
816500
884300
888000
891300
895300
939900
981300
986300
989100
# OFFOEL
# duration (msec): 1000
# repetition number: 7
4700
6600
8900
24600
31700
36800
41400
44900
48600
52300
55100
131800
134400
137200
139300
141500
143400
145200
147500
151700
179900
186100
193200
198900
210300
216800
220300
223900
227300
231100
234500
238400
296200
298600
300900
303700
305800
307500
309600
311500
314700
318400
342100
345300
347500
350200
352300
354500
356800
359400
361500
364700
370300
380400
393000
421800
428800
431900
434000
436600
439100
442000
448300
466100
491300
496100
502500
504900
509700
512000
514500
517600
523400
558400
564600
599200
602900
605200
607400
609600
612000
613900
616600
618700
621000
626700
662100
665000
667000
668800
670700
672700
674500
676500
678900
681000
683200
685200
687400
721400
725300
728200
780800
793100
800600
804200
806600
809800
883800
888100
891900
897000
937800
945100
983400
989400
2254400
# OFFOEL
# duration (msec): 1000
# repetition number: 8
4500
6900
23700
28600
34700
40900
43900
49100
51500
56400
58700
130900
135300
138000
140200
142100
144200
146900
149300
182100
187100
192300
201800
215000
219700
225700
227900
233300
236200
294400
297800
300200
302500
304800
307200
309100
311400
313500
316600
339700
345500
348600
351400
353500
356700
359400
363500
368400
385000
392200
424900
429500
431900
433800
436100
439100
441600
444700
447600
480800
499300
505200
509000
512600
515700
518300
521500
556200
565800
598600
602200
604700
606900
609000
611200
613200
616000
618700
621200
661000
664100
666100
667900
669800
671700
673700
675600
677500
679700
682200
684300
686700
689500
720200
724300
727500
730700
785800
793000
798200
801700
804600
807500
812900
818000
884100
887600
890800
897300
943200
980700
985000
989400
# OFFOEL
# duration (msec): 1000
# repetition number: 9
4400
6800
17000
24700
35100
39300
44000
46800
50100
52900
55100
61800
131500
135400
138100
140500
142300
144700
147300
150100
152500
185700
188300
191000
213800
220400
224700
228700
232400
234500
295600
298400
300600
303400
305400
307300
309300
311100
313600
315900
341300
345500
348100
350300
352300
354500
356600
358700
361100
363600
369700
380000
387700
396000
428400
430900
433500
435500
437900
440500
442700
446900
480100
494400
499600
502400
506800
510100
513000
515800
558000
565500
597400
600900
603500
605600
607600
610000
612300
614500
616800
620300
662300
664500
667100
669200
671000
673000
675000
676800
678800
680900
682900
684900
687500
690400
718800
723400
732300
779600
792200
795200
798600
803700
806700
810600
885200
888800
891700
895600
943300
983700
987000
996600
# OFFOEL
# duration (msec): 1000
# repetition number: 10
4700
6800
13200
28500
37600
40600
44200
47800
52800
55800
59200
131800
135700
137800
141000
142900
144900
146800
148500
154500
181900
185400
189500
193700
214900
221000
224400
228500
233500
236200
247300
293100
298500
301600
303600
305900
308100
310600
313100
317000
322300
339800
345000
347500
350100
352500
354700
356700
359600
362100
373300
391400
400500
428800
432300
435400
437800
440900
443100
473700
497000
503400
506800
510000
512800
516000
518400
556900
563600
598900
602000
604400
606400
608600
610500
612400
614400
616400
619900
661400
664300
666200
667900
669700
671600
673500
675500
677500
679700
681900
684100
686300
688800
719500
725500
728900
777400
792800
796300
799600
804000
807000
810600
886600
890100
893700
895900
943900
983400
986100
990500
998000
# OFFOEL
# duration (msec): 1000
# repetition number: 11
4500
8700
16600
26100
36200
41200
44300
46600
50700
65000
132700
135900
138800
141200
143500
145700
148200
152300
180700
184600
191200
196400
215300
220100
223100
226400
229600
232600
236500
295000
298500
301000
303300
305300
307400
309300
311300
315000
343200
346000
349200
351800
354200
357100
359800
362900
365900
380100
392900
425600
429000
431900
433900
436100
439000
442100
445200
476800
501300
505400
508600
511300
513700
517000
520800
556800
561300
598500
603100
606100
608100
610200
612800
614800
617400
624400
662100
664100
666300
668200
669900
671700
673500
675500
677400
680000
682400
684400
686600
688900
720500
725100
731300
734200
785600
793600
797400
800400
803100
805600
807700
811300
885500
888300
891200
894000
939000
985700
988200
992700
# OFFOEL
# duration (msec): 1000
# repetition number: 12
5700
8800
31000
36800
39400
44600
48200
50700
55200
57700
97900
134700
136800
139100
142900
144900
147300
152200
181500
185800
190900
218800
223000
227900
231100
233000
235600
296200
300000
302400
304700
306800
309000
311600
314500
318000
343200
348100
350900
353200
355200
357500
360600
363600
366500
381800
391000
426300
429700
433600
435800
438200
440600
443300
446300
482900
497200
505400
508700
512200
515800
518800
557900
561600
598600
603100
605400
607400
610000
612900
614900
617800
622400
661800
664000
665800
667500
669200
671100
673000
674900
677000
679700
682000
684300
686400
719800
724300
728700
775900
793100
798300
801600
806000
810800
815200
883400
887100
889700
893500
897900
941500
980900
985600
988800
# OFFOEL
# duration (msec): 1000
# repetition number: 13
4700
7000
12600
30200
34800
38300
45800
49600
52300
55300
132900
135800
138400
140500
142700
144700
147700
149800
153800
180000
185500
192300
199000
216900
221200
224300
227500
230800
235600
240400
296800
300200
302200
304400
306900
309200
311400
313900
318000
341700
344700
347000
349100
351600
355000
356900
358900
361100
366100
373500
388600
396800
426000
429900
432500
435100
438800
441500
445900
451100
472500
498700
505000
508400
511700
515000
517700
523000
557400
561100
568300
599600
603000
605000
607900
609800
611600
613500
616300
620000
626800
661900
664200
666400
668500
670300
672100
673900
676300
678900
681000
683300
686000
689200
693100
720500
725100
728200
777400
791200
795500
798900
802300
805300
809700
886300
888500
891900
894600
937800
942400
980600
983800
991300
# OFFOEL
# duration (msec): 1000
# repetition number: 14
4500
9300
33100
37100
40200
44200
48100
51500
54200
57600
64600
131400
134900
137000
138900
140800
142700
145400
148500
151900
180900
185900
190600
195000
213200
218800
223900
226500
229200
232000
236200
242100
296200
299400
301600
304000
306100
308100
310300
312300
314200
318400
344600
347700
349800
352200
354800
357100
359100
361400
364700
368200
387800
397700
423600
427300
431800
435000
437000
439300
442800
475500
493400
503700
506600
510100
513100
517000
519700
523000
558800
564400
600200
603200
605400
608100
610100
612200
614600
617700
619800
661200
664300
666400
668200
670000
671700
673600
675400
677700
680000
682200
684200
686600
720300
724200
781600
794400
798800
802400
805300
808300
816200
883800
887100
890200
892100
895100
941300
982700
985800
989900
# OFFOEL
# duration (msec): 1000
# repetition number: 15
4500
6400
29400
37300
40600
43900
46900
51400
56700
93500
130400
134900
137800
139800
142000
145300
147500
149900
182600
187600
204900
216500
220200
224200
227100
230300
234300
237000
240200
297300
300900
302900
305100
307200
309400
311400
313300
316300
341600
344500
348900
351200
353500
356500
358700
361500
364400
369800
381400
387200
391200
425800
430100
432200
434700
438300
440500
454000
489900
500600
505200
509100
512200
515200
519300
559500
566800
599600
602800
605000
607600
610400
612700
615000
617700
621200
661700
664000
666000
668000
670100
671900
674000
676000
677900
680100
682800
684900
687100
721100
725500
730100
782700
792000
797600
800500
804600
807500
811400
816000
885100
888400
890600
895500
938100
944000
982200
987900
992000
# OFFOEL
# duration (msec): 1000
# repetition number: 16
4100
7400
18500
30400
34700
38700
45400
48200
52100
55400
130900
135500
138000
140300
142700
145300
147400
150600
153600
182100
186800
193200
198300
214200
219300
222300
225700
228800
232000
235200
238800
294000
298100
300200
302200
304800
307200
309500
312300
314500
320100
339800
343300
347300
349700
352500
354700
357700
360100
362100
365900
369800
383600
392500
423800
427700
431400
434900
438100
441500
444100
449300
488200
500500
504700
508500
512100
514500
517700
521100
527000
560800
567600
598100
601800
604300
606900
609500
611800
613700
616200
618600
621900
660300
663400
665900
667800
669500
671400
673300
675100
677100
679100
681400
683600
685800
688500
691400
720000
725600
729800
787800
793100
798400
801500
803800
807700
810000
886200
888800
890600
936200
941500
982500
986700
993000
# OFFOEL
# duration (msec): 1000
# repetition number: 17
4200
7900
27700
33900
42300
45000
47500
50600
54300
59600
96600
130500
135100
137700
139800
142000
144000
145900
148000
151800
182600
185900
189600
194100
212100
218900
222100
225700
228100
231700
234300
238100
247800
295900
298800
301400
304300
306200
308400
310800
313600
316200
341100
345300
348800
351300
353700
355800
358900
361000
363600
366400
378600
391600
428000
431300
433700
435800
438700
441100
444600
449700
480600
489700
495800
500100
504500
508700
511300
513900
517500
519900
558200
564300
571400
598500
601600
604400
607200
609400
611400
613300
615700
619100
622900
660200
662500
664700
666900
668800
670600
672600
674500
676400
679100
681400
683700
685700
690500
714100
723500
729500
736800
785900
792200
795000
799500
803400
806400
809500
885900
888200
890900
893400
899000
982200
985500
991500
# OFFOEL
# duration (msec): 1000
# repetition number: 18
4600
10100
17600
36200
41400
44200
46700
49500
51500
54900
131000
135200
137900
140400
142400
144600
147000
150100
152500
184600
188200
192800
217400
221600
224100
229400
232000
235400
297500
300000
302300
304400
306600
308800
310800
313100
315100
342200
348400
350500
352300
354200
356800
358800
362100
365200
369100
381600
388500
426000
429800
433300
436400
438700
441200
444600
479300
493800
501000
504600
507200
509800
514100
516400
519500
557200
561500
571700
599000
601700
604000
606500
608500
611200
613300
615400
617600
621700
662500
665100
667100
669000
670800
672600
675100
677300
679400
681600
683500
685800
688200
719500
724600
729600
765200
782400
789800
797500
801100
803900
806400
810300
883500
887900
891200
893700
939000
981800
985500
995100
# OFFOEL
# duration (msec): 1000
# repetition number: 19
4500
7400
19200
30400
37400
41000
43900
48500
54300
57200
132500
134800
138000
140800
142900
145200
147300
150800
157900
182500
186300
188900
193800
214800
220000
225600
228100
230800
233700
236800
295000
298800
300800
303000
305600
307600
309600
311500
315600
319900
341300
345400
348200
350500
353200
355600
358200
360800
363300
366600
381600
387100
395800
425200
429100
432100
435100
437600
440200
442200
445600
482300
494000
501600
505100
507500
510000
513400
516900
519500
556100
566000
598800
601400
604100
606800
609200
611500
613600
615800
618200
620500
662000
664100
666100
667800
669600
671300
673100
674900
677100
679100
681200
683400
686200
688700
720400
724800
728700
778900
789900
796100
799500
802900
807300
809700
883300
886900
889300
894100
897600
937500
982100
987200
990100
# OFFOEL
# duration (msec): 1000
# repetition number: 20
5200
11900
25500
33100
38000
41200
44800
48300
52200
56400
60200
130800
135300
137300
139300
141500
143400
146100
148500
150800
181900
187400
191800
196900
214100
219600
223000
225600
228000
231900
235700
239400
295000
298400
300900
303000
305200
307000
309200
311100
313100
315700
340300
343900
348000
350300
352400
354600
356900
359500
361500
363700
367800
374900
386200
399600
427800
431100
433700
435800
438000
440700
443200
448900
481200
500800
505400
509700
512900
516100
518400
520700
525000
560300
569100
599400
603900
606300
608300
610300
612300
614800
616900
619400
624000
660800
663000
664800
666800
668700
670500
672500
674400
676300
678300
680100
682100
684700
687000
690700
717500
722300
725400
728100
731200
780600
788300
795600
799000
801600
805400
809100
815700
883400
886600
889200
892200
897600
939700
984500
990800
# OFFOEL
# duration (msec): 1000
# repetition number: 21
4600
10100
33400
38800
41400
45500
48200
52000
56000
131300
135100
138000
140500
142700
144700
147500
149800
180900
186300
190600
207300
219400
222400
225600
227800
231000
233700
236400
242900
296800
300800
303000
304800
306800
308800
311000
313200
316000
344600
347400
349500
351800
353800
355700
357800
360800
362900
366900
382100
390600
424100
428100
431800
434200
436600
441000
444000
447500
482600
493900
506100
509200
511600
513700
516700
518800
556400
562500
570600
599400
602200
604200
606300
608800
611100
613100
615000
617500
620100
659400
663000
664900
666700
668500
670300
672000
674300
676300
678200
680100
682400
684700
687200
689800
719400
725500
729000
791000
795900
802300
804300
806400
811000
884200
887600
890800
893300
896300
943600
982500
986900
992100
# OFFOEL
# duration (msec): 1000
# repetition number: 22
4300
9100
18800
32400
38400
43100
46500
49600
53900
57000
130500
133600
136300
138800
141400
143700
145900
148800
151600
181400
186700
190600
195200
215100
220100
223800
226900
229900
233100
235900
296900
300100
302300
305000
307000
308800
310700
312500
315300
343400
346800
349200
351700
353700
356400
359000
361300
365000
373100
386800
397000
423700
427800
431400
434400
436800
438600
441600
444400
482300
494800
502200
505600
509400
512900
517000
521500
559200
568300
599700
601900
605100
607000
609400
611600
613500
615600
617900
620900
625500
659400
662700
665400
667300
669000
670700
672600
674500
676700
678800
681400
683400
685700
688000
691600
718300
724200
727400
730500
784200
792600
796100
800600
802800
805100
809500
815500
884400
887600
889900
892900
895800
937700
942500
982500
985600
990200
# OFFOEL
# duration (msec): 1000
# repetition number: 23
4800
8700
31000
38700
42900
47500
50600
53500
58400
132400
136600
138500
140600
142500
144400
146300
151000
183900
188300
193400
197200
211400
217200
221700
225100
229100
231100
234500
297400
300000
302100
304600
306700
309000
311400
313800
318200
343300
346200
348800
351300
353300
355200
357900
361000
363600
370800
383700
424800
427700
430400
433100
435700
439100
441700
479600
496700
504700
510200
512600
515100
518300
521000
559500
566700
599500
603400
605600
607900
609900
612000
614000
616700
619500
661300
664500
666500
668300
670100
671900
673800
676300
678300
680400
682600
684700
687000
719100
725100
730200
780100
790600
797100
801100
803500
807800
810800
883400
889000
892200
894800
938900
978700
984400
990900
# OFFOEL
# duration (msec): 1000
# repetition number: 24
4500
8300
26900
33500
35800
41700
45700
51400
55800
59200
129900
134500
136900
139000
141200
143200
145400
147300
149200
183200
187500
191900
196500
215500
220600
224500
226900
230800
233700
243900
294300
298000
301400
303900
306100
308300
310200
312500
315000
317100
342600
346400
349000
351000
353200
355400
357500
360000
362800
365400
368000
387000
392000
426900
429800
432900
435600
437800
440600
443900
446400
491300
499900
503600
508900
511300
513800
516900
521100
559800
566000
596700
601200
604100
606100
608300
610200
612200
614400
617000
619600
661000
664300
666600
668600
670400
672600
674400
676400
678300
680400
682400
684700
686900
690000
717900
725000
727600
776400
787200
796100
799200
802800
806200
809200
812900
886200
889900
892600
896800
940600
982100
986200
995800
# OFFOEL
# duration (msec): 1000
# repetition number: 25
4200
6200
8900
26700
38100
40900
42800
47300
50900
54000
59400
132100
134300
136700
140600
143200
145300
147500
150100
152500
183100
186400
196000
214700
220000
225000
227700
230800
232800
235800
296500
299300
301600
304200
306200
308100
310300
312300
314500
343900
347200
349300
351700
353600
355400
357600
360300
363200
366300
371800
385100
392500
415900
426000
430200
432600
435100
438100
440600
443300
446500
487200
503000
507700
510800
515100
518800
559900
564200
599500
603100
605100
607500
609600
611900
614000
616200
620600
624300
661900
664600
666400
668200
670000
671900
673900
675900
678500
680400
682400
684500
687000
689300
718900
722500
726700
736000
772900
792000
796200
799500
802400
805000
807900
819600
882400
888500
891800
895100
941900
982600
989200
# OFFOEL
# duration (msec): 1000
# repetition number: 26
4600
6500
21600
34400
40800
44400
49600
51700
54500
59500
130600
134700
138000
140100
142400
144400
146300
148800
150900
154300
181900
186900
190000
192600
216400
220100
223900
225900
228300
232500
239700
247000
293800
298600
300800
303600
305600
307900
310200
312300
316800
342300
346200
348700
350900
353000
354800
356800
359200
361400
363400
367200
391400
425300
429100
431500
434500
437200
441100
445900
492900
499500
503900
509400
512000
516900
519600
559900
564400
599300
603300
606000
607800
609700
611800
613800
616100
619900
661400
663600
665600
667500
669500
671500
673400
675400
677300
679300
681200
683400
685600
687700
718900
723400
727300
730800
788200
793100
798600
801600
804100
806600
810700
884300
889100
891400
894200
896900
942400
984000
987700
993400
2589200
# OFFOEL
# duration (msec): 1000
# repetition number: 27
4300
6900
14800
26500
35900
38500
42300
46400
50000
53800
57400
61300
131100
133900
137500
139900
142300
144200
146500
149100
152700
180600
185200
188800
193100
218200
220900
224700
226900
230300
235500
246700
295600
299000
302300
304700
307100
309300
312300
315100
320000
342800
345700
348700
350600
352600
354900
356700
359100
362000
365400
377300
386800
423300
429900
432200
435700
437800
440400
442700
446200
476600
497400
503700
507300
511200
513500
515500
519200
525500
560700
569300
599000
601600
604100
606200
608200
610300
612500
614500
617800
620000
661800
663800
665600
667400
669300
671300
673200
675100
677000
679100
681100
683000
685200
687300
719600
724200
730000
773000
786700
789900
795500
799600
803700
805900
808900
815700
885600
888700
892000
895400
937100
980500
984700
989600
996300
# OFFOEL
# duration (msec): 1000
# repetition number: 28
4400
6600
12500
26800
40300
44200
47600
51200
54500
56600
59900
130100
135400
137800
139800
142100
144100
146100
150100
159800
181500
187500
192700
213500
218400
222600
224700
227900
229900
231800
234700
296000
299800
302400
304400
306200
308200
310200
312300
314500
342400
346100
348600
350800
353000
354900
357000
359700
361900
364800
372700
376600
389600
424700
429400
432600
434600
437000
439400
442100
445400
490900
498800
504300
507900
511800
514600
516900
519500
551400
558400
564700
599600
602200
604500
606600
608700
610600
612400
614300
616300
618200
621900
661500
664500
666400
668200
670000
671900
673900
675800
677800
680000
682200
684600
686700
719400
723600
729600
784900
792300
797700
800600
804300
807300
811200
883500
887400
889700
892800
896500
940100
943700
982600
988100
994800
# OFFOEL
# duration (msec): 1000
# repetition number: 29
4500
7300
35000
38900
44400
48500
51800
57500
64700
132900
136500
138900
141800
143700
146000
148200
150100
154400
182400
185800
192000
196700
209500
219000
222500
225900
228700
231300
234300
296700
299900
302300
304200
306700
309000
311000
314000
317500
341200
345800
348100
351000
353200
355500
357500
360400
363700
367900
371600
387100
420200
427700
430600
433000
435300
437800
440700
443600
449000
481600
496500
504900
508000
512900
515500
518600
522900
557800
563900
599300
603500
605800
608200
610400
612500
614500
617000
619800
660400
662400
664300
666700
668500
670400
672300
674300
676100
678000
679900
681900
684100
686300
689400
719300
724500
729300
733700
784400
791900
797000
800700
804600
809000
812200
885800
888900
892800
895800
937600
979200
985200
992000
# OFFOEL
# duration (msec): 1000
# repetition number: 30
4700
7200
27300
33500
36800
43100
47200
49800
51900
54200
129200
135000
137900
140900
142900
145200
147300
149200
151100
181900
185600
190600
195500
214100
222500
225600
228600
231400
233700
238800
298100
299900
301700
303800
305800
307600
311900
313900
319600
339300
344000
346600
348600
351100
353600
355900
357800
360600
362800
365600
371500
390700
426900
430300
432800
435200
437700
439600
441700
448000
498100
502900
507300
509500
512000
515700
518400
522200
553000
560300
566200
599200
602100
604500
606800
608600
610900
612900
614700
617100
620800
660500
662600
665100
667000
668900
670700
672500
674300
676600
678900
680800
682700
685300
687800
719800
724300
727000
735400
782900
796100
799400
802200
805500
810600
885300
888300
891000
894200
938100
981400
985300
989000
# OFFOEL
# duration (msec): 1000
# repetition number: 31
4400
6300
8600
35200
41900
45500
49100
53900
58100
131400
135000
138200
140000
142500
145500
148300
150500
181100
188600
193600
214800
220100
224800
228100
231100
233500
237700
249100
295300
298100
300700
303400
305600
307900
310300
313600
316300
341900
345000
348100
350500
352800
354900
357100
360000
363600
369500
384900
398600
425500
430700
433600
435900
438400
440700
442900
446000
478400
489000
500200
504400
507600
511900
515200
519000
556900
562700
598700
602300
605500
607800
609700
611700
613900
616000
618500
623500
661000
663500
665600
667800
669700
671500
673300
675300
677500
679400
681400
683500
685600
689300
720500
725500
729800
769300
790400
797300
802300
805100
807700
811500
886600
889200
891700
895400
940000
943900
984200
987900
992500
# OFFOEL
# duration (msec): 1000
# repetition number: 32
4400
6700
18600
29800
40400
45000
48200
52300
55700
132100
135000
137600
139700
141900
143800
145700
150000
152900
179800
185700
190300
197100
218800
223400
225900
228400
231600
234400
296200
299800
301800
303600
306300
308400
310400
312400
314500
343100
346300
348200
350400
352200
354600
356800
359900
362800
364900
371100
385000
402900
426100
429300
432000
435100
437100
439500
442800
477300
486800
499400
504000
508000
512900
516000
518200
522600
553800
563800
600800
604100
606600
608700
610600
612800
614700
617700
621200
625300
660900
663900
665900
667700
669700
671500
673300
675600
677600
679900
681900
684000
686100
690000
719500
724000
729100
731800
773700
791100
795500
798000
802600
805900
810200
886400
888900
891500
894400
900100
937400
982400
987400
992900
# OFFOEL
# duration (msec): 1000
# repetition number: 33
4800
6600
9900
32200
39900
42100
45100
47600
51100
53900
58100
131300
136100
138700
140700
142700
144900
147900
150800
153400
180600
184700
188800
193300
216400
221100
224400
227600
231000
234500
237800
296800
299800
302100
304000
306100
308200
310300
312600
314800
317200
344000
346400
349100
350900
353000
354900
357500
360100
362300
364900
368800
383100
393600
424800
428800
431300
434400
436600
438700
441300
445800
478700
489500
500100
505500
509600
512500
514400
519900
523500
557100
562100
599400
602400
605000
607200
609200
611300
613200
615200
617300
620900
661300
663900
666200
668100
669900
671900
674000
676000
678400
680500
682700
684700
686900
690100
722700
726200
730200
779500
792900
798700
802900
805600
808000
811500
883300
887100
890000
893200
936800
983900
987300
998000
# OFFOEL
# duration (msec): 1000
# repetition number: 34
4600
7300
18600
32300
39600
44700
48300
51000
55300
130900
135300
137400
139600
141600
144000
146500
150100
182500
187100
190100
200100
216600
223000
227000
229200
232300
236100
242300
297300
299700
302300
304500
306400
308300
311200
313700
315800
320000
342700
345500
348100
350300
352600
355300
357300
359900
362600
366200
381200
395000
426700
429900
432900
434700
437000
439500
442800
447000
486600
500700
503500
507900
510000
513900
516200
521000
558200
564600
601100
604000
606300
608300
610700
612600
614800
617000
619700
625700
659900
663400
665700
667600
669700
671600
673600
675400
677300
679400
681700
683700
686100
688500
692900
719700
723800
730400
736100
776700
790000
794700
800000
803300
806600
812600
885100
888900
892100
896700
939200
981700
986600
992500
# OFFOEL
# duration (msec): 1000
# repetition number: 35
4400
6500
9300
22300
36000
40000
44300
47500
49600
53200
55600
66100
133700
135700
137400
140700
142800
145200
147400
149300
183300
186300
189900
198100
217100
222300
225400
227900
230100
232800
236200
295600
299200
302300
304800
306600
308700
311200
313600
316000
343500
345600
349100
351700
353500
355500
357900
362200
366500
385100
394600
427300
430000
432400
435300
437500
439900
442200
447400
452000
483900
493600
502100
505400
508400
510600
513700
516400
520700
557500
561300
600500
602700
605200
607100
609800
611900
613600
615400
617700
619900
661800
664700
666800
668500
670400
672300
674300
676300
678300
680200
682100
683900
685800
688000
718800
723500
726500
729800
768600
781300
795900
799300
801800
806900
816100
883800
886700
889800
893000
896400
938700
943300
982300
985900
# OFFOEL
# duration (msec): 1000
# repetition number: 36
4600
7600
17300
30000
40000
42600
45000
47400
51100
54600
130700
134100
136600
139000
141000
142900
145100
147100
150100
152900
180600
184000
188000
216200
219900
223200
225900
228100
230400
236900
296700
299300
301200
303600
305800
307800
309700
311600
314500
318300
342400
347200
349100
351900
354200
356200
358100
360300
363600
381400
393000
399800
426100
430600
433200
435400
437900
440400
445300
483400
496500
502100
505100
509100
513000
516300
521400
556400
563700
599800
602900
606100
608100
609800
611600
613300
615300
617500
621100
661300
663600
665600
667500
669300
671100
672900
674900
676900
678800
680900
682900
684900
687600
690600
717600
724500
727900
737800
788100
794400
797800
802300
805700
808200
811200
884800
888700
890900
894200
937200
981600
987300
990600
# OFFOEL
# duration (msec): 1000
# repetition number: 37
4400
7900
16400
31100
34400
39200
44300
48100
50400
57300
61600
132000
135300
137500
139300
141200
143100
145500
147700
151300
181400
187100
191800
199600
218900
222100
225000
226900
229100
232000
235400
297300
300100
301900
304100
306000
308200
310200
312400
314800
318600
341300
345700
347800
351300
353700
355800
358500
360700
363200
367500
386400
421800
428400
431700
434800
437400
439800
442100
447000
483200
488800
500800
503400
507900
511800
515000
519500
557300
566700
601200
603300
605800
607500
609600
611900
614000
616100
618000
622200
660100
663100
665000
666800
668500
670500
672400
674400
676500
678400
680400
682700
684900
687300
689800
719600
726500
733800
778700
790100
796800
801700
804100
807300
809900
884400
887800
891100
894400
937400
942100
982300
987100
995600
# OFFOEL
# duration (msec): 1000
# repetition number: 38
4700
7300
18100
28800
35700
41500
44100
47300
51000
54800
133800
136100
139100
141100
143000
145300
147700
150100
154200
184800
192000
213600
221400
224300
227000
229900
232600
238600
297500
300000
302500
304800
307000
309000
310800
312800
316400
343100
346400
349300
351400
353400
355700
357900
360400
364100
385400
388900
426900
429900
432300
435500
437900
440000
442400
444800
448600
486500
493700
504500
508900
511400
514300
517500
521300
557700
567300
599600
602000
604500
606800
608900
610800
612900
614900
618000
621800
661800
664600
666500
668300
670100
671800
673600
675500
677500
679800
681900
683800
686100
688400
690800
720900
724200
727100
731100
766400
786100
792700
797200
800100
802400
806100
809200
813600
885100
887900
890300
894900
899200
939300
982900
985700
990800
# OFFOEL
# duration (msec): 1000
# repetition number: 39
4400
10400
19600
35800
40100
48600
50900
54100
59600
100300
133200
136300
139400
141200
143100
145700
148600
151700
177100
181500
186200
192100
198200
215900
220400
224300
227600
230500
233100
236000
297600
299600
302200
304400
307200
309400
311500
313700
316700
342200
346400
349400
351200
353200
355400
357900
359900
365600
371400
390200
426900
430800
432900
435000
437000
439200
441500
444000
448500
483300
496200
502600
505800
509000
512000
514400
520100
558300
564000
595600
601100
604200
606600
608600
610700
612800
615100
617500
619900
623900
661500
663600
665800
667800
669600
671400
673200
675000
677000
679300
681400
683500
685500
688100
719800
726000
729500
779400
784500
792800
796800
799700
802700
805300
810400
816600
885100
887800
891100
893400
896800
939700
981100
987000
993800
# OFFOEL
# duration (msec): 1000
# repetition number: 40
4800
6700
30700
37800
43200
46500
49400
53200
129300
131800
135400
138100
140200
142200
144800
147000
149900
153200
182600
187500
190800
214000
217200
221200
225300
228000
230700
233100
236600
245800
296100
300200
302300
304500
306400
308500
310700
314900
317800
321500
343400
347800
350000
352600
355000
357500
359800
361800
363900
367700
386800
425400
428300
432400
434600
437200
439500
442000
446800
481700
497900
503300
506400
510500
513500
516400
520200
558700
600400
603200
605500
607900
609800
612900
615400
618000
620700
661000
663300
665600
667400
669100
670900
672800
674800
676800
678700
680600
682600
684900
687400
690500
716700
721500
725000
728600
735500
779100
788100
796600
800200
802700
805800
811200
818400
883400
886800
890300
892800
895300
936500
982600
987900
994300
# OFFOEL
# duration (msec): 1000
# repetition number: 41
4500
6300
29600
36300
41100
44300
46300
49100
51800
55400
131700
135000
138300
140300
143400
145300
147300
182100
186100
192800
209200
217800
223200
225800
229900
233100
242200
296000
299400
302500
304700
307000
308900
310800
312900
315200
341500
346100
348500
350600
352900
355700
358100
360500
362800
366500
371100
379400
387900
394800
426700
430100
432400
434500
436900
439300
442700
446400
485500
497500
504100
507700
511600
514000
518300
555600
559900
597300
602600
605200
607500
609800
611900
613600
615700
617600
620100
660900
663700
665600
667300
669000
670800
672700
674900
677000
679000
681000
683000
685100
687700
719600
725200
731100
776300
791400
794200
800100
802600
805300
808000
810800
885500
888300
892200
895800
940700
980700
985500
990800
# OFFOEL
# duration (msec): 1000
# repetition number: 42
4700
8800
24900
35000
40300
43800
48600
51100
53500
58500
131900
134900
138100
140000
142300
144800
147300
149100
153600
157400
180600
184900
188200
196100
214100
220000
224600
227600
231000
233400
241500
295800
298200
300500
303100
305000
307000
309300
311500
313900
315900
340900
343700
347000
349400
352100
354300
356700
359000
361600
365800
370100
375000
389400
398200
428000
431300
434000
436800
439300
442900
447800
487800
493800
503600
507400
510500
512500
515900
520600
528000
558200
561600
599000
601900
604800
607000
608800
611100
613300
615600
618300
623200
660700
663800
665800
667600
669200
671100
672900
674900
677000
678800
680800
683200
685200
687600
690600
721100
724600
728800
781300
794500
797700
801100
803100
807800
811000
884400
887600
890100
892700
896700
938200
943100
984800
990000
# OFFOEL
# duration (msec): 1000
# repetition number: 43
4400
7000
15500
25400
32200
36100
38900
43700
47200
50000
52500
57500
131500
134100
136700
139200
141400
143400
146300
148400
150600
179300
184100
188500
190700
197200
215000
219400
223600
227900
230500
233600
236800
296300
299200
301000
303500
305400
307700
310100
312300
314400
318800
343300
345900
348400
350600
353000
355300
357400
359700
362600
365400
369700
380900
392900
425900
428500
431900
434100
437000
439500
442400
445300
450900
492700
500100
503900
506800
509800
513900
516500
521800
525300
557300
564100
570800
598600
602100
604800
607400
609400
611200
613000
615600
618000
620400
623400
660900
664000
666200
668100
670000
671800
673900
676000
678200
680000
682100
684600
686700
691000
720300
724100
727500
732400
781900
787800
794700
798500
800900
803800
807500
818200
884400
888500
891000
893500
900000
938400
982400
988700
# OFFOEL
# duration (msec): 1000
# repetition number: 44
4600
8800
24700
32200
38400
42600
45000
49300
53800
58900
129800
134100
137100
139000
141000
143100
145100
148000
154400
182900
186700
190100
195200
218300
221500
225600
228100
230800
235300
239600
295400
298800
301600
303800
305800
308000
310500
312700
314800
316900
343500
346500
348600
351000
352700
354800
357300
360100
364300
367900
384600
393900
424100
427900
430700
434900
437200
440100
443700
449700
476400
490200
499500
504000
507200
509800
512600
516000
519600
556700
562600
565700
601200
603900
605900
607700
609700
611700
614000
615800
619000
622800
661300
663700
665600
667400
669100
670800
672700
674500
677000
679600
681500
683500
685900
688300
718400
722800
726000
730000
786400
795600
798100
801100
804300
807200
812600
886000
888200
891300
893500
937600
943200
982900
987700
997700
# OFFOEL
# duration (msec): 1000
# repetition number: 45
4400
10500
26400
34600
40000
44000
48500
55400
59400
101600
134100
136900
139500
141800
143900
146300
149100
152700
182900
186000
197100
202000
215500
218600
223800
227200
231000
233600
235500
240700
296200
298800
301100
303000
304800
307700
309700
311800
313900
316400
318500
342200
346000
348200
350700
353200
355100
358300
360500
363100
369400
388100
395800
426700
431800
433800
435800
437800
439600
443400
483600
499500
506300
509000
511900
515100
517800
521000
555700
561100
598400
602100
604000
606300
608400
610300
612200
614000
616400
618700
621800
660700
663700
665800
667700
669500
671300
673100
675000
677100
679100
681100
683000
685100
687600
720600
724600
728000
732200
777100
791900
796400
799500
802200
805500
808900
813900
881600
887400
891200
893100
896600
937300
980700
986400
989300
# OFFOEL
# duration (msec): 1000
# repetition number: 46
4200
6300
12800
20800
23800
35600
39900
43900
47100
50100
54100
132600
135500
137600
139800
141700
143600
145400
147300
150400
155300
179200
184800
189500
198600
212600
219500
224200
227200
229600
232800
239100
298400
300900
302900
304800
306800
308800
311500
314000
316800
320800
340900
344900
348100
350700
353100
355600
357900
360300
363600
369400
380600
387000
393800
427900
430200
432600
434600
437000
439900
442600
447500
491200
500300
505900
509400
512700
515000
517600
521900
558300
565500
599000
601600
604300
606200
608200
610100
612500
614900
616900
620800
661200
663400
665300
667100
669000
670900
672700
675000
677000
679000
681400
683700
685700
688100
692000
718900
724100
727400
732000
738300
784100
790700
796900
800700
804100
806600
809000
885200
888600
891700
894500
938900
982600
986900
# OFFOEL
# duration (msec): 1000
# repetition number: 47
4800
11100
17500
36000
40700
47200
51300
54700
60100
131700
135100
137600
139700
141900
143800
147000
149800
154600
183800
190200
198000
216000
222800
226000
229000
233500
238500
296800
299600
302800
304800
307000
309700
311600
313500
317200
343300
346700
349400
351400
353400
356400
358700
361600
365000
372900
389300
424900
429700
432400
434800
437100
439100
441400
446700
498700
506000
509100
511300
514500
517200
523600
559600
563300
567000
599500
602900
605300
607800
609700
612100
614100
616500
619300
622100
662100
664400
666400
668200
670000
671800
673600
675400
677200
679200
682200
684400
687000
689900
722300
725000
731700
763300
789700
795100
799000
803100
806200
809800
883100
888600
890800
893100
897100
940500
984600
989900
# OFFOEL
# duration (msec): 1000
# repetition number: 48
4600
11000
15100
25900
34700
41300
45000
48000
51400
54100
57800
127700
133300
135800
139800
142000
144000
146700
149400
156500
181800
184900
190600
194000
201500
210700
220600
223100
225500
229600
232000
235400
242300
296000
300600
302900
305000
307800
310300
312800
314900
317000
320100
343800
346700
349200
351600
354000
356000
357800
360000
363100
369800
373200
388700
425800
429200
432400
434500
437700
440000
442800
445700
479100
484700
490700
501800
505700
507900
510800
514700
517400
521100
557200
562800
569600
597700
602700
605100
607800
609900
612000
613900
615700
617800
660700
663400
665200
667000
668900
670800
672600
674400
676700
678800
680700
683200
685400
687400
690400
720100
725300
728300
776800
784600
793800
798200
801900
805300
807800
811200
884000
887900
890500
892800
899500
935800
981400
985100
# OFFOEL
# duration (msec): 1000
# repetition number: 49
4600
6600
17800
30300
39400
43500
46200
48700
50800
56500
132200
135600
137900
139900
141700
143700
146100
150800
153900
179600
183400
187000
190400
215500
221100
225000
228200
230700
233800
237600
294800
298800
301100
303500
305700
307600
309500
311400
313400
317300
340700
344600
347300
350000
352500
354900
357500
360200
363400
366500
378700
385900
425700
429900
432100
435500
437500
439900
444900
477300
501500
507000
509500
512100
514800
521400
554800
561000
596200
601800
604200
606200
608700
611100
613600
616000
618100
620800
660900
663900
666100
668000
669700
671600
673900
676000
678000
680400
682700
685200
688300
692600
715100
724000
727000
776500
786200
794300
798300
801300
805100
807700
810500
883600
887800
890400
893900
938300
984000
987100
991500
# OFFOEL
# duration (msec): 1000
# repetition number: 50
4900
9900
22800
35300
42500
46100
49400
53600
56300
132500
136000
138200
140300
143200
145800
149100
151600
180800
187900
193300
200000
219700
223000
227400
230600
236200
240800
297500
300000
302400
304900
306900
309400
312400
314800
344100
347100
349700
351800
354300
356700
358800
361100
365900
380700
392800
424700
428500
431900
434200
436600
438700
442700
445800
478900
489000
502600
507800
510900
513200
516200
518800
559400
566000
600700
603400
605700
608500
610500
612600
614400
616400
619300
660700
663300
665400
667200
669000
670800
672600
674600
676800
679000
680900
682800
684600
686700
690100
722300
726500
730000
775400
788100
793000
796000
800900
805500
808000
810300
884700
887200
890100
893600
940100
983800
986900
992000
# OFFOEL
# duration (msec): 1000
# repetition number: 51
4400
7200
27100
33600
41200
44500
47400
49600
53000
62000
129400
133900
136700
139500
141400
143400
145700
148200
151900
180400
188000
193900
198500
217200
222300
224700
228000
231200
239500
296500
299100
302200
304100
305900
308000
310700
313900
316500
343600
346600
349900
351900
354000
356400
358700
361300
364300
366900
382700
386800
421800
428600
431300
434700
437100
440000
443000
445900
485400
498900
504500
507000
510400
513900
517300
520700
557300
565200
600700
603700
606100
608700
610700
612700
614600
616700
620300
660200
663200
665400
667200
669000
670800
672600
674500
676400
678500
680800
682900
685500
688800
719200
722500
726500
771500
787400
795000
797800
801100
804300
807200
810400
882800
887700
891200
893200
940100
983200
986100
989200
# OFFOEL
# duration (msec): 1000
# repetition number: 52
4100
6200
19000
33400
40600
43200
45300
49300
52300
59300
132600
135700
137900
140100
142200
145300
147200
149900
179400
182900
185800
190900
217600
222100
224700
227000
229800
233500
235700
295900
300100
302800
305100
307300
309400
311500
313700
316200
339100
343900
348100
350700
353200
355200
357200
359500
362900
366100
369700
394300
421300
428300
430900
433200
435100
437100
439000
441400
445900
481600
496800
505500
507600
510300
513100
515800
518100
559000
565100
600100
603600
605800
608300
610400
612400
614400
616200
618200
620900
662500
664900
666800
668800
670700
672600
674700
676900
678900
680900
682700
684800
687000
720200
724900
729000
777600
790300
796600
801300
803500
806600
816100
884000
887800
891400
895300
936700
982300
987400
990900
# OFFOEL
# duration (msec): 1000
# repetition number: 53
4400
6300
11500
36900
39200
44700
50200
52900
57300
131500
134800
138300
140600
143000
144800
147000
149300
180600
186100
193500
217700
222300
225100
228000
230900
234600
237900
295700
299500
302600
304300
306100
309000
312300
314300
340900
344900
347600
350100
352700
354900
358800
361300
365900
389800
426600
431200
433300
436000
438800
441500
445000
481400
487900
501500
505700
510700
513400
517400
557200
560500
599800
603200
605800
607900
609900
611800
614400
616400
619400
660900
663700
665700
667500
669300
671100
673000
675000
676900
679400
681300
683700
686500
691600
721700
725300
729700
776500
792000
795300
799400
802400
805900
808500
815300
885200
890200
892900
894900
941300
982700
987400
995400
# OFFOEL
# duration (msec): 1000
# repetition number: 54
5300
8400
22000
29400
37800
44300
48500
52300
56700
60300
131700
135300
138000
140000
142000
144000
146000
150500
153400
182200
185800
188700
193800
209200
219600
223500
225700
228900
232400
235100
296300
299100
301500
303300
305100
307500
310100
312000
316500
324100
341100
347300
349300
351500
353800
356000
358100
360600
362800
367500
379100
391500
394400
423900
429300
432900
436000
438300
441000
444000
489000
499400
507200
510900
513200
515900
520000
558300
564200
599300
602300
605200
607600
609800
611900
613800
615700
617700
621200
661600
664300
666300
668200
670000
671800
673500
675400
677300
679400
681300
683200
685200
687300
691600
722600
725400
728200
732800
775900
789700
793500
799100
802100
805300
809000
811200
885000
888500
891700
893900
897600
938500
945000
982200
987900
992200
# OFFOEL
# duration (msec): 1000
# repetition number: 55
4500
7200
34800
40300
43300
46900
50500
54800
58300
99000
133000
135200
138100
139900
142100
144000
146700
151900
159300
181200
187300
192800
199100
219400
222500
226200
228000
230700
233400
237900
296500
299300
302400
304200
306000
307700
309600
311700
314100
316700
322200
342500
346400
349100
351100
353100
355300
357800
360200
362300
366300
384400
425500
428700
432100
434900
437200
439800
444500
449700
484900
497000
502900
505500
509200
511300
516000
521600
563000
598200
600900
603600
605800
607800
609700
612100
614900
617600
620100
659700
663000
665200
667000
668900
670700
672500
674400
676700
679400
681400
684000
686200
690200
721400
725900
729000
780200
794300
797400
799500
803900
806300
810900
881300
886700
889800
892500
896500
936700
943700
980900
986500
989700
2205600
# OFFOEL
# duration (msec): 1000
# repetition number: 56
5100
7900
20100
26700
33700
40500
46200
48900
53100
57800
64100
132600
135800
137800
139800
142100
144100
146600
149200
152900
185900
189700
195600
219900
222700
225000
228400
232000
235200
294600
298800
301100
303100
304900
307100
309000
311200
313900
342100
344600
347900
350200
352500
354700
356600
361500
364600
378600
387700
424200
427800
431700
433800
436200
438800
441100
448000
480600
489400
500300
503700
507400
510800
516100
518900
558500
566000
599100
601800
605000
607300
609600
611500
613500
615700
617500
619800
661700
664400
666200
668100
670000
671800
673500
675700
677700
679600
681900
683800
685800
688100
691000
719300
722300
724400
793200
799000
801500
804100
806500
808600
811700
883100
886700
889300
892100
896300
938200
982600
988100
# OFFOEL
# duration (msec): 1000
# repetition number: 57
4300
7600
28800
37900
43700
46600
52100
55700
59200
133100
135400
138000
140000
142000
144600
147000
149900
181000
187200
192200
213400
221100
225400
228400
232300
235000
243100
296700
299300
301700
304300
306300
308800
312300
314600
316800
342700
346400
349400
351700
353600
356000
358800
361900
364500
384700
389000
400300
428200
432800
434900
437400
441500
446300
492400
500200
506200
509800
512900
516000
525700
556600
559900
600400
603200
605500
607900
609900
611900
614100
616500
618800
660800
663700
665700
667500
669400
671200
673100
675400
677200
679400
681400
683700
685800
691100
719600
722700
727900
731000
793500
799000
802700
805700
811900
883200
885100
888300
891200
893600
938300
983000
986600
994500
# OFFOEL
# duration (msec): 1000
# repetition number: 58
4300
7100
29200
35300
39100
44100
48200
51800
56600
132300
135200
137800
140500
142600
144600
146500
149200
151300
184000
189400
194000
215600
220800
224700
228200
231200
233100
294700
298500
301200
303300
306300
308300
311400
314500
320400
343100
346000
348400
350500
353300
356100
359000
361000
363900
385700
389200
427400
429900
433100
435300
439000
441700
446000
450700
466700
489600
495400
502900
507200
510700
513200
517300
556600
559800
600500
603200
606200
608100
610200
612300
614600
617100
620500
660300
663400
665600
667600
669700
671400
673700
675700
677600
679700
681600
683600
686000
689300
720800
723900
726000
779200
789900
796000
799500
801800
804900
808000
813100
884600
887900
890600
892800
898100
942100
980600
985400
989500
# OFFOEL
# duration (msec): 1000
# repetition number: 59
4400
9100
16600
27900
35400
40700
45100
47800
50900
53500
57800
130400
134800
137500
140300
142300
144400
146800
149200
151600
155500
183800
187700
193600
214300
220800
223600
225600
228200
230600
233000
295900
298700
301600
304300
306300
308200
310600
313500
316700
340600
345300
347800
349700
351500
353800
356300
359000
361000
364500
373500
381400
386900
426100
430300
432500
434800
437400
440600
443000
495400
501700
506100
512300
515000
517200
519900
523300
560400
570200
600200
602400
604600
606800
608600
610300
612400
614500
617700
622300
661900
664100
666100
668100
670100
672100
673900
676000
678000
680300
682600
684700
687000
690900
718800
722400
725300
785800
793000
796700
800300
802500
806100
812200
885700
889200
893400
896100
944000
983600
988000
# OFFOEL
# duration (msec): 1000
# repetition number: 60
4400
6400
31100
39300
43900
46000
50600
52600
58500
96600
132000
134400
136300
139100
141300
143900
146600
149200
179100
184300
188500
198400
215000
222100
224900
227700
231500
234100
243400
295300
298200
300500
303500
305800
308000
309700
311900
315800
344200
346300
349800
352400
354400
356400
358500
361200
368800
386000
393400
425600
429000
432800
435700
438000
441000
444600
482000
500900
504700
508100
510600
514200
518400
522800
555800
563100
570000
599900
603200
605800
607700
609600
611400
613200
615300
617700
622000
659900
661800
664000
665900
667800
669800
671800
673600
675500
677300
679600
681600
684100
686400
689100
717000
720800
723700
730900
773700
789100
793400
798600
801900
804200
807500
810100
882100
886600
889100
892300
895200
941200
981300
986300
989100
# OFFOEL
# duration (msec): 1000
# repetition number: 61
4400
8200
22400
30500
38100
42500
45100
49500
52100
55100
61400
132700
136500
138900
140600
142400
144700
147200
149600
181500
188900
192200
194500
212900
220700
224100
227300
231100
234900
240700
295600
300500
302600
304500
306400
308300
310400
313300
315300
342000
346300
349200
351300
353400
355400
357500
359900
361900
364800
375200
389300
398200
422900
428300
431900
434300
436300
440600
444400
483000
487100
502600
506100
510000
513900
516600
519800
556800
561500
599800
603100
605300
607200
609200
611200
613200
615600
618100
621900
661500
663800
665800
667600
669500
671300
673700
675800
677800
679800
681700
684700
688100
719900
724200
731400
782500
794000
798500
802100
805700
808000
810800
884600
887600
890600
894200
941400
981700
986100
# OFFOEL
# duration (msec): 1000
# repetition number: 62
4700
7400
13900
22400
39100
43400
46400
48800
53400
56200
61900
89400
131100
134100
137400
139300
141200
143400
146300
148700
151800
176400
184400
189600
193700
200200
211600
218700
222400
226000
228700
231300
234100
237700
294700
298500
300800
302700
304700
306800
308600
310300
312800
318900
342500
345900
347900
350700
353000
355400
357500
359800
363600
366700
380900
389200
396100
425800
428700
431900
434400
437000
440800
442900
446400
450300
486900
496600
503700
507400
511300
514400
517200
519300
556500
560500
565500
598400
602900
605700
607600
609400
611200
613100
615600
617600
619900
622800
659900
663200
665200
667000
669100
671100
672800
674800
676700
679400
681400
683600
686300
689900
718800
722300
726200
730100
773100
785600
791000
795200
799200
802200
807000
814800
879200
886200
891000
893700
897800
937700
980000
982600
985800
991100
# OFFOEL
# duration (msec): 1000
# repetition number: 63
4400
6700
17000
28800
34100
37500
42200
45700
50200
52400
57500
102000
133400
135600
138100
140300
142200
144400
146600
148600
152100
180700
186900
190400
215400
218600
222900
226000
228800
233100
246200
295400
300200
302700
304700
306800
309100
311300
313600
315900
340700
343600
347500
350000
352300
355000
357400
359800
363000
368000
387100
393900
400000
423100
429100
431900
434100
437100
439100
442700
445700
485300
497900
504000
507100
509500
512600
516000
519200
555500
563300
598700
602900
605300
607800
610100
612000
614500
617000
620100
658000
660800
663700
665900
667900
670000
671900
673700
675700
677600
679700
681800
685200
688000
719800
724000
727000
735600
774000
784800
794800
798400
801600
807400
811100
815000
886100
889200
891500
895000
940000
944800
981900
985900
988200
# OFFOEL
# duration (msec): 1000
# repetition number: 64
4600
9700
22500
37300
42200
46000
51100
55000
61500
132700
135600
138800
141100
143500
145800
147900
150100
154500
182800
187500
194300
217100
224200
228100
233300
295900
298200
300700
302800
305100
307500
310300
312600
315100
343800
346600
348900
351000
353200
355500
358600
360800
364100
388200
425700
428900
432100
434300
438200
440600
443200
445600
480200
492800
503500
508500
511000
515600
518700
525700
558800
600100
602700
606100
608300
610500
612600
614700
616600
619300
621600
625000
661200
664800
666800
668500
670300
672200
674100
676100
678200
680200
682400
684700
686800
689000
720400
723000
726900
731800
791700
796600
800400
802500
808800
884400
887900
891000
893400
897500
939500
981300
989400
# OFFOEL
# duration (msec): 1000
# repetition number: 65
4500
7300
32900
38000
41100
43700
47900
50600
55400
60200
132200
136400
138600
140600
142800
145400
147400
149300
179500
184200
189400
195600
212000
218500
224400
227400
230200
232500
236000
297200
299900
302000
304000
306300
308500
310300
313300
317500
339200
343000
346000
348700
350800
353300
355600
358300
360600
363600
367800
383400
390400
425700
430800
433300
435300
437800
441000
445800
485300
499400
502900
506100
510200
512700
518000
521600
549200
562300
568100
598200
601900
604500
607100
609200
611100
613000
614900
617400
620600
661800
664800
666700
668400
670300
672000
673900
675900
678200
680200
682500
684500
687200
720500
723300
726400
774300
789200
795300
800500
802900
806100
811300
816100
883500
888200
890700
894000
897500
940800
946100
981400
986600
# OFFOEL
# duration (msec): 1000
# repetition number: 66
4500
10200
31000
41200
43900
47800
50000
54200
56800
131700
134900
138400
140600
143400
145500
147500
150300
156800
183100
187500
192600
215400
220700
224800
227700
230600
233200
238200
295700
298600
302100
304300
306100
308700
311500
314100
316700
321100
343500
347200
349300
351700
353600
355900
358100
361400
368900
385900
392000
423900
429700
431900
435100
437900
440500
445100
491500
500900
507900
510500
512700
515300
518100
522100
558500
563800
597000
601600
604700
607100
609300
611300
613400
615600
619600
623300
661600
664000
666000
668200
669900
671700
673500
675400
677200
679200
681300
683800
686800
691400
717900
722500
725700
728900
784800
789700
797800
803400
806400
809500
814400
885400
888100
890300
894200
942000
983200
987100
993200
# OFFOEL
# duration (msec): 1000
# repetition number: 67
4200
7800
34800
39700
44600
47300
52800
55700
132500
136100
138300
140100
145100
147700
150400
153600
179300
184000
187800
193200
216500
220900
224500
227100
230600
233700
240000
294300
298100
300900
303400
305400
307200
309300
311800
315100
320800
342700
346600
349000
351200
353800
355700
357800
359900
362500
369600
387900
395300
426100
430000
433000
435400
438400
441100
444500
476500
488100
500800
504000
508400
512500
515700
520300
523600
557700
561700
600200
602400
605000
607200
609200
611100
613000
614800
616700
620000
660100
662700
664800
666700
668500
670400
672400
674300
676200
678500
680400
682300
684100
686700
691600
720400
723700
726300
786700
795600
797800
800400
803300
806300
809400
816000
885500
889400
892100
894400
940200
980500
985800
989100
992500
# OFFOEL
# duration (msec): 1000
# repetition number: 68
4600
6300
20400
33600
38600
41700
46300
49400
53200
57500
132800
135900
138100
140400
142400
144100
146600
148700
182700
186300
194100
217400
221200
224300
227900
231900
236400
294900
298600
301300
303800
305800
308100
310400
312800
315000
319800
342000
346700
348800
351700
354600
357100
359400
362800
370500
377000
424900
430000
432600
435600
439700
442100
444500
495000
504000
508300
510900
515500
520900
557700
564300
598200
602700
605000
607600
609500
611800
613800
616200
618600
622600
660600
663000
664800
666600
668700
670500
672300
674300
677000
679000
681500
683700
685900
687900
721800
724900
728100
789400
793600
797300
803000
808200
812700
846500
884600
888500
892400
897300
937200
984200
987100
# OFFOEL
# duration (msec): 1000
# repetition number: 69
4400
10500
16200
29900
35000
40800
43700
47400
51500
55200
130400
134000
137600
139600
141600
144100
146100
148700
150900
183400
188500
191200
194900
213100
219000
222400
225200
228000
230400
232800
239900
294400
298400
300800
302800
304800
307200
310000
312800
315300
321400
345200
347700
350100
351900
353900
356100
358100
362300
365200
367800
387200
390800
426700
429500
433300
435700
438000
440500
443700
447200
486900
500700
505200
509700
513000
515100
518100
522300
561400
600000
602200
604600
607100
609200
611100
613000
615700
618000
620700
661700
664200
666200
667900
669800
672000
674200
676000
678300
680500
682700
684600
687000
690000
717100
723300
727400
731700
784000
794600
798200
804200
807000
809500
812900
885300
888400
890800
898100
940000
944100
983100
987200
990900
# OFFOEL
# duration (msec): 1000
# repetition number: 70
4800
27100
32200
37100
42100
45500
51000
64100
132700
136100
139300
141500
143400
145600
147800
149900
183900
190100
195500
216700
220500
225400
228600
232300
235400
297000
299700
302500
304800
306700
308600
311500
315200
319600
341400
345900
349000
351400
353400
356100
358000
360900
363300
380600
398900
425500
430300
432700
435800
438300
443400
446500
492800
502700
509000
512500
517100
519500
557800
564300
571700
599900
603200
605500
608800
610900
612900
615400
617700
662600
664600
666400
668200
669900
671600
673600
675500
677600
679700
681800
684100
687100
691200
720900
724900
733100
783800
791600
801400
804800
808300
884300
889000
892600
895900
940300
982100
986400
# OFFOEL
# duration (msec): 1000
# repetition number: 71
4700
8600
29500
39600
43600
46500
51400
55000
109800
133100
136900
138800
141200
143300
145200
148000
183300
187400
193700
219100
222000
224800
227700
231300
236100
290000
297400
300700
303000
305200
307000
308900
311400
314800
319100
344800
347300
349900
352600
354700
357400
359600
361800
365700
387100
426300
430300
433300
435700
438600
441900
497300
506700
509000
512000
515500
523200
557600
564900
597000
602700
605400
607800
609700
611800
613800
616100
618900
661400
664000
666100
667900
670000
672200
674000
676300
678300
680400
682500
684800
687200
689800
718800
725500
731600
785800
793800
796500
802000
804600
808100
811200
884600
889900
893100
898600
939300
980400
986900
992500
# OFFOEL
# duration (msec): 1000
# repetition number: 72
4800
8300
26900
34000
40600
44900
49300
52000
61000
131900
135000
137900
139900
142600
145000
147600
150200
180800
185700
189500
217800
222400
226100
229200
233000
237000
297000
300600
303200
305300
307600
310400
313200
316800
341700
346700
349000
351100
353200
355900
358200
363800
373000
396800
424200
429400
431600
434300
436100
438600
445200
447900
488100
500200
505900
510200
513100
517000
521200
563600
600500
602900
605500
608000
610600
613000
615000
617500
621300
660600
663900
666000
667700
669500
671300
673100
675100
677300
679200
681300
683600
685700
688500
721400
724400
730300
788800
794800
801200
806000
808900
813500
885300
888700
891100
893700
896500
938700
984300
990400
# OFFOEL
# duration (msec): 1000
# repetition number: 73
4300
10200
35000
39200
43800
48800
51700
57800
61400
131400
134800
137700
139700
141600
145300
147200
149600
184700
189000
217100
220800
224500
227200
230600
240000
296200
300400
302300
304400
306400
308200
310200
312300
314600
340000
346000
349900
352600
355200
357800
360300
366900
380700
426300
430800
434000
437000
439200
444500
481600
499800
503300
506100
509700
513900
519100
522000
555500
600800
604100
606700
608900
610900
612800
615000
619400
660800
663800
665900
668200
669900
671800
673600
675400
677400
679400
681500
684100
686500
721500
724300
728500
791500
797800
800400
803100
805800
810500
887400
892000
898900
936200
983500
989500
993000
# OFFOEL
# duration (msec): 1000
# repetition number: 74
4300
6300
30700
38100
42800
46200
49800
56100
60700
133000
136200
138800
140900
142900
145400
148800
151700
182800
185900
192000
211100
216000
223600
226400
229500
232100
237300
297200
299700
301900
304200
307000
309200
311700
314800
343700
346600
348700
351000
353400
355700
357700
360300
363600
373600
424600
428800
431300
434200
436600
439000
441000
444400
490600
497400
504500
508800
511500
516800
519900
560100
600100
603000
604900
607300
609400
611700
614100
617300
620000
661800
664000
665800
667700
669500
671200
673000
674800
676800
678900
680700
682700
684900
687400
690000
719800
722900
726000
730400
785000
790800
796600
800900
803200
806000
809700
871500
885400
888800
891000
894900
936900
982100
987900
# OFFOEL
# duration (msec): 1000
# repetition number: 75
4100
6500
12300
21000
33700
42500
45700
48400
52300
54600
131300
135800
138600
140700
142700
145100
148300
184300
188800
194500
218900
221600
225600
230000
234500
237800
296800
300400
302900
304900
306900
308900
310700
313000
315300
342700
347100
349700
352300
354600
356800
359300
361700
364200
388600
428000
432300
435200
437400
439700
441800
444500
494800
503500
508200
511600
515300
518100
560000
599400
601900
605100
607300
609400
611400
613300
615300
617200
619400
660000
663400
665600
667600
669400
671100
672800
674600
676300
678100
680400
682800
684900
687500
718500
724100
727100
785100
794700
798800
803100
806100
808900
885100
887800
890900
894400
943400
982200
987900
# OFFOEL
# duration (msec): 1000
# repetition number: 76
5100
9700
18300
30100
36300
43600
50000
53900
56800
131000
134900
137500
139900
143700
146000
149500
182900
191000
199500
218700
223200
226500
229700
232500
236600
296400
298700
301700
303900
305800
307600
309800
312000
314600
321800
343400
347600
349400
352200
355000
357200
361200
366700
388900
423900
430300
432300
435500
438800
441700
444400
447500
485400
503600
508700
511100
516500
519300
562500
600000
603200
605700
607700
609600
612300
614300
616600
619200
622500
661200
663800
666100
668100
670100
672300
674500
676600
678500
680600
682700
684700
687300
689500
721500
725200
729200
790000
796800
800700
803500
806600
813500
886200
890100
892900
897100
983900
988800
# OFFOEL
# duration (msec): 1000
# repetition number: 77
4200
8000
25300
38500
40900
46900
49600
52600
60100
65700
128600
135400
137600
140600
142500
145000
147800
151500
180400
186800
190400
194500
207000
217400
225200
228300
231100
235200
296200
299200
301400
303700
305800
308700
311300
314100
344400
348300
350400
352600
355700
358600
361800
365000
378200
391400
427100
430300
432900
437100
440900
443900
446400
486300
498300
504600
507400
510200
515400
519800
524400
560000
599800
602900
605400
607800
610000
612600
615700
618000
620700
659900
662400
664700
667000
668900
670800
672800
675200
677200
679300
681700
683700
686100
688300
719800
724000
728500
736400
789600
795800
799600
803200
806500
811300
886500
889300
891900
895900
938600
983700
987100
# OFFOEL
# duration (msec): 1000
# repetition number: 78
4400
9100
26300
33100
38400
42200
46800
50900
55300
66500
133200
137100
140100
142400
144200
147200
149300
182500
188800
193300
210600
219300
223000
225600
229100
233700
238500
297200
299900
303600
305800
307800
309900
312200
314700
321700
344400
346800
349500
351500
354600
357100
359900
362700
367600
376400
394600
427000
431500
433900
436400
440100
442500
446700
478400
490600
500400
505900
509400
512200
515500
519200
556100
566200
600200
604100
606400
609200
611000
613000
615400
617900
620700
660900
663400
665900
667800
669600
671400
673300
675500
677700
679700
681900
684200
686500
689100
720300
724300
727900
732000
784200
795100
797700
801200
804000
807900
812600
818800
887300
891200
893400
896700
938700
982700
987400
# OFFOEL
# duration (msec): 1000
# repetition number: 79
4200
6300
18800
33900
38300
41800
47500
49900
53300
58400
131200
133900
137100
139600
141600
144400
146500
152400
182800
188100
192800
214900
220600
222900
226100
229800
232800
236500
297300
300000
303000
305400
307700
310600
312400
316700
344900
348100
350400
352400
354800
357900
360700
363500
367700
427900
430500
433800
436700
438900
441100
443700
449200
485400
501400
505500
509300
512900
518700
554300
560000
563600
597900
602200
606200
608100
610300
612400
614500
616400
618800
624300
661300
663800
665800
667600
669400
671100
673000
675200
678000
680100
683400
685600
689600
718300
722600
726900
730000
786700
796400
800300
803200
806900
811000
884100
887500
891500
893800
939300
983600
987200
997000
# OFFOEL
# duration (msec): 1000
# repetition number: 80
4700
8400
26000
35100
40700
43800
46800
52300
64000
133500
137100
139900
141900
143900
145700
149200
181800
184400
190600
196600
216600
220000
224000
228400
230800
235100
298800
301200
303200
305800
307600
309400
311600
313800
317300
343900
348500
350800
352700
354700
357400
360500
363000
366300
384600
425300
429700
433700
435600
438700
442000
494200
502000
506800
510400
513900
516700
519100
551900
563000
568800
600600
603300
605900
608500
610400
612300
614600
617100
619200
663100
665000
666800
668800
670700
672800
674900
676900
679100
681500
683900
685800
688700
718200
723300
726600
782900
794100
798100
802300
808000
813200
884800
889200
891900
895100
938700
982500
987000
# OFFOEL
# duration (msec): 1000
# repetition number: 81
4700
10200
21600
37900
45200
47800
51700
54900
59000
131800
135000
138200
140500
142800
145400
149000
152900
183000
189800
194500
198200
211400
216800
222200
225800
230700
234300
295800
299300
301400
303600
305800
307900
310500
312800
315300
343500
346500
349200
351800
355000
357300
359200
361600
367700
374200
385500
398300
424900
430700
433000
435600
437900
441500
447700
503800
507600
510500
512700
515500
517800
522000
561100
564900
599100
602100
604600
606700
608700
610600
612600
614600
617100
660700
663900
665800
667600
669300
671100
673000
674900
677200
679400
681400
683300
685900
688500
720700
723400
727200
789900
797300
801000
803700
807300
810800
883600
888800
891300
894900
940100
980800
987200
# OFFOEL
# duration (msec): 1000
# repetition number: 82
5000
27600
35100
40200
45700
48500
50800
55200
58000
128400
136000
138200
140100
142400
144500
147100
150400
182100
187300
195100
217700
222200
226200
229300
231900
249500
296400
300000
302500
304700
307200
309200
311200
313300
315700
339900
345300
348500
350800
353100
356300
359700
362700
368300
371200
389100
427300
430400
433000
436300
438700
441300
444800
483500
498700
503400
507400
511100
514800
517800
525400
560700
564700
601200
604400
606700
608700
610800
613000
615700
618400
620900
661200
663800
665800
667600
669400
671300
673000
674900
676900
679500
682500
684900
687300
690300
722600
726900
786300
797400
800800
802800
805200
809900
886500
889400
892000
895000
938300
945000
984700
990100
# OFFOEL
# duration (msec): 1000
# repetition number: 83
4600
13700
34800
39500
41600
47900
51300
56500
132000
135000
137400
139400
141500
143300
146100
149300
153100
184200
187200
190400
196600
214900
220800
223300
228800
231400
237200
297100
299900
302600
304400
306600
308500
310800
313000
315900
343700
348000
351000
353400
355800
358100
360300
364200
367400
373600
382400
428700
432100
434000
436500
439900
442500
480400
487400
504000
508700
511500
514200
517200
519700
561000
566900
601300
604500
607200
609100
611000
613300
615900
618200
621500
660500
663600
666200
668000
669900
671700
673700
675600
678100
680500
682400
684400
686700
691100
718100
723100
727300
733500
780800
791700
795700
798700
803300
806500
809000
885100
887900
890400
894000
938100
981100
987900
# OFFOEL
# duration (msec): 1000
# repetition number: 84
4800
32000
40800
44400
50500
56600
97900
134100
136100
138400
140700
142800
144900
147000
151600
182800
188300
195400
219800
222100
225600
228600
232500
240900
295500
299200
301400
303900
306000
308800
311100
313100
315700
344200
347800
350000
352500
354900
356800
359400
361600
365000
370700
377500
386800
398500
425900
429800
432700
437000
439600
443100
448400
483400
493300
500500
504100
509500
512200
515900
519800
525900
557500
562900
597100
602200
604300
606900
609100
611300
613300
615400
617800
620200
623500
659700
663100
665400
667300
669200
670900
672800
674700
676900
678900
680700
683000
686000
688000
690800
718200
723700
729100
765400
783100
787000
795600
799400
804900
810200
815500
885700
888400
891900
894800
938200
981400
987900
# OFFOEL
# duration (msec): 1000
# repetition number: 85
4600
7500
27100
34100
39700
42700
49500
52100
56500
62300
100100
130100
134000
137600
139800
142200
144400
146800
148800
151500
183300
188400
196400
219300
222300
225100
229400
233400
236700
294600
298200
301500
303700
306300
308800
310800
313000
315700
340100
346500
348900
350900
353200
355100
357600
360300
363000
372100
388700
425700
429300
432000
434400
436300
439400
442700
445500
482800
499100
502800
508700
511800
513700
517000
521100
559500
566400
598600
602800
605100
606900
609200
611500
614100
616700
619000
622500
660100
662800
665600
667500
669300
671100
672900
674800
676700
678700
680600
682500
684600
687000
690200
717600
722500
725300
730200
784500
791800
795900
800500
804000
807200
809800
885600
889100
891900
894900
940800
980500
987200
991700
# OFFOEL
# duration (msec): 1000
# repetition number: 86
4600
8100
20100
36300
40000
43100
46700
49000
57700
62500
129200
133500
136500
138700
141400
143500
145600
148000
181600
186200
189800
193300
215100
221700
225100
228300
231300
233900
238500
296400
300400
303500
305700
307700
310300
312900
315800
342100
345400
348600
351500
354000
356000
359000
361300
364300
367900
394600
427900
431200
433600
436800
439700
443800
450500
484600
496000
505700
510000
514100
516400
519500
558100
565100
601400
604100
606200
608500
610800
613100
615600
618200
661100
664000
666200
668100
669900
671800
673600
675600
678400
680400
682300
684700
687200
690700
720700
725900
731700
779100
796200
799200
802200
807100
814600
886200
890600
895300
942600
982900
988900
# OFFOEL
# duration (msec): 1000
# repetition number: 87
4400
18500
28400
39300
43300
48500
50900
54500
59100
64100
93800
132700
136700
138800
141200
143200
145600
147900
152500
182600
187700
191000
195700
215300
220900
224600
229800
232600
235600
297300
300000
302800
305400
307300
309200
311600
313900
317700
342400
346700
349400
351400
353300
355200
357400
360700
366100
370600
386700
398900
424400
429900
432900
435800
437800
439600
442700
444900
484100
497200
503600
508500
511000
516000
521200
559600
565800
600300
603400
605900
609000
610900
612800
615600
617800
661000
663300
665200
667200
669200
670900
672600
674800
676600
678900
680900
682900
685000
689100
719300
724700
728900
734500
784000
790400
795800
799900
802600
808000
811500
883900
888800
891300
896600
942000
982500
985800
989800
# OFFOEL
# duration (msec): 1000
# repetition number: 88
4600
7300
24500
33100
38100
41200
45100
51200
54100
59700
133000
136800
139600
142900
145100
147700
150700
180300
185100
188900
216900
220700
224800
227900
230300
234300
295800
299400
302200
304700
306900
309100
311300
314100
342800
346500
348900
351900
354200
357700
359600
362900
366200
371100
384000
424400
428900
431800
435200
437600
440900
443800
484100
500000
503100
509900
514100
516500
555500
564600
599100
601500
604200
606800
608900
611400
613800
615700
618500
623500
661300
663900
666100
667900
669700
671400
673200
675100
677400
679800
682200
684500
686700
721300
724300
728800
733400
793300
796300
799700
803200
806000
809500
816000
883700
887900
890300
895400
935900
943100
982600
988800
995600
# OFFOEL
# duration (msec): 1000
# repetition number: 89
4600
9800
14700
32100
35500
40300
42600
46600
50300
55200
129500
134000
136800
138800
140900
143900
145900
149500
182100
185000
189800
194600
209000
220200
224100
228200
233300
237200
240600
297200
299300
302500
304500
307300
309800
312300
314900
319000
341800
346100
349100
351400
354200
357600
360400
363100
368700
377700
392800
426700
429900
432700
435600
438900
442400
447600
485500
500200
504100
509100
511700
514500
517400
556200
567300
600300
603400
606800
608600
610600
612500
614700
617200
620100
660600
662800
664900
666900
668800
670800
672600
674500
676300
678100
680300
682600
684800
687200
690300
720100
723900
729600
772700
784100
793600
797300
800800
806000
812100
885900
888400
890900
894200
899400
942800
980600
984300
989500
# OFFOEL
# duration (msec): 1000
# repetition number: 90
5000
15900
31400
37800
42400
46700
50000
53800
58700
132100
135300
137200
139900
142900
145000
147800
152300
182900
186100
195600
217500
221900
225300
227800
232600
235000
299000
301800
303800
305800
307600
310000
312400
315100
318600
343500
347000
349600
351900
354100
357300
359600
362300
364900
368900
380300
393400
426700
431400
434500
436900
439500
442100
484900
499400
504900
509900
512700
516100
521300
556100
561000
599900
602800
604700
607200
609000
611500
613900
616500
618600
621100
661700
663900
666100
668500
670600
672600
674300
676200
678000
680000
683600
685600
688200
722400
726300
779600
792100
797000
800200
804700
807200
809800
814100
885000
889600
893100
895700
940000
982300
986800
# OFFOEL
# duration (msec): 1000
# repetition number: 91
5100
21900
30700
36300
40500
43300
49300
51400
55400
132700
136500
139100
141500
143500
145500
148100
153200
182400
189000
194800
216400
220800
224100
226500
231300
233900
237300
296000
299800
301900
304100
307100
309000
311500
313700
317700
344800
347700
349600
351900
354900
357000
360900
363800
385300
423200
429000
431700
434200
436500
439900
443500
448500
480500
501500
506400
508800
512200
516300
520200
526600
560500
566800
599900
603200
605700
607700
609700
611800
614600
617500
620500
660500
663500
665900
667800
669600
671700
673600
675600
677500
679500
682000
684000
686900
717200
724800
727100
783600
792100
796500
799400
801800
805500
813600
885900
888000
890600
895300
939800
983000
989900
# OFFOEL
# duration (msec): 1000
# repetition number: 92
4200
18800
27900
32600
38500
43800
46800
49200
53400
59300
131400
135300
138300
140900
143700
145600
148000
154000
181800
187700
195300
217900
222900
225900
228600
232800
237800
243900
295800
298800
301100
303000
305500
307700
309700
311600
314200
318000
342600
345700
347900
350500
352700
354600
356800
359400
362500
365500
377100
394400
426700
429800
432600
435300
437500
440600
443500
447000
463200
486400
495600
504600
508400
512100
514600
517700
556500
560600
601000
603600
605900
607900
609800
611400
613900
616100
619800
661900
664300
666300
668100
669900
671700
673800
675800
678400
680500
682400
684400
686700
689300
720900
724100
730000
773400
791000
797300
800300
803900
807700
810500
813200
885500
889500
892900
941000
983600
992800
# OFFOEL
# duration (msec): 1000
# repetition number: 93
4300
7400
28600
33300
37500
42200
47300
51400
58200
132100
135700
138300
140500
143100
145300
147500
150100
182100
188600
193800
216400
221400
224700
227900
231500
234100
238700
297800
300200
302600
305100
307000
309500
311700
315600
342000
346000
348700
350900
353100
356500
358500
360800
364000
382400
388700
394600
427200
430900
433200
435600
438500
440500
443900
448900
492200
501900
505500
508900
512500
516800
557300
561500
599700
602700
605300
607700
609700
612000
615400
619200
661700
665200
667100
669000
670800
672600
674600
676700
679000
681200
683200
685300
687600
690000
721700
725900
731300
790600
794400
799800
804300
806500
809000
885400
889600
893400
942600
981600
988100
# OFFOEL
# duration (msec): 1000
# repetition number: 94
4500
8400
10800
34300
38900
43800
47200
52300
54700
130800
135300
138400
141400
143600
146500
148600
151600
182900
185800
190700
217800
221300
224100
227600
231800
235000
238800
295500
299000
302700
304600
306800
309100
311000
313800
316700
342200
345400
347900
350900
353600
355600
357700
363300
367500
381500
387900
426300
430200
433100
435300
437800
442500
481100
494900
500900
504900
508500
512600
515600
518700
558200
563500
599900
604100
606000
608700
611000
613100
615300
617400
619400
660500
663300
665200
667000
668900
670600
672600
674400
676300
678200
680100
682000
684100
686200
689500
719500
723200
734900
774600
796600
799200
802300
805600
807800
813900
885800
888800
892600
895000
938000
983100
988900
2652800
# OFFOEL
# duration (msec): 1000
# repetition number: 95
4300
6200
30200
34000
39400
43300
47500
51700
56200
63200
91700
131500
135800
138700
140500
142400
144300
146600
149700
154700
184500
187700
192500
213400
220200
223100
225800
229300
233200
236300
295700
300300
302200
304200
306000
307900
311600
313900
316000
319400
341700
344900
348200
352100
355000
357400
359300
361500
364800
379300
384900
425700
430500
433500
436300
438400
441200
444400
491600
502200
506400
509900
512500
514800
516900
520200
554100
562600
567000
600500
603800
606200
608400
610900
612800
615700
618400
622700
661100
664600
666600
668400
670100
671800
673600
675700
677600
679600
681500
683500
686400
718500
724400
728000
732600
782200
793100
797900
802000
805200
808200
816000
886600
889400
891300
894300
938400
983800
988000
# OFFOEL
# duration (msec): 1000
# repetition number: 96
4700
28700
35200
38500
44000
48300
52500
56000
65000
131700
136300
138500
140700
142600
145100
147500
152900
182800
187600
191100
195300
217700
221400
224800
228700
232500
295600
298700
301200
303600
305800
308100
309900
312000
315700
340700
343600
346800
350900
353000
355800
360200
363400
375300
385700
422700
429400
432600
434600
438100
440900
443800
480300
490300
499900
507100
510000
513000
516000
519300
555000
561200
563900
601800
604600
606800
608800
610700
613300
615600
618400
660800
663500
665600
667500
669400
671100
672900
674800
676900
679100
681000
683300
685300
688200
719700
723700
728300
734500
787100
793400
798300
801400
803700
808500
884300
888900
891800
894200
941400
984900
988100
# OFFOEL
# duration (msec): 1000
# repetition number: 97
4700
11500
31500
37300
39400
48900
53200
58400
130600
135600
138200
140500
143100
145300
148000
151700
180300
184300
187700
200100
215600
222700
225800
228500
231200
235200
240600
297400
299900
302500
305200
307200
309300
312400
314800
339400
343900
346800
349200
352500
356000
357900
360600
363500
368300
374100
388700
428500
431100
433700
435900
438200
441200
480800
493300
499500
506400
509700
513200
515900
518600
556600
560300
600400
603200
605700
607900
609900
612400
615100
618100
621400
661300
663900
666200
668100
669800
671600
673600
675500
677500
679600
681600
683500
685800
687800
690400
721300
726500
730700
776900
789700
795900
802700
805600
809400
812800
885100
888600
891200
893400
897100
938900
942100
984000
987400
992500
