# OFFOEL
# duration (msec): 1000
# repetition number: 1
7500
9800
13900
16400
19000
26100
28700
31600
40500
43100
48200
53600
61300
68400
81600
84300
87900
90500
93800
106700
135400
138100
146600
149100
152400
158200
173600
182700
201200
211400
214000
218400
220900
236500
246400
252000
258900
271300
276100
286900
301200
306100
313100
335000
347500
354400
362800
369700
372600
375500
388300
398400
400900
404200
414700
420000
429100
431500
457500
462200
464800
481000
483600
489600
497800
505000
530700
539100
551100
555800
558300
561100
565700
576400
585000
592100
613500
616300
619100
627800
632900
635400
661300
672300
675300
677900
684100
691900
706100
717200
720100
724800
730700
742100
744800
749300
761100
771600
791900
794300
796900
802900
807800
815500
823900
830000
837500
850400
853200
859200
867200
894700
905200
930400
937900
940500
960000
962700
968300
974600
980400
1003300
1009500
1025400
1031600
1070200
1081200
1083800
1089000
1096100
1137400
1153100
1155500
1158200
1160700
1177600
1192800
1199800
1212300
1214700
1224200
1235100
1241100
1245700
1252200
1257300
1269100
1276000
1287700
1291700
1297400
1303900
1313200
1316000
1318900
1340700
1347100
1367000
1379900
1393800
1396400
1400700
1406300
1414200
1420400
1431900
1452100
1468600
1479500
1482100
1488700
1501200
1519100
1544200
1547000
1555300
1583600
1586500
1594200
1596800
1616500
1628700
1636100
1640100
1642600
1652300
1659200
1663200
1666000
1672500
1680900
1694100
1696900
1707100
1716700
1723300
1739200
1744200
1747400
1757800
1781200
1787300
1801000
1816000
1827800
1835400
1841700
1857000
1859700
1870700
1880200
1890600
1900600
1906700
1915700
1935900
1938800
1951300
1955000
1962900
1967600
1972000
1997300
2002700
2016200
2018800
2034300
2047300
2053900
2069100
2075900
2084500
2087200
2090100
2100900
2106500
2111900
2116600
2135800
2138400
2143300
2172600
2175100
2183200
2186000
2194100
2213900
2217200
2236700
2242700
2257400
2260000
2262900
2268200
2280000
2282700
2285300
2289600
2295700
2317600
2341300
2347500
2358700
2371800
2374800
2378300
2384100
2387300
2403000
2405800
2414100
2432200
2436000
2443200
2449600
2455800
2461400
2476700
2482700
2494000
2499500
2502300
2508800
2522200
2528400
2547500
2565400
2580300
2590000
2593500
2596400
2601400
2614600
2625900
2629200
2640500
2651100
2663700
2693800
2699200
2701800
2740700
2743100
2751000
2753800
2758400
2770600
2776900
2797900
2810300
2820200
2825400
2839300
2843100
2849300
2852700
2861600
2881200
2894900
2899000
2904300
2915900
2928300
2933400
2939000
2941600
2948200
2958100
2960800
2965100
2984600
2987500
2998500
3027600
3044600
3057200
3066600
3090800
3093300
3097300
3114300
3122300
3136600
3165600
3168000
3172200
3189100
3195700
3201900
3214300
3232700
3236800
3262900
3272800
3286000
3291400
3297700
3322100
3340100
3351600
3361700
3368900
3377600
3380700
3386300
3399800
3404100
3410200
3425100
3431600
3451600
3456800
3471900
3477200
3483700
3494800
3497300
3508800
3524900
3539300
3542200
3545900
3549000
3554700
3572000
3579500
3589000
3597100
3610600
3614500
3621500
3624800
3644600
3651400
3665000
3674100
3678400
3688200
3690700
3714700
3724900
3747700
3750900
3756400
3762300
3772600
3785900
3794700
3804500
3809000
3811700
3821200
3823800
3837000
3839700
3845400
3853700
3878000
3880700
3886800
3893700
3900500
3903200
3906300
3917200
3922000
3933000
3948100
3958600
3976400
4003400
4007500
4012100
4015000
4045200
4054100
4060700
4065100
4067600
4073500
4078100
4085200
4089100
4091900
4099700
4105700
4123900
4133900
4170700
4177900
4192200
4197000
4204900
4218300
4225000
4228200
4230700
4235200
4240300
4252100
4256500
4265300
4282500
4285000
4298900
4301400
4306600
4316100
4318800
4322100
4326200
4333500
4369600
4373000
4394500
4397400
4402800
4407000
4409800
4426900
4432300
4438900
4448100
4455000
4467200
4471700
4480400
4491700
4508400
4511100
4525400
4528100
4536100
4540800
4558700
4561300
4565800
4568500
4588200
4595100
4600700
4606700
4641900
4652500
4665500
4673600
4676500
4687900
4715600
4718200
4723000
4730000
4741300
4744000
4748100
4762200
4794400
4797200
4804100
4810100
4824600
4836900
4841600
4852800
4867800
4884300
4901600
4904100
4911900
4926600
4934400
4968000
4983000
4989800
4992300
4998200
5003100
5006500
5026400
5035000
5037600
5059300
5061800
5088700
5091100
5093900
5096400
5113700
5134300
5139900
5146400
5157200
5160600
5167800
5177000
5183700
5207800
5213600
5220800
5225300
5244800
5247800
5257900
5266000
5279100
5287900
5295900
5299300
5305000
5327200
5334900
5349900
5361400
5366100
5373300
5386500
5397700
5422800
5429300
5434700
5439900
5443300
5455700
5461000
5469700
5477500
5483000
5498600
5501300
5513800
5520000
5530800
5533500
5541100
5546100
5562200
5569000
5576200
5579700
5645400
5648200
5651900
5656500
5662600
5680700
5689000
5691900
5706200
5709300
5713000
5732400
5736900
5756800
5759300
5764600
5772400
5802900
5810700
5834500
5837400
5843600
5846300
5851800
5863700
5871800
5875100
5886500
5907000
5918100
5923400
5928000
5940000
5963000
5994300
6008900
6031300
6037400
6040300
6057700
6067100
6074400
6096700
6099200
6111100
6123000
6144800
6163200
6176800
6183800
6190200
6193000
6207000
6210100
6222200
6249200
6270400
6274900
6277400
6298100
6300900
6307400
6315200
6317900
6336800
6339500
6349200
6352400
6388300
6398100
6402400
6417800
6420800
6426200
6429400
6438600
6444300
6467700
6473400
6476300
6480500
6506200
6509000
6527100
6534600
6544800
6551900
6557900
6560900
6571300
6579600
6585500
6595300
6599800
6614700
6618300
6635400
6642100
6650700
6656800
6660300
6689900
6694700
6701500
6712300
6721600
6735100
6760700
6766800
6783600
6789200
6791900
6796600
6799600
6805000
6812000
6817700
6835300
6841000
6843700
6852600
6865500
6873400
6879500
6896300
6899200
6910400
6921400
6932700
6936300
6941800
6957200
6983100
6994000
7003900
7007500
7010700
7013400
7019800
7023900
7027600
7031700
7065500
7068200
7071200
7077500
7093000
7111100
7115900
7128900
7142800
7154000
7156700
7173800
7176400
7195600
7205600
7210700
7232000
7238400
7245500
7248100
7251900
7256100
7261500
7302400
7315900
7323500
7326800
7342500
7353300
7364100
7367500
7373600
7376200
7379000
7392800
7409100
7420100
7423200
7430600
7451000
7463300
7467700
7475500
7482200
7489500
7504700
7516300
7521500
7527200
7536500
7542400
7548700
7557600
7560700
7566300
7578000
7588900
7594700
7602100
7622900
7625800
7643000
7646000
7658400
7662400
7668600
7689500
7702900
7709000
7715300
7717900
7724100
7729500
7749300
7789000
7823600
7826200
7830200
7861500
7864100
7866700
7873000
7904300
7915100
7918600
7921400
7934700
7941100
7946700
7968300
7975400
7981000
7986500
7990600
8016200
8019700
8025800
8028500
8050400
8066000
8090800
8093500
8103700
8122300
8140000
8142900
8154700
8157600
8162000
8172200
8198200
8207000
8214600
8229800
8232800
8248500
8275400
8295200
8297700
8300500
8305500
8310400
8313200
8326400
8347800
8353200
8359800
8362800
8371300
8387700
8390600
8397400
8400500
8420000
8423900
8460000
8479500
8482700
8486100
8489000
8499500
8502200
8505000
8507900
8514400
8527100
8558400
8569700
8572500
8576000
8592700
8595500
8615500
8625700
8629100
8639100
8660000
8662700
8668500
8671800
8681900
8693800
8696800
8704700
8725900
8733700
8746200
8752300
8767500
8770700
8783800
8817800
8825900
8828400
8832600
8842400
8846900
8868500
8895900
8919200
8925100
8930900
8937800
8946500
8964700
8971500
8998800
9006200
9008700
9011400
9019800
9050100
9052900
9057600
9062900
9067600
9071300
9083400
9110100
9118800
9121500
9179100
9182500
9185200
9199000
9202200
9208200
9215200
9218400
9238100
9241000
9251200
9259500
9266900
9277100
9285300
9288600
9294100
9300700
9309300
9312000
9316600
9340200
9350000
9365100
9370900
9373600
9387500
9398700
9406600
9410500
9413400
9422900
9429000
9438800
9452300
9455400
9464600
9467200
9477900
9481000
9494500
9534500
9558700
9565400
9579800
9583300
9589200
9598800
9606100
9615000
9620000
9631000
9635500
9646700
9667200
9684000
9686800
9689400
9694000
9697200
9714300
9730700
9733400
9738500
9742800
9768400
9782300
9796100
9798700
9824200
9849100
9860100
9862800
9875400
9878100
9913900
9916800
9924900
9929900
9937000
9940500
9946500
9957200
9965600
9979100
9981800
10000200
10131000
10141400
10144500
10154600
10187900
10205500
10230500
10338200
10724200
