# repro call number: 0
# mode: 3
# signal: 2
# stimulus file: /extra/setup/oel/stimuli/receptorInfo/gauss_st6_co100.dat
# carrier freq (kHz): 10
# stimulus length (msec): 1000
# pause between stimuli (msec): 700
# length of ramp (usec): 1000
# desired firing rate (Hz): 100
# standard deviation (dB): 6
# cut-off frequency (Hz): 100
# repetition number: 0
# duration (msec): 1000
# intensity (dB): 73.1132
12400
20700
22700
24800
28300
44800
47300
58600
60400
62300
64500
76600
79500
81700
84000
94900
97300
102000
104100
106500
117100
130200
135600
137600
139800
143800
150000
153000
171100
181600
191800
194000
211100
213000
217200
224900
247300
284400
286700
293000
295800
298000
300100
313800
316400
322400
327600
336200
343100
354300
373300
376400
382300
384700
387300
406700
410200
424700
433200
435200
437400
452400
455400
464100
466500
484900
487000
489200
520400
522500
532200
542900
553300
556300
577600
587300
590100
605700
607800
610200
615800
628600
666200
668400
677900
680800
692500
694800
698000
710200
715600
717900
720000
722900
726000
728800
743900
747000
749500
754100
757000
759400
770800
782900
793100
823000
826400
852300
854500
858400
875400
885300
887300
890700
898500
918700
920900
923900
927800
977600
980100
984800
991000
994800
1013200
1015600
1025600
1029900
1036800
1044500
1046500
1048500
1080100
1083300
1086200
1091000
1102200
1104200
1106500
1117300
1126200
1128400
1138400
1140400
1151700
1161200
1170100
1172400
1175500
1186000
1211800
1213600
1225800
1248400
1250500
1274200
1277000
1280000
1283500
1301500
1304500
1307500
1320400
1322700
1332900
1335200
1343400
1346100
1366300
1368900
1383900
1397600
1422100
1425400
1432500
1450500
1473000
1475300
1478500
1496400
1499500
1513700
1516300
1558200
1563800
1574800
1576900
1580000
1584300
1591800
1596400
1613200
1623200
1644900
1647100
1649700
1668900
1684000
1686500
1695700
1698400
1731600
1745300
1749300
1754100
1757500
1765700
1767700
1770100
1772800
1787700
1792100
1794800
1797200
1800500
1805900
1808000
1810400
1827000
1829200
1831600
1856400
1858400
1861300
1873400
1877800
1897900
1900100
1902300
1908000
1910300
1920700
1952200
1958800
1961000
1964900
1976000
1978300
1998600
2001900
2009800
2012300
2021300
2033200
2039300
2061500
2063500
2066300
2072700
2095800
2098900
2113100
2116300
2128900
2131000
2135700
2150100
2173500
2184000
2186500
2189300
2208600
2219300
2240700
2244400
2270300
2279900
2283500
2290900
2292900
2307900
2310000
2312200
2314700
2322400
2324700
2327300
2342200
2344200
2346400
2363200
2365300
2391500
2393900
2404600
2427800
2438300
2440200
2442500
2469000
2471400
2483300
2485800
2516000
2525800
2528000
2540900
2553400
2556500
2580100
2585200
2590600
2601200
2625600
2628400
2631300
2639500
2649600
2652400
2658300
2661100
2664200
2672500
2678600
2682600
2685300
2713800
2716000
2744100
2746300
2748800
2752700
2756900
2759500
2792400
2815600
2828900
2839700
2843500
2855700
2857800
2896800
2899700
2909200
2911500
2922300
2948800
2962600
2965000
2968600
2978500
2980500
2982700
2992500
2996700
3003600
3005800
3012200
3015000
3021600
3025200
3029000
3032600
3044700
3096100
3098900
3116400
3124900
3126900
3169700
3172600
3184100
3186600
3198400
3207300
3209100
3211500
3224100
3247000
3249800
3282400
3284700
3337600
3339700
3351700
3354800
3379600
3411800
3413700
3416300
3442400
3487200
3490300
3492800
3504400
3510800
3513800
3529300
3544200
3547800
3550300
3552800
3563900
3566100
3568700
3577000
3579400
3583600
3588200
3615200
3660500
3679800
3692900
3695100
3709300
3712100
3714600
3725700
3728000
3730800
3737800
3748900
3750900
3763400
3765800
3775400
3787400
3798500
3831700
3840700
3853700
3864400
3877300
3880600
3893300
3895700
3911600
3914200
3926300
3929100
3931300
3954300
3966200
3976800
3979100
3981400
4005000
4018700
4020800
4032100
4045100
4055000
4056900
4058900
4067500
4070300
4082600
4087900
4090100
4140600
4142800
4145000
4147400
4221600
4224000
4232600
4235100
4240100
4245400
4249700
4261100
4263600
4288100
4290600
4307900
4311100
4357300
4359500
4363200
4375400
4379600
4402700
4416300
4432000
4445000
4450300
4456900
4480700
4484200
4489800
4491800
4494400
4515700
4517600
4522300
4532700
4536200
4538500
4541000
4567800
4569700
4572900
4580400
4603200
4612500
4614500
4617000
4635900
4637900
4640200
4672600
4674800
4690100
4703600
4706500
4717100
4719400
4739800
4741900
4751500
4755400
4762900
4765800
4799800
4809900
4812600
4819800
4821900
4824600
4832600
4834700
4837200
4846400
4864800
4874100
4876100
4883900
4887900
4906000
4917000
4924400
4926600
4960700
4965800
4999200
5001400
5003900
5030400
5032500
5034700
5040400
5043000
5045400
5062200
5072900
5076100
5100100
5102300
5127400
5129600
5131800
5145300
5157800
5194000
5196600
5200900
5221700
5224100
5226600
5234300
5236400
5239400
5246900
5249700
5252200
5266700
5282100
5285000
5295300
5297400
5308700
5316600
5320700
5323700
5327700
5337400
5339500
5342300
5346700
5359000
5396100
5398700
5401500
5425800
5428600
5433600
5445900
5458700
5467100
5469500
5474400
5478400
5480900
5514900
5527000
5561400
5571200
5575100
5589000
5591800
5595300
5597700
5600600
5613800
5626200
5629500
5642700
5646500
5648900
5654300
5675900
5678300
5681500
5686900
5698100
5706800
5709200
5711700
5739400
5751000
5754100
5782100
5785400
5787900
5790100
5815300
5825000
5827400
5851100
5905100
5922800
5924800
5927000
5936600
5957600
5987200
5989800
6015400
6018700
6030200
6032600
6035000
6038100
6042700
6045600
6048900
6051600
6056700
6080000
6083400
6091500
6095800
6130100
6140900
6171100
6173200
6176700
6190400
6192700
6194800
6236500
6247900
6250100
6260500
6263200
6266400
6274800
6277500
6280000
6293200
6301500
6304500
6311000
6362500
6380000
6391900
6394100
6405400
6415300
6426800
6451200
6454900
6466700
6471400
6474300
6481700
6484500
6500900
6510300
6514700
6543300
6545400
6548600
6555700
6558200
6561800
6576400
6608400
6624400
6626700
6629000
6660200
6684300
6688000
6692100
6707700
6729900
6750200
6752700
6765000
6775900
6778100
6780400
6812100
6814900
6834800
6852300
6855100
6865800
6876600
6879500
6892200
6903300
6917800
6920000
6923100
6951500
6953900
6965700
6968600
6990300
6992800
7006600
7008900
7017800
7019800
7022100
7024600
7032500
7036400
7044100
7054000
7064200
7066500
7095000
7097900
7106800
7124700
7126700
7129300
7135800
7139200
7159700
7209300
7211500
7220900
7222800
7225200
7266600
7268700
7271700
7297800
7322700
7325200
7334800
7336800
7339600
7349100
7363900
7370300
7381400
7434500
7439600
7456300
7458200
7468000
7470000
7472700
7495400
7498300
7500700
7504100
7591800
7593800
7612100
7616200
7625800
7627800
7646100
7649100
7651900
7662500
7665900
7688500
7691900
7694500
7696800
7711100
7715000
7717300
7719600
7722000
7728100
7740400
7742800
7750000
7762700
7776600
7793500
7807200
7809700
7820400
7823300
7836600
7840100
7876300
7878300
7881500
7897700
7919100
7921300
7932500
7935500
7970400
7973300
7975600
7977800
7980800
7984700
7987300
7989700
7993000
8015000
8040300
8042500
8044800
8046900
8049600
8053100
8055600
8058300
8079400
8081500
8083800
8086100
8098600
8124800
8126900
8139900
8144700
8168200
8170500
8173900
8184800
8187000
8198500
8207100
8209500
8229000
8231400
8233900
8236800
8249900
8268300
8271100
8284500
8288000
8297600
8327300
8361600
8369500
8371600
8374400
8380600
8414600
8417900
8427000
8429400
8431700
8451500
8474200
8476900
8490300
8492400
8521400
8524400
8536200
8538500
8568200
8570900
8581000
8600100
8609000
8610900
8613200
8622500
8639700
8651000
8653000
8662900
8677300
8685500
8687900
8716700
8733100
8763900
8766800
8769300
8772400
8800300
8802700
8826400
8829000
8868200
8870500
8891900
8913000
8915300
8923200
8930600
8935300
8939300
8964400
8967700
8971700
8974400
8977100
8990900
8999700
9023300
9025300
9027800
9082300
9084500
9086600
9088800
9091900
9110700
9122100
9125700
9131100
9137600
9141500
9153000
9162700
9184000
9186300
9189000
9201300
9212700
9229700
9231800
9248700
9251500
9261200
9263700
9274100
9284500
9288200
9315700
9326500
9329300
9342000
9376800
9388200
9390700
9394300
9398000
9417800
9420700
9423700
9432800
9448600
9464600
9466800
9480200
9513400
9515700
9527300
9529700
9544000
9546700
9557100
9600400
9606900
9617700
9640100
9642100
9645000
9647700
9651100
9657800
9660400
9686700
9699000
9705100
9708100
9711000
9718900
9739700
9742100
9745900
9760200
9767200
9769700
9780000
9782500
9789900
9792100
9811200
9822900
9838300
9850200
9862400
9864500
9867200
9870300
9874400
9943600
9946500
9949300
9963100
9977500
9989700


