# repro call number: 0
# mode: 3
# signal: 1
# stimulus file: /extra/setup/oel/stimuli/receptorInfo/gauss_st6_co200.dat
# carrier freq (kHz): 3.53553
# stimulus length (msec): 1000
# pause between stimuli (msec): 700
# length of ramp (usec): 1000
# desired firing rate (Hz): 100
# standard deviation (dB): 6
# cut-off frequency (Hz): 200
# repetition number: 0
# duration (msec): 1000
# intensity (dB): 100
6100
10100
14700
19200
25100
29900
37300
41800
47100
52500
59500
64600
69300
75300
80600
86600
93800
104700
117800
128900
136000
145400
149900
156900
171300
180600
186700
193600
200600
208600
214000
219100
227100
238000
244500
249900
260200
270100
285000
298700
304400
312300
327700
335600
343200
349600
362600
369600
383900
388600
397900
405600
413300
419400
428700
440100
450300
457300
462300
468600
475400
480800
489600
497900
503500
515400
528400
539600
549100
555300
559600
565600
583500
591500
606400
612100
618000
627200
634100
652100
660100
669900
675800
682800
691300
705200
717100
723900
732800
740600
749100
760200
771300
791000
801900
813800
823200
829800
836600
844000
850900
859700
867000
883300
893700
902900
922300
930200
936900
957100
962400
968600
979700
1002800
1010400
1025600
1031500
1056500
1066400
1073500
1081100
1089600
1096700
1113100
1126200
1136300
1145100
1153300
1160600
1177300
1186200
1193500
1201100
1212800
1224800
1236000
1241300
1247100
1257200
1267600
1276100
1291000
1298100
1304700
1313000
1318100
1339900
1347500
1365300
1380000
1392200
1400800
1412600
1421200
1432300
1445800
1458500
1467900
1479000
1490100
1517200
1532600
1542800
1551900
1557500
1581200
1588400
1594600
1610000
1618400
1629600
1640000
1656900
1663200
1674100
1680600
1693600
1701400
1707100
1722100
1728100
1735400
1745000
1757500
1781400
1788200
1804600
1815900
1827100
1834700
1856800
1870900
1879400
1890600
1900800
1915000
1934700
1949900
1961800
1972400
1987900
1996800
2017100
2030800
2036800
2053700
2059100
2068300
2079600
2086100
2100500
2106800
2116400
2135900
2163500
2172800
2182600
2198000
2212800
2223300
2234400
2241800
2257600
2266400
2279100
2295400
2303800
2314600
2320100
2332400
2342700
2348900
2358700
2372500
2379500
2385900
2402000
2414400
2434600
2443900
2454500
2462100
2481900
2494600
2500700
2512900
2522700
2530000
2552800
2564700
2574900
2589600
2596600
2602200
2614300
2625800
2649700
2664000
2676000
2690800
2699600
2726000
2740100
2753700
2769900
2777800
2798500
2810700
2818500
2825700
2840300
2850200
2861300
2870800
2879600
2891400
2915700
2928100
2938300
2958900
2970500
2982300
2998500
3014900
3028100
3041200
3056600
3064100
3082000
3090900
3114600
3124500
3135600
3153500
3165100
3188700
3201300
3213900
3230600
3237300
3249100
3265100
3276400
3282300
3291800
3307100
3322600
3339500
3352700
3360900
3369100
3377200
3385900
3399200
3424100
3451500
3468300
3478200
3489500
3496500
3507500
3516400
3539600
3546700
3555200
3572500
3581100
3589800
3609700
3639700
3651000
3662600
3674600
3686700
3712000
3724900
3747100
3757300
3772400
3784600
3797800
3809600
3823200
3835600
3845300
3861500
3879300
3892000
3901900
3916500
3923600
3957300
3975200
3987000
4007100
4013600
4035200
4046100
4059400
4066200
4076700
4088600
4121600
4133200
4164000
4178800
4192600
4205100
4219100
4227900
4240400
4252500
4264400
4282200
4299700
4306800
4316700
4323300
4334100
4349700
4371600
4391700
4403200
4427200
4433300
4449200
4465500
4475200
4487000
4503300
4509600
4525600
4538100
4558300
4566100
4590200
4601500
4612100
4627800
4641400
4652100
4666800
4673800
4689000
4699400
4712700
4730800
4741700
4749000
4780600
4793800
4804500
4811300
4824600
4846800
4879300
4895300
4903000
4912100
4926900
4935300
4947000
4963700
4982300
4989900
5003700
5024300
5034700
5059600
5075100
5084900
5095300
5113300
5134300
5140800
5157500
5168700
5176500
5209800
5224700
5244400
5259100
5278000
5288100
5296400
5305600
5326900
5348700
5365200
5388000
5398200
5421000
5434700
5441200
5454400
5473600
5482400
5497100
5514400
5531200
5546300
5561800
5576700
5620800
5635200
5646300
5655100
5662500
5671500
5680000
5690200
5705900
5733200
5751700
5759000
5766800
5774400
5801900
5813600
5828800
5836000
5845600
5852700
5863800
5873600
5886400
5917700
5924600
5940600
5962200
5983200
6009300
6031300
6040100
6056500
6067300
6075000
6095700
6111300
6122900
6149500
6163300
6174000
6183200
6192100
6206900
6221700
6248400
6269800
6276600
6297400
6314700
6336700
6349700
6371800
6384300
6403300
6418400
6427200
6439500
6468800
6479900
6505500
6524800
6535900
6550600
6560100
6572400
6579500
6598600
6615100
6635100
6656000
6680600
6691000
6712400
6722400
6766200
6783900
6791000
6798900
6812100
6835700
6842900
6852800
6866500
6874700
6896500
6932900
6942900
6977100
6983900
6993200
7002700
7009900
7023700
7033200
7064900
7077600
7092600
7110700
7121100
7143500
7157900
7173500
7196000
7210100
7232100
7240800
7252100
7261400
7296900
7315800
7326400
7343400
7349500
7364000
7373300
7391000
7406200
7421900
7467200
7481700
7489800
7501400
7517100
7527100
7536800
7548000
7565000
7589100
7595700
7617200
7643100
7660300
7675000
7690700
7703100
7716200
7729700
7747500
7756600
7786400
7814900
7825500
7857500
7863300
7873600
7898300
7915200
7923100
7936500
7946000
7959800
7976600
7988100
8015300
8025800
8047600
8056600
8067100
8085100
8104000
8117200
8136600
8153500
8162700
8172900
8198200
8207600
8231400
8247600
8263200
8286000
8296200
8309200
8326000
8347400
8360900
8370500
8387000
8398700
8418400
8479300
8486000
8498900
8517700
8526600
8555800
8571600
8593000
8614100
8625700
8640700
8659900
8669100
8682000
8694200
8702700
8725400
8745600
8754600
8782700
8811400
8825500
8842500
8862500
8874600
8894800
8918800
8926400
8939200
8947400
8964600
8998500
9007100
9020600
9049800
9063000
9071700
9084300
9099100
9110400
9119700
9151300
9161100
9179500
9196500
9208600
9237200
9252000
9261000
9268300
9277700
9289200
9303600
9309800
9333500
9341900
9351000
9365700
9372200
9391800
9399200
9410100
9422900
9438400
9453300
9464800
9478200
9494700
9518700
9557600
9579800
9590500
9599100
9615800
9621800
9630900
9646800
9683100
9694400
9710700
9731200
9741800
9759800
9769600
9780200
9794200
9825900
9849100
9861900
9874800
9899200
9913800
9930000
9940600
9947800
9957600
9966100
9979200
10000900


