# repro call number: 0
# mode: 3
# signal: 2
# stimulus file: /extra/setup/oel/stimuli/receptorInfo/gauss_st6_co100.dat
# carrier freq (kHz): 3.53553
# stimulus length (msec): 1000
# pause between stimuli (msec): 700
# length of ramp (usec): 1000
# desired firing rate (Hz): 100
# standard deviation (dB): 6
# cut-off frequency (Hz): 100
# repetition number: 0
# duration (msec): 1000
# intensity (dB): 100
6800
11600
16600
21900
26700
43600
48300
59500
63900
75000
81100
96500
102700
108100
118500
130200
136600
141200
151500
164100
173100
180800
193400
212200
226300
231800
245700
269700
285400
293100
298900
305700
315500
323800
336900
348900
355900
374300
382100
387100
406600
424600
431500
437500
453500
464300
486000
491500
520600
526100
534000
544900
554700
577700
589200
606500
612700
619100
640100
657800
666500
679900
690700
697700
711600
719200
729500
746400
751900
760000
773800
784000
794300
826200
854900
861700
876400
887100
898800
919600
926600
977700
983100
991800
1014600
1031400
1044300
1049400
1080500
1087300
1093900
1104600
1110200
1119700
1128100
1140500
1153100
1162500
1172100
1187600
1213300
1228200
1238800
1250100
1274300
1280800
1304200
1309700
1321800
1334500
1345500
1366900
1385300
1397900
1410600
1424700
1433300
1451400
1466900
1476500
1490300
1497700
1511100
1517400
1544600
1559300
1576400
1583200
1596700
1625500
1639400
1647400
1668600
1677700
1686600
1697800
1734500
1745500
1754400
1768100
1787300
1796400
1807600
1829600
1857800
1874400
1889800
1901200
1910500
1922900
1935000
1951500
1959900
1977300
2000500
2011600
2023700
2036200
2063400
2095000
2112900
2119900
2130900
2151300
2175200
2186700
2208200
2218300
2241300
2254600
2271500
2282900
2294000
2310100
2324800
2344600
2365300
2392200
2428000
2440700
2468300
2474300
2484900
2515800
2528000
2556300
2580700
2589100
2603800
2627300
2632800
2642000
2650200
2660800
2673900
2684400
2709800
2717800
2733900
2745700
2753500
2760700
2794300
2806000
2816500
2841900
2857900
2897500
2910300
2923600
2945800
2951400
2965000
2980600
2987800
2994700
3004700
3014000
3020300
3027300
3046500
3082800
3098100
3118400
3127700
3160800
3171700
3182700
3189300
3200400
3209500
3224700
3249200
3274400
3284100
3310200
3338800
3356600
3371600
3390900
3402300
3415600
3444700
3465200
3484000
3491400
3505600
3513500
3540000
3549000
3555500
3566600
3579600
3589400
3615900
3631300
3647100
3660800
3673700
3681600
3694200
3710100
3716800
3727400
3739700
3752900
3765700
3788900
3800800
3816400
3832800
3843800
3856100
3866600
3878900
3894800
3913700
3928900
3953600
3967400
3977400
3983100
4006100
4021900
4035100
4047600
4058200
4069700
4081700
4090700
4136200
4143200
4151000
4184700
4205800
4223400
4236200
4245900
4257800
4264900
4289300
4307700
4317200
4343200
4351100
4361100
4375000
4383300
4401900
4417600
4433300
4445500
4456400
4482200
4491400
4496900
4516700
4535300
4541500
4568800
4582800
4603900
4614800
4638300
4674100
4691500
4704400
4720300
4733000
4744100
4754500
4763800
4789800
4799800
4813600
4822600
4835600
4865600
4877100
4887400
4924200
4961000
4993200
5002400
5031800
5037600
5046800
5060200
5072500
5102300
5128300
5148500
5158500
5176300
5195500
5220800
5227500
5238100
5249500
5269400
5281200
5296800
5317800
5328700
5340700
5358700
5384200
5397700
5404200
5427300
5447900
5470600
5479800
5507000
5518000
5527100
5561200
5579600
5590200
5596900
5602600
5626500
5643200
5650100
5680100
5699300
5710600
5741500
5752900
5780200
5788800
5805600
5816800
5828400
5850200
5877500
5891200
5906400
5924200
5930500
5940000
5952800
5960500
5989100
6015000
6022300
6031600
6044800
6052600
6060700
6081500
6092500
6118700
6132700
6144500
6172700
6191200
6196600
6230700
6249600
6263000
6278100
6294700
6304800
6359900
6376900
6384000
6394900
6416300
6430200
6451600
6469600
6479200
6485800
6512400
6519800
6545900
6557900
6577900
6609000
6625700
6631700
6659900
6666000
6684200
6708900
6730300
6748500
6768100
6777700
6798900
6813200
6835500
6853000
6867600
6879500
6893000
6901500
6917900
6924500
6938400
6953400
6967200
6991400
7009000
7020100
7035100
7045200
7057200
7066600
7096700
7108500
7125000
7131300
7137800
7160900
7182400
7211500
7223100
7247100
7258900
7269000
7294200
7301700
7320300
7336800
7350300
7363300
7370800
7382700
7434100
7446600
7458700
7471800
7496600
7508000
7578000
7593100
7614600
7627400
7645500
7652700
7664900
7689200
7696500
7713400
7719700
7731300
7743800
7752000
7764300
7775900
7794400
7810200
7823700
7836800
7845300
7866700
7877600
7897200
7921000
7935400
7958700
7972100
7979100
7987800
7995700
8010000
8028300
8042600
8048200
8057000
8081800
8089300
8125700
8131500
8144600
8169100
8185300
8199500
8209400
8230100
8236100
8259800
8271200
8285600
8297000
8326800
8361700
8371700
8409500
8429200
8443100
8465900
8476400
8491900
8511200
8522400
8539100
8549600
8569900
8583000
8601000
8610100
8624600
8640800
8653100
8663700
8678600
8687700
8716600
8730000
8747900
8764400
8770500
8788300
8801400
8827200
8861300
8870000
8893000
8914000
8928500
8940600
8947700
8964300
8972300
8978700
8995100
9025200
9049100
9070300
9082600
9089200
9111200
9124600
9133100
9143000
9156000
9175800
9186300
9202800
9230300
9237300
9249700
9263100
9276400
9286300
9316500
9328300
9343600
9358800
9377200
9390900
9420100
9434800
9447100
9465300
9484700
9514500
9532200
9547500
9560400
9589600
9600400
9607500
9618000
9641700
9648200
9660900
9687000
9699700
9708700
9719500
9742500
9762900
9769100
9781300
9791800
9814300
9828200
9838100
9850700
9865200
9876000
9894400
9917300
9946300
9954800
9966300
9978700
9993300


