# repro call number: 0
# mode: 3
# signal: 1
# stimulus file: /extra/setup/oel/stimuli/receptorInfo/gauss_st6_co200.dat
# carrier freq (kHz): 3.53553
# stimulus length (msec): 1000
# pause between stimuli (msec): 700
# length of ramp (usec): 1000
# desired firing rate (Hz): 100
# standard deviation (dB): 6
# cut-off frequency (Hz): 200
# repetition number: 0
# duration (msec): 1000
# intensity (dB): 100
6100
10100
13800
18400
24600
29400
37100
42400
47800
53700
60300
68700
76800
81500
87400
94100
104700
117300
128900
136000
145200
157700
171400
181500
187100
198400
208300
214200
219000
227100
238700
247100
254900
261200
270500
285600
298300
305300
312800
327600
335900
344800
353700
362100
369900
375700
385300
398400
405400
418200
428400
437900
456600
463000
469700
476300
481800
489300
498200
515400
529000
545000
551500
556500
564800
584000
596400
606700
613700
626800
634400
653600
661300
671100
678100
683800
692900
705200
716900
724900
732400
741400
759600
791200
801300
813800
823700
836000
844400
858200
867000
882500
893800
902700
914400
930100
938400
958400
968000
978800
1002700
1030100
1056700
1065900
1074100
1082200
1088800
1096500
1117400
1126300
1137000
1153000
1159000
1186200
1192700
1200400
1212900
1223900
1236800
1246100
1257100
1269200
1275800
1292000
1297600
1312300
1317900
1339200
1345800
1364900
1383900
1394000
1401200
1412900
1421700
1431900
1445600
1467200
1478800
1489100
1500700
1512100
1543700
1550400
1556500
1581100
1589900
1595700
1610800
1628500
1636000
1641500
1657100
1663700
1679700
1698600
1706700
1736800
1744300
1757800
1770500
1781100
1802700
1815900
1827500
1835600
1843100
1857100
1878500
1890900
1901000
1915500
1935500
1960900
1967600
1973600
2002300
2017200
2032500
2047000
2057700
2068800
2075800
2084800
2101200
2115300
2135600
2163100
2173000
2183100
2197100
2212900
2232200
2257000
2267300
2279900
2295300
2304800
2314200
2320300
2347000
2372100
2384400
2402300
2413900
2435100
2454600
2461900
2481600
2494400
2501200
2512800
2523200
2528900
2563400
2580700
2590200
2600900
2615700
2627000
2650100
2659800
2676400
2693300
2699800
2740600
2751900
2758500
2769700
2797100
2811000
2825300
2842500
2850800
2861900
2880000
2897400
2915800
2937700
2958000
2964400
2983400
3015700
3027800
3041000
3057100
3066400
3090800
3114600
3136300
3165000
3189400
3213000
3230800
3238000
3262200
3272800
3280700
3287400
3307900
3339300
3352000
3361000
3385200
3398100
3423800
3451300
3458200
3471200
3483200
3495200
3508700
3518800
3538400
3546300
3556000
3571900
3582300
3597100
3610000
3622700
3642300
3651600
3662600
3674000
3687600
3713800
3725500
3746600
3756300
3772900
3780700
3804500
3811100
3821600
3836300
3845600
3862200
3879700
3892600
3900800
3923200
3933200
3948000
3957000
3976100
3986900
4007400
4013400
4045100
4065600
4077400
4086200
4104500
4123100
4133400
4170800
4191800
4213900
4227200
4235900
4252000
4267400
4283200
4294900
4300900
4317300
4324600
4349800
4372700
4393000
4403900
4426500
4433100
4447300
4455900
4466000
4472800
4486300
4509400
4524900
4535200
4542100
4558800
4566700
4591100
4602800
4627800
4643000
4652800
4673200
4688400
4716000
4730700
4741700
4748300
4756400
4792400
4809700
4824800
4851900
4877000
4885100
4896100
4902800
4912000
4927300
4935600
4968900
4981600
4990600
4999200
5005900
5024900
5033700
5059300
5075400
5087600
5095600
5113100
5138700
5157800
5174000
5185700
5212800
5224700
5244300
5257900
5280500
5296000
5306300
5326700
5349000
5365700
5373700
5387800
5422600
5434000
5440500
5454800
5471500
5479000
5498300
5530700
5544500
5562600
5571200
5578500
5622700
5635800
5645800
5655500
5672900
5691200
5706100
5732500
5756500
5765000
5773000
5802500
5811000
5829400
5836200
5845100
5854100
5870100
5886700
5918600
5927700
5939700
5962500
5994600
6008800
6031400
6040100
6058400
6066500
6096500
6110900
6123500
6148800
6163100
6191300
6201800
6208500
6221900
6249500
6269800
6276400
6298500
6305700
6315000
6336700
6350100
6402500
6417600
6426200
6438600
6468800
6479700
6506300
6525400
6539100
6551500
6558900
6572500
6580000
6586100
6598300
6615500
6636000
6657300
6684300
6699600
6723200
6753300
6767100
6784600
6791800
6804300
6812200
6834700
6852800
6873000
6896700
6910300
6932900
6943400
6962000
6983100
6992600
7007900
7025200
7033200
7065400
7078100
7093000
7120800
7129100
7154800
7173700
7195100
7211700
7232200
7238500
7245400
7253300
7260600
7301800
7324400
7353400
7365300
7373100
7391200
7407800
7451000
7467300
7482100
7490300
7501400
7516000
7528100
7543900
7554100
7561500
7578200
7591900
7602700
7622300
7630100
7644000
7675700
7689600
7709500
7716500
7728800
7748300
7784100
7823700
7832000
7857800
7865600
7899100
7914300
7923100
7934500
7955600
7969300
7985100
8015900
8028100
8048200
8077200
8084600
8104600
8121600
8140600
8152900
8163400
8172700
8199800
8207400
8229600
8248300
8275600
8295300
8309300
8327100
8348300
8361400
8371900
8387600
8398200
8417500
8461600
8478800
8499100
8523300
8555100
8570400
8592300
8615100
8627300
8639700
8659100
8683000
8694700
8707800
8725200
8734900
8746400
8753500
8783300
8812200
8825700
8833400
8842000
8873700
8893100
8920700
8931200
8946800
8965000
8972900
8998400
9007000
9020100
9049300
9062400
9070500
9084700
9119600
9149500
9181500
9197600
9208600
9216200
9236900
9251900
9266600
9278300
9289700
9309000
9341200
9351300
9370700
9378500
9408800
9422600
9437600
9452400
9464800
9478000
9564400
9579500
9589900
9597600
9613900
9632100
9647000
9665200
9688600
9696400
9704400
9721800
9731000
9741600
9769200
9796400
9825200
9860300
9876700
9899200
9913800
9926200
9936800
9947800
9957900
9966400
9979300
10001100


