# repro call number: 0
# mode: 3
# signal: 1
# stimulus file: /extra/setup/oel/stimuli/receptorInfo/gauss_st6_co200.dat
# carrier freq (kHz): 10
# stimulus length (msec): 1000
# pause between stimuli (msec): 700
# length of ramp (usec): 1000
# desired firing rate (Hz): 100
# standard deviation (dB): 6
# cut-off frequency (Hz): 200
# repetition number: 0
# duration (msec): 1000
# intensity (dB): 61.5556
8900
14200
25800
30200
39300
49500
53700
61200
68200
74700
82000
88000
94100
98600
107200
131600
146900
149500
154100
183700
202700
210900
217600
220800
234700
259800
263500
287300
301700
305500
313700
337900
346300
353900
362700
365800
370200
373800
383000
397600
400800
404800
416100
420200
429000
437700
457600
462000
465400
470300
481000
483500
489500
497500
501000
504600
550100
556500
559300
564400
567600
585400
591600
601600
612700
615900
618400
628400
634000
637500
648100
662200
674800
677500
681500
684800
691600
705400
711800
717200
720500
726400
741900
744400
751800
760400
767700
791700
794200
801400
804800
814800
832400
837400
850700
858300
861800
867200
870800
893900
900100
905200
912600
923300
929600
937500
941300
959900
963400
967600
972300
980000
983000
1003500
1009600
1031500
1067200
1081200
1088900
1091600
1097000
1147300
1154200
1158400
1194800
1199300
1213200
1225000
1230900
1239100
1244900
1252200
1257200
1267500
1274700
1280400
1286800
1292000
1296500
1299900
1312500
1315800
1318300
1339700
1345100
1382900
1394500
1399800
1406000
1414100
1417400
1420800
1432500
1451300
1479300
1483000
1488300
1491800
1544800
1554700
1594300
1597400
1628400
1640100
1642500
1648200
1659800
1663700
1672500
1680100
1694100
1698200
1706400
1709200
1721300
1729600
1738800
1744200
1747700
1758100
1770000
1785600
1816800
1828000
1835200
1842000
1858300
1880100
1900700
1905600
1916300
1936100
1950800
1963700
1972000
2002300
2017500
2020400
2031400
2035300
2044900
2053600
2069000
2073700
2084500
2088100
2096300
2110400
2114400
2117200
2124300
2136400
2139900
2155300
2173600
2177100
2182200
2185600
2195300
2213300
2236300
2248100
2257900
2262600
2267200
2272800
2280600
2283200
2286500
2294300
2305000
2328600
2341000
2348600
2372600
2381300
2385000
2403400
2407900
2414400
2435700
2443600
2460700
2494400
2499800
2503100
2512600
2526700
2529300
2547400
2564800
2575300
2580100
2590400
2595200
2601000
2604000
2614600
2618200
2628500
2637700
2652400
2660000
2664600
2677500
2698700
2702100
2715300
2740300
2743000
2751300
2757400
2769800
2778000
2800900
2810800
2816600
2823500
2826900
2833400
2839400
2843800
2848800
2861000
2869800
2880100
2892000
2915700
2939400
2942200
2949000
2958400
2961700
2968400
2984800
2992400
3017600
3028200
3057600
3067200
3091000
3093800
3097600
3115000
3121600
3136500
3165600
3168900
3174100
3189000
3192500
3200200
3214300
3232100
3236500
3240700
3253600
3274200
3282100
3290200
3296300
3317100
3342000
3382400
3388000
3400400
3404200
3409300
3424100
3433200
3452100
3457500
3471700
3477700
3487800
3495600
3500700
3508000
3511400
3517100
3539500
3542100
3545700
3549500
3555100
3559300
3569100
3573600
3589000
3623600
3634900
3642800
3648300
3661800
3674900
3688400
3692400
3702600
3713700
3750700
3755700
3762700
3772800
3779200
3786300
3795300
3805100
3809200
3811900
3820300
3823800
3837900
3843400
3847300
3881300
3893700
3901600
3907800
3923200
3933700
3957900
3963200
3986400
4011900
4015400
4059000
4064900
4068100
4073600
4078200
4085500
4089200
4092600
4104000
4107700
4135400
4177400
4192400
4204700
4218800
4227500
4233300
4236600
4240100
4251500
4254100
4267700
4285100
4299300
4305000
4316100
4320500
4326800
4332900
4394200
4398300
4402800
4407800
4416300
4427400
4432000
4441800
4448100
4451600
4455300
4465600
4471800
4480200
4489000
4493200
4502600
4508800
4512300
4525600
4540000
4543800
4551900
4559400
4565500
4580000
4591000
4595700
4600700
4613100
4641400
4651800
4655200
4672500
4675900
4686000
4716600
4720900
4730400
4739300
4742600
4746100
4754900
4759000
4764900
4792000
4796900
4800900
4805600
4810000
4819000
4854300
4883900
4887200
4900400
4904800
4934300
4939700
4982900
4986200
4990700
4997600
5002400
5005100
5027000
5034200
5037900
5060300
5063600
5075200
5086600
5089400
5093500
5096200
5113800
5121200
5134600
5140400
5154000
5159100
5167200
5176400
5183800
5192900
5207300
5212900
5219700
5227500
5247000
5260300
5269200
5279700
5287700
5298100
5301800
5308500
5328700
5338200
5352200
5365700
5368600
5388400
5422800
5434200
5439400
5449900
5455600
5460900
5471700
5477900
5482000
5498200
5502200
5514300
5522400
5531100
5535800
5540900
5562700
5569900
5576000
5578800
5591200
5645100
5652300
5656300
5681800
5691200
5694700
5706100
5709900
5720000
5733600
5757100
5764200
5771700
5774500
5788400
5795300
5804200
5809900
5818600
5834700
5842900
5846300
5850600
5853400
5863000
5867600
5873000
5922500
5926100
5929800
5935700
5941200
5953800
5963900
6018300
6032400
6038600
6058000
6065900
6075600
6085700
6096600
6099900
6111300
6121700
6146000
6150900
6192800
6198400
6206000
6209200
6218200
6222100
6226900
6249800
6274700
6277400
6298100
6307000
6314400
6317200
6337300
6342200
6350900
6407500
6429400
6439000
6445300
6454100
6468900
6473300
6478400
6490200
6506500
6544000
6551300
6554700
6559100
6565000
6577600
6584100
6599000
6606000
6616900
6625400
6637000
6643600
6657000
6661300
6680800
6690500
6694700
6725300
6737300
6766900
6783800
6789200
6793400
6797600
6801100
6813200
6817200
6836000
6840900
6844200
6852700
6873500
6879600
6884000
6897000
6900200
6910500
6918000
6924200
6933100
6937000
6940500
6944900
6984600
7002000
7010100
7017900
7023500
7027600
7034500
7065600
7071700
7077700
7118000
7123300
7147100
7155500
7163000
7174700
7179500
7195300
7210700
7232400
7237500
7246300
7252000
7257700
7260900
7266100
7304800
7317300
7327200
7344200
7351600
7358800
7364200
7372800
7376500
7385500
7396200
7409800
7420800
7424800
7470000
7482000
7489900
7506600
7518700
7523200
7527500
7533700
7543400
7547100
7554300
7560900
7565900
7574300
7580900
7592500
7595900
7601700
7622100
7633000
7643200
7676500
7690400
7708000
7711200
7715700
7721400
7728500
7750400
7789800
7824400
7832300
7838600
7861700
7864900
7873200
7906900
7918600
7923100
7934400
7940500
7945400
7949800
7963200
7981000
7986700
7991900
8016500
8025400
8028700
8034000
8064100
8090900
8103400
8115000
8123600
8139700
8153800
8161800
8165400
8173600
8178100
8197900
8207600
8216000
8232100
8248600
8295600
8298600
8306500
8310000
8349700
8359500
8369500
8388800
8393200
8397600
8419300
8424800
8480500
8485800
8499700
8505700
8510800
8523900
8528800
8538200
8544000
8570700
8592400
8595900
8620300
8626900
8661100
8668500
8680000
8683100
8694100
8702200
8708400
8729600
8734800
8747500
8752600
8769300
8782700
8785900
8796400
8818100
8825800
8828900
8832700
8842600
8854300
8865000
8875400
8887900
8897800
8919800
8925600
8931100
8938300
8948600
8964400
8971700
8999100
9005700
9009400
9017300
9050400
9055400
9061400
9067400
9070800
9083300
9105400
9118700
9121800
9139000
9183200
9199700
9209000
9212500
9215800
9222500
9237300
9240800
9250000
9259300
9268400
9277700
9289600
9299800
9307300
9310500
9315500
9324600
9351400
9372300
9404800
9411400
9419800
9423900
9430700
9438400
9453600
9464300
9467700
9478000
9481400
9487200
9499900
9527100
9579300
9589000
9602000
9614500
9620200
9630800
9636800
9646300
9667400
9686100
9691600
9696100
9705300
9730700
9734800
9742300
9756000
9769700
9795600
9823700
9861200
9866200
9882000
9886800
9913500
9920800
9927900
9931700
9941500
9947100
9957700
9964600
9969700
9978900
9982100
9989700
9999700
10003300


