# repro call number: 0
# mode: 2
# signal: 2
# stimulus file: /extra/setup/oel/stimuli/receptorInfo/gauss_st12_co200.dat
# carrier freq (kHz): 3
# stimulus length (msec): 1000
# pause between stimuli (msec): 700
# length of ramp (usec): 1000
# desired firing rate (Hz): 100
# standard deviation (dB): 12
# cut-off frequency (Hz): 200
# repetition number: 0
# duration (msec): 1000
# intensity (dB): 77.234
6500
9400
12900
15500
22100
29900
33500
36300
38800
52700
55600
58300
61900
68200
77100
85300
92300
105900
115700
118500
122300
125200
127900
130500
135400
138300
148400
154600
160100
171900
175100
179300
187000
198700
207600
219100
233100
236200
239400
267200
276100
279800
284200
289900
304800
307900
315700
323500
331800
354900
360400
363700
366900
369800
372500
380700
400800
405700
420000
423200
426200
429000
431800
434700
444800
459500
477000
480000
483200
490100
493100
497400
502700
505900
514300
528800
545700
549100
567700
571600
581600
584500
587300
591400
594300
597100
600100
607500
617800
620900
626700
631400
641200
646900
651700
654900
658200
661100
671500
686100
689200
693000
696100
698900
714000
717100
723900
727200
732000
741400
744700
747600
750800
756400
781600
791900
796500
799500
814100
817300
820300
825000
836100
841000
849700
852800
871300
874400
882600
885800
889300
892300
897600
900800
905600
911900
930200
933400
936400
947000
955900
963300
967400
970800
986500
996100
999300
1002300
1007300
1018400
1025200
1032400
1035500
1043000
1046400
1051000
1064000
1070500
1089100
1096600
1101000
1106700
1112000
1121400
1126200
1129400
1140200
1146900
1169800
1173400
1176800
1179900
1193600
1196700
1206600
1209700
1217300
1223600
1228500
1231800
1236600
1246100
1263700
1268000
1273800
1278100
1287600
1290900
1295000
1299400
1302500
1307100
1312300
1317700
1325500
1333200
1338400
1343400
1347600
1351000
1358300
1362500
1365700
1370200
1378900
1383100
1386500
1393500
1404800
1409100
1412300
1415600
1422000
1427300
1436600
1451100
1454300
1461700
1474600
1479000
1486700
1491700
1499700
1503300
1506800
1510800
1526100
1530900
1547400
1551100
1561400
1567300
1574300
1581400
1584800
1593400
1602200
1605500
1611900
1616500
1620100
1627400
1632300
1635600
1639200
1647100
1651700
1655300
1663800
1669500
1685000
1690000
1693300
1700300
1703700
1706900
1713900
1719300
1725900
1738800
1742200
1748100
1751600
1756300
1760600
1781800
1785200
1788800
1799600
1812000
1821700
1827600
1831100
1834400
1848700
1854200
1860500
1871100
1884900
1900200
1904800
1908200
1914900
1929500
1938300
1950000
1957200
1961100
1984000
1987300
1990600
1993900
1998200
2029400
2037000
2040900
2044700
2048000
2052100
2055400
2088000
2096300
2109700
2113000
2125800
2129100
2133800
2137300
2148400
2155200
2162100
2165500
2174600
2188000
2191500
2194800
2204500
2211800
2215300
2222700
2226500
2233300
2243600
2249500
2252900
2273100
2280700
2284100
2289200
2294800
2298200
2301500
2305500
2310900
2317900
2336600
2340000
2356900
2362900
2371500
2374900
2379900
2393800
2404800
2421700
2427400
2438300
2444600
2455400
2458800
2463300
2469400
2475300
2479300
2487300
2497100
2500800
2508400
2515800
2520200
2523700
2531000
2534400
2539900
2546500
2557200
2560700
2565800
2575400
2581200
2612800
2620100
2635100
2638700
2642800
2646100
2654600
2662400
2669000
2672500
2675900
2682600
2696300
2704200
2707700
2711400
2721800
2725400
2729900
2742200
2748900
2752400
2766000
2776900
2780400
2787900
2792800
2799800
2808600
2812100
2820000
2823800
2834600
2838300
2857000
2860600
2871000
2875100
2878500
2888300
2891900
2899600
2908100
2911900
2916700
2921200
2932900
2938700
2944700
2948300
2967100
2981500
2987300
2992900
3015100
3024000
3040700
3044500
3049900
3056100
3061000
3065400
3082600
3091300
3095100
3098500
3122600
3130300
3147600
3152100
3159800
3164000
3167700
3172500
3178800
3183400
3187900
3191700
3195800
3200400
3210900
3215000
3221200
3228100
3232000
3250700
3254400
3268400
3282100
3288400
3292700
3296400
3308000
3311700
3316800
3320400
3329000
3335800
3341500
3345100
3356600
3360200
3367600
3378000
3382800
3393500
3412500
3416100
3423700
3440500
3446800
3455700
3463700
3474400
3478900
3485100
3509900
3513800
3517500
3523600
3539100
3549000
3555400
3559200
3570600
3574700
3580200
3584100
3591400
3595300
3604100
3618800
3622400
3632600
3644000
3650100
3659400
3670300
3676500
3685400
3693500
3700100
3706300
3721000
3724600
3743900
3753500
3757300
3765900
3770900
3804800
3808300
3812700
3816400
3820200
3845100
3853800
3859900
3874700
3881200
3885200
3899000
3905600
3910300
3940600
3944200
3960800
3966600
3975100
3979100
3985400
3993100
4006000
4025200
4029000
4040400
4049000
4052600
4061500
4069100
4075900
4083900
4100700
4107200
4111900
4124000
4132300
4142900
4146900
4150300
4158700
4164800
4171600
4180700
4188700
4204400
4219900
4226500
4232000
4235700
4240700
4245300
4248900
4252600
4256300
4268200
4274400
4279300
4285800
4289500
4296400
4300200
4307500
4320300
4327800
4331500
4344000
4347900
4351400
4354900
4363600
4378800
4390900
4405500
4411900
4415500
4426700
4433500
4443100
4448800
4454400
4458400
4470000
4477000
4483100
4509200
4530800
4546300
4573200
4583400
4587000
4596600
4604700
4608400
4624600
4632500
4636300
4641600
4656900
4660600
4664000
4673100
4678700
4683200
4687500
4705400
4719600
4731400
4749600
4770000
4778700
4787300
4792900
4804200
4824200
4836400
4840000
4844900
4852200
4864100
4870400
4876100
4896300
4900600
4905800
4911200
4914900
4918400
4923600
4928100
4951600
4958800
4971000
4981900
4991900
5015800
5027400
5038000
5043800
5049100
5052800
5056400
5062000
5070500
5082800
5099300
5106600
5123100
5128900
5137000
5150900
5155800
5171500
5180600
5187600
5193500
5206800
5227000
5233600
5250200
5256700
5277500
5287600
5291200
5299300
5303000
5314500
5332800
5342900
5346500
5350600
5354700
5366300
5374300
5388400
5392000
5396100
5400600
5407100
5415900
5426700
5438500
5444100
5449100
5455800
5459700
5475400
5483000
5487100
5493500
5498300
5502300
5513600
5519800
5523600
5535600
5555400
5565200
5572500
5576600
5581300
5595500
5599200
5608100
5617400
5623900
5632000
5641300
5653500
5664600
5677000
5682100
5689400
5701200
5712000
5718900
5724500
5729900
5744500
5756400
5760100
5778300
5786100
5789900
5810500
5815400
5819200
5826600
5832500
5849900
5865400
5873600
5879100
5885800
5901900
5918600
5925700
5929400
5940700
5944400
5963200
5967100
5970800
6017500
6025700
6031400
6040400
6046900
6076200
6079800
6084000
6093700
6100500
6104400
6119300
6126000
6131600
6140200
6149400
6171400
6178100
6185800
6190700
6194400
6209300
6225000
6233200
6240300
6253500
6257600
6261500
6282300
6286100
6292200
6331600
6338200
6358300
6370200
6381900
6388800
6407300
6412700
6427200
6434100
6442800
6451700
6455600
6461400
6469800
6478200
6482200
6505100
6511900
6535200
6541300
6545000
6549100
6563800
6573100
6579200
6594200
6604300
6615500
6625500
6629400
6636000
6645500
6656200
6664500
6680400
6694200
6698000
6712000
6724300
6730100
6742300
6754000
6763600
6767700
6779500
6783300
6799600
6810400
6814100
6822100
6829700
6844500
6855400
6868800
6876000
6884400
6893600
6897800
6902500
6919900
6924600
6928400
6943100
6946700
6951700
6969400
6981700
6992000
6999400
7003000
7007100
7010600
7014100
7033700
7041700
7045400
7060900
7066100
7070500
7078000
7085000
7088700
7092500
7118300
7130200
7135100
7146600
7167800
7182200
7187500
7194900
7199200
7207600
7221500
7225400
7230600
7234300
7245300
7252000
7256400
7276500
7284500
7288200
7293300
7300300
7304300
7320800
7328300
7335000
7346800
7350500
7371900
7379900
7386500
7403200
7408600
7413700
7418700
7429100
7435700
7439300
7448500
7467400
7473500
7494300
7501400
7506600
7512100
7520400
7530500
7550500
7556900
7563600
7578600
7590000
7593700
7604300
7613500
7617200
7622500
7634300
7642800
7646500
7650400
7659700
7670300
7676600
7685100
7688900
7699500
7707800
7711800
7718200
7726100
7730100
7751000
7764700
7771100
7780900
7787500
7793800
7799000
7804400
7820700
7842800
7854500
7874700
7881500
7892900
7896700
7902200
7910000
7913900
7923400
7934100
7943000
7974500
7978200
7984300
7991400
7997400
8005900
8012900
8026100
8031300
8037600
8044200
8054500
8071000
8077600
8082600
8092400
8114900
8123100
8127700
8131300
8138600
8144600
8152700
8158500
8170500
8175100
8181000
8190200
8200300
8206400
8219300
8223800
8255000
8261400
8271700
8279000
8285200
8309500
8313200
8317200
8322500
8337900
8342100
8355600
8371400
8383700
8390600
8405500
8413200
8425500
8441500
8454800
8465600
8471400
8481700
8492800
8506400
8510000
8515800
8521400
8532400
8537700
8552300
8558800
8573500
8586200
8596000
8607400
8611200
8615600
8619400
8632800
8643900
8661300
8672000
8677200
8682200
8686600
8697000
8700700
8712100
8718000
8734600
8738300
8755500
8767100
8777000
8782900
8792900
8812100
8819500
8823300
8828200
8834000
8843200
8859700
8864600
8872900
8879300
8892400
8917400
8927200
8940200
8944100
8947700
8952400
8958800
8964800
8971300
8990800
9017100
9029800
9035600
9044400
9058300
9064000
9089200
9094300
9133700
9137300
9143100
9146900
9152900
9166400
9170000
9175500
9193700
9198200
9202000
9206300
9213800
9231100
9236700
9240300
9245100
9255900
9262100
9269100
9293500
9298200
9324500
9328500
9338900
9346200
9350100
9358800
9364600
9374900
9379500
9385900
9399500
9403900
9409200
9415600
9421000
9431100
9437200
9445800
9460900
9468100
9479200
9486000
9492600
9501400
9505100
9514300
9524400
9529900
9535600
9550000
9557100
9562300
9569000
9572700
9587300
9597200
9621200
9636100
9640100
9643600
9648700
9652500
9661700
9667600
9674100
9679500
9685000
9690300
9712600
9717100
9733200
9738400
9751200
9761000
9767100
9782000
9785900
9804000
9813900
9824200
9833100
9837100
9852800
9857200
9869800
9874800
9878800
9884700
9893200
9900200
9907000
9916000
9926700
9931100
9948100
9964200
9976600
9983200
9990200
9995000


