# repro call number: 0
# mode: 3
# signal: 2
# stimulus file: /extra/setup/oel/stimuli/receptorInfo/gauss_st6_co400.dat
# carrier freq (kHz): 5
# stimulus length (msec): 1000
# pause between stimuli (msec): 700
# length of ramp (usec): 1000
# desired firing rate (Hz): 100
# standard deviation (dB): 6
# cut-off frequency (Hz): 400
# repetition number: 0
# duration (msec): 1000
# intensity (dB): 88.6111
7300
10600
14500
18100
22700
27000
30700
35800
44400
49900
63200
67000
75300
81300
85600
99300
107200
111400
115000
124500
128200
147300
151300
171400
180200
185000
196500
203500
211700
217700
232100
244600
251900
270700
277100
282600
290300
315300
323000
329100
342400
348900
354700
362900
381900
387600
409300
422000
426700
431600
437600
444000
454000
484900
502100
517900
523200
530800
540100
546100
551400
558000
570600
574700
581500
602500
608200
619900
630500
639100
644600
656800
673600
687000
695400
705100
711700
721300
734000
758900
775800
786500
796000
801100
814300
825100
837500
841800
851500
860400
870500
875700
880000
892400
900600
915900
922900
929500
948100
968200
979500
1015600
1023400
1030800
1042300
1048700
1057400
1068000
1087000
1094200
1109900
1138900
1148100
1152700
1162800
1179700
1200400
1206200
1210500
1224200
1238500
1258700
1266900
1273000
1292200
1298800
1303600
1312800
1319800
1328600
1334000
1353400
1378100
1383800
1399100
1403300
1410200
1431900
1452000
1470700
1474800
1481800
1491800
1499200
1511500
1524100
1531600
1546700
1559600
1576600
1591800
1600000
1607200
1625400
1631100
1640700
1646100
1663000
1683200
1692200
1705100
1711200
1717200
1725300
1730500
1736000
1763300
1775000
1781100
1794800
1801500
1807600
1822300
1828700
1842100
1860600
1871400
1877800
1896000
1903500
1909700
1925300
1940200
1949300
1965200
1974100
1984200
1999500
2005100
2020800
2025300
2035900
2055900
2065700
2073300
2097900
2109000
2124100
2140100
2159700
2164200
2173000
2178500
2194400
2203300
2209100
2214600
2227400
2240800
2252300
2260500
2269600
2296900
2302200
2317900
2329000
2341400
2347400
2352500
2359500
2367500
2382200
2404900
2410000
2415000
2425000
2431300
2443600
2453700
2462100
2469400
2481000
2496800
2508900
2515500
2534000
2541700
2554000
2564400
2572400
2591400
2598000
2613300
2618700
2629700
2640100
2653300
2662800
2675400
2694900
2717600
2724900
2736200
2748200
2754600
2775300
2786400
2795600
2805100
2816200
2828800
2834700
2840400
2846000
2861400
2870500
2892300
2902800
2909700
2921700
2929600
2942600
2948600
2959800
2964800
2972000
2980600
3004100
3017600
3037900
3050400
3055800
3094600
3130300
3135800
3149200
3171300
3190500
3197200
3215100
3222500
3230000
3237100
3250800
3263000
3276600
3308100
3314600
3335200
3344100
3350400
3360800
3389600
3401900
3407500
3417800
3423400
3436400
3445900
3453500
3460800
3485300
3491800
3505700
3525600
3553000
3559400
3571800
3594600
3610500
3627400
3636700
3652200
3677800
3688900
3699000
3714500
3723800
3740900
3752800
3763200
3781900
3787000
3792600
3798500
3806200
3815600
3824200
3829700
3835000
3840100
3848700
3858100
3873100
3881700
3895500
3901700
3914100
3936600
3953500
3960100
3971400
3977300
3987100
3995800
4010000
4027400
4045900
4054000
4071300
4091700
4099400
4106100
4113000
4119400
4125000
4143700
4171300
4194600
4205300
4215300
4224900
4231000
4247600
4276100
4288200
4296700
4314400
4326500
4339200
4349800
4361000
4368200
4376700
4389100
4402800
4428500
4435200
4442400
4454800
4470400
4491700
4510500
4521300
4527400
4541200
4546700
4552700
4570900
4577100
4587500
4605300
4615500
4639900
4646600
4665800
4673800
4679100
4691100
4697600
4712800
4731500
4739900
4745800
4753700
4759600
4820100
4836100
4851900
4865900
4871900
4882500
4887800
4902300
4925000
4930000
4937600
4957900
4964500
4977800
4990500
5002200
5020000
5045900
5051200
5066500
5079500
5085300
5096500
5102700
5133300
5146300
5151800
5163500
5190500
5198400
5216300
5223800
5239700
5244800
5258700
5271000
5275900
5302300
5323700
5335000
5343300
5348800
5355900
5362700
5368900
5382900
5395200
5403600
5415700
5432600
5439600
5445500
5453600
5461600
5481600
5487800
5497700
5517200
5522300
5531300
5545000
5558800
5587800
5595200
5602400
5610100
5619600
5633700
5649100
5655800
5665900
5681200
5689900
5704900
5714400
5729700
5741100
5765300
5810500
5819100
5829900
5847600
5853000
5865900
5880200
5888300
5901800
5921500
5936000
5953800
5964100
5971700
5985800
6003100
6009000
6025200
6038600
6068300
6092400
6100900
6106900
6115800
6137800
6146300
6162100
6177000
6184500
6207700
6214000
6239800
6253800
6263000
6275300
6284200
6302700
6321800
6328400
6338500
6344000
6381900
6387200
6392800
6399700
6433300
6451100
6467500
6472800
6481500
6495500
6511800
6517300
6526700
6534400
6542900
6554500
6560700
6587700
6595200
6616100
6628200
6637600
6644500
6652500
6658600
6667800
6673000
6705300
6710700
6716400
6736100
6741200
6747200
6767600
6785900
6794600
6800700
6820800
6835200
6842700
6848200
6854200
6862600
6876200
6881400
6893700
6902400
6910600
6918800
6924900
6932300
6948900
6956000
6975100
7000900
7010100
7022400
7032200
7044200
7055400
7075100
7082900
7105800
7116600
7126400
7133500
7160000
7168000
7195100
7205300
7217500
7225300
7238700
7248600
7254200
7263100
7268800
7286200
7307100
7319600
7333700
7342700
7349800
7355000
7367400
7377300
7389200
7397900
7415200
7426000
7437400
7453900
7465100
7497400
7517400
7545300
7552600
7565700
7588900
7594800
7609000
7621900
7630600
7639900
7659700
7672200
7678400
7706300
7713800
7728000
7733300
7745600
7751100
7759200
7764900
7782000
7795400
7813800
7823200
7828400
7836300
7853600
7860200
7870700
7889200
7895000
7903900
7921600
7932600
7956900
7972400
7985400
8005100
8015000
8021400
8027100
8047300
8064300
8073500
8083800
8097500
8114800
8122300
8131900
8145200
8153100
8182300
8200600
8209100
8225300
8241100
8258300
8281700
8288300
8317200
8331400
8338100
8348400
8361200
8369400
8384200
8403100
8415100
8424700
8441800
8453700
8482900
8490200
8497800
8511000
8517500
8533500
8572600
8585500
8606000
8616000
8623400
8631800
8640300
8653400
8663900
8678600
8713600
8723500
8738500
8748900
8756600
8772100
8779600
8791200
8796600
8808700
8836100
8856900
8868800
8874600
8881900
8892200
8919500
8926000
8931200
8937700
8947900
8962900
8981800
9007200
9020500
9029300
9063300
9074700
9084200
9092800
9105500
9114400
9135900
9146200
9166200
9176600
9184500
9198700
9207000
9222200
9230400
9237900
9250800
9271200
9281400
9296100
9302100
9307700
9322200
9347500
9356900
9366500
9376800
9398900
9406200
9417100
9440600
9449700
9461000
9466100
9472700
9484700
9492500
9510700
9539900
9546800
9563700
9569500
9580300
9593700
9610200
9619000
9624400
9645300
9651900
9657700
9668600
9686700
9697000
9715200
9724900
9752300
9759000
9766900
9781400
9786400
9803900
9814900
9829800
9837900
9846300
9855600
9873100
9878600
9899200
9905800
9911600
9928000
9936900
9951000
9968800
9973900
9985500
9993300


