# repro call number: 0
# mode: 3
# signal: 2
# stimulus file: /extra/setup/oel/stimuli/receptorInfo/gauss_st6_co100.dat
# carrier freq (kHz): 10
# stimulus length (msec): 1000
# pause between stimuli (msec): 700
# length of ramp (usec): 1000
# desired firing rate (Hz): 100
# standard deviation (dB): 6
# cut-off frequency (Hz): 100
# repetition number: 0
# duration (msec): 1000
# intensity (dB): 64.1304
9800
15700
24000
27100
30200
45200
50200
61100
64100
68000
77400
81000
83900
86900
90900
97300
102700
105800
108800
118800
129500
136900
139900
145100
151100
154400
160300
172800
182200
187600
194200
200000
206000
213800
217200
228300
232300
237400
248300
272800
287000
290500
295000
299000
302100
305400
314700
318400
323100
327900
339000
345700
352600
358300
365100
375600
379900
384200
387700
400300
408700
422200
426000
430900
435100
438200
442600
453200
456700
460200
466300
469600
487800
490900
505500
522000
525600
531800
536900
546600
555400
559000
578800
593300
606400
609600
616900
620700
630700
667000
670400
680600
685300
693600
697100
700400
711000
715300
720100
723300
726100
732400
746600
749800
752500
756500
760000
763600
770000
783300
790500
795700
799300
804500
820300
828500
832100
843600
854800
858500
863300
875500
888000
897200
901100
906900
920400
923600
927200
931200
979600
983200
989900
995100
1003900
1015200
1018500
1023200
1030100
1036500
1040600
1046000
1049400
1056800
1081600
1084800
1087600
1090700
1096400
1105300
1118800
1122300
1128100
1131400
1136700
1141100
1144700
1153700
1160700
1164400
1170200
1173700
1187200
1213900
1224600
1232300
1242100
1250900
1254400
1267400
1275400
1279100
1283200
1308200
1312800
1321000
1324400
1335300
1338200
1344800
1348200
1360500
1369800
1373400
1386400
1399200
1421600
1426000
1431200
1434600
1453600
1475300
1478900
1485200
1498400
1502800
1511200
1515300
1518800
1524000
1531100
1577600
1580900
1584900
1593700
1599000
1605000
1618400
1647500
1669100
1675100
1686500
1697500
1701300
1709500
1738900
1748800
1754900
1759000
1768500
1779900
1791500
1796900
1800200
1806300
1809800
1814000
1828900
1834700
1845800
1857400
1860800
1874300
1881500
1893600
1900000
1903300
1909100
1913100
1924300
1935800
1953400
1960500
1963800
1977700
1981000
2001600
2004500
2011600
2015200
2023500
2027300
2034600
2042300
2052300
2064600
2068800
2073400
2085700
2098800
2113600
2117000
2120800
2130200
2133600
2137100
2143900
2149300
2153600
2174800
2181600
2187000
2192000
2198700
2218900
2233000
2243700
2258600
2270100
2273900
2280400
2285400
2292300
2295600
2299000
2310000
2315800
2324000
2327500
2330400
2334800
2344000
2347000
2350600
2357100
2364400
2368400
2391300
2394700
2398200
2404700
2411200
2418500
2429200
2440400
2446000
2469500
2473500
2486200
2502900
2517600
2528400
2531700
2542900
2557000
2564600
2583200
2591000
2603000
2607300
2629100
2632500
2639200
2644600
2650300
2655600
2660400
2663300
2666700
2672100
2675700
2682500
2685900
2714200
2719700
2746400
2752200
2755700
2759600
2763300
2775400
2779200
2794400
2816300
2819700
2841500
2845600
2858100
2861700
2868200
2872900
2899000
2910300
2913900
2920300
2926600
2931500
2945100
2949100
2954000
2964900
2968400
2972700
2980700
2986700
2994300
3002600
3006800
3013400
3017000
3020700
3025100
3030700
3035200
3041700
3046300
3050800
3086600
3097500
3101100
3117600
3126200
3129600
3173400
3181900
3187800
3193300
3199000
3209100
3216600
3224000
3234100
3248000
3251400
3264500
3285300
3288900
3313200
3340000
3343300
3355700
3371300
3376500
3404300
3415300
3432400
3443700
3467500
3490300
3493600
3496400
3504800
3510900
3514800
3520800
3531900
3540400
3548500
3552400
3555800
3566800
3580100
3589500
3618800
3648200
3679800
3688900
3695900
3699900
3710300
3713600
3727800
3736900
3741300
3751600
3764100
3767500
3771700
3777500
3785900
3790200
3801200
3833300
3838700
3842700
3846800
3856000
3865300
3879000
3882600
3894700
3898200
3908400
3914000
3928000
3933900
3942900
3968100
3973600
3978900
4007600
4020500
4024300
4031300
4046500
4056800
4065900
4070000
4083000
4090500
4094000
4106100
4144200
4147700
4153600
4223900
4227500
4235500
4243500
4248600
4253700
4260800
4264700
4269900
4289600
4295400
4308600
4314200
4345900
4359200
4362600
4374500
4380100
4384700
4403400
4406800
4419300
4435300
4447000
4450400
4458300
4482100
4485400
4489900
4493600
4500200
4508700
4517800
4527500
4535200
4538800
4541900
4545600
4569100
4575300
4581600
4585700
4604200
4613700
4617100
4637200
4643000
4674300
4682000
4692700
4706400
4710100
4713700
4719600
4723200
4734000
4741500
4748100
4755000
4760600
4765700
4777400
4812900
4819400
4823100
4834200
4837700
4841100
4848200
4875600
4879300
4885500
4889000
4893800
4909100
4916300
4922200
4926700
4930300
4966400
4973700
4979200
5000500
5007100
5032900
5039200
5044500
5047500
5051500
5062000
5070900
5075600
5081700
5102000
5128200
5131600
5146500
5159900
5165600
5196500
5200100
5206000
5221700
5225300
5232100
5236700
5248300
5254400
5258000
5270200
5283400
5287400
5297700
5313800
5318700
5323100
5328000
5340500
5344200
5348500
5355000
5361400
5398500
5404000
5415600
5426700
5430700
5438000
5448200
5459100
5469400
5477300
5481300
5486200
5517900
5525100
5529000
5533900
5540300
5562800
5576100
5582400
5591600
5594700
5598200
5603700
5608900
5618200
5624200
5628500
5644900
5648600
5652300
5656600
5678200
5687900
5699400
5704600
5709500
5730900
5742500
5752900
5756000
5767800
5781700
5787500
5804200
5810400
5827400
5851200
5858000
5907900
5925000
5935300
5959800
5991100
6016700
6020700
6032600
6036000
6040400
6046200
6050000
6054200
6057300
6060800
6081500
6085300
6091600
6096500
6106300
6121000
6133100
6140600
6173800
6191500
6197600
6203400
6230300
6238900
6250200
6254200
6262600
6266200
6276700
6282700
6293200
6299200
6303900
6308300
6312400
6349000
6381700
6386200
6394400
6398400
6417400
6428200
6452500
6459200
6468400
6474700
6478900
6483400
6487100
6505400
6513600
6518300
6524000
6537200
6545600
6553800
6558100
6565200
6569500
6578700
6582600
6610100
6625700
6631900
6636500
6661600
6686800
6693200
6708100
6711900
6731000
6735800
6746700
6753800
6765800
6777000
6782900
6789800
6801900
6814800
6818400
6834800
6842500
6849400
6853800
6858900
6868000
6878500
6906500
6915000
6920000
6931700
6940400
6955300
6960400
6968500
6993200
6999900
7009000
7019600
7032200
7045000
7051700
7056800
7065900
7069600
7098100
7103300
7109000
7113000
7126000
7131900
7136000
7140000
7150900
7160000
7181200
7212100
7215800
7222100
7228600
7246900
7258300
7267700
7275300
7299100
7302900
7326400
7336300
7342300
7349500
7363000
7369200
7380300
7434600
7439200
7458600
7462800
7470500
7498300
7502300
7505800
7510500
7593500
7600400
7613500
7617000
7627800
7631300
7647900
7651500
7660600
7665600
7684700
7691200
7695400
7702600
7715500
7719500
7726300
7733500
7742300
7749100
7754200
7765300
7777500
7794500
7808700
7812400
7816800
7822400
7838300
7844900
7866200
7877700
7887900
7896300
7899900
7922300
7926000
7934100
7938100
7959700
7973500
7979600
7983200
7987500
7993900
7999700
8016400
8038000
8042800
8048400
8055700
8063600
8081800
8087800
8097300
8125900
8136400
8143000
8158100
8162800
8170800
8174500
8184900
8188600
8199900
8207800
8216100
8230500
8234300
8238100
8242700
8259800
8263700
8271800
8283200
8287300
8297600
8327500
8331700
8362800
8372300
8380600
8413500
8425700
8430500
8434100
8437800
8444000
8466800
8471700
8477500
8481200
8492200
8495900
8523900
8527900
8539400
8548500
8571000
8574700
8583600
8602700
8610800
8623700
8641400
8645200
8653000
8657400
8664100
8677000
8682000
8687400
8694500
8718100
8748600
8764100
8768600
8772300
8791500
8802600
8806200
8827200
8834900
8865800
8870700
8894200
8915200
8921500
8936300
8939900
8947600
8965700
8971800
8978300
8982400
8991600
8997300
9004400
9025700
9041700
9083600
9087200
9093100
9111700
9117600
9125000
9131200
9136500
9155500
9159200
9168200
9186500
9192600
9203200
9208200
9213100
9231800
9249100
9263400
9267400
9275100
9285700
9289700
9318800
9325500
9329600
9377400
9391100
9394600
9398400
9409200
9422400
9426400
9432400
9450300
9466300
9480600
9484500
9501200
9515700
9529500
9534400
9546200
9551100
9560000
9619000
9640700
9645200
9649000
9652800
9658800
9666300
9688300
9701300
9707500
9711200
9715900
9724900
9741300
9748100
9761900
9768500
9772500
9780800
9792400
9796500
9816600
9827500
9835500
9840800
9851500
9864800
9871000
9875700
9892800
9901800
9945900
9951100
9965600
9977500
9996300


