# OFFOEL
# duration (msec): 1000
# repetition number: 1
4000
5600
7300
11600
13500
22000
23900
26800
36400
44400
49400
57600
65400
77300
79100
84300
90000
91800
101700
126400
133500
142700
144500
146300
180500
196100
207000
211100
215900
217700
240800
257700
266700
282800
284600
296700
298700
302800
305100
309700
334400
341500
350200
352200
359500
361300
366300
368100
370900
384700
394700
396600
401700
409600
415300
417200
425300
427100
447800
453500
458900
460700
466500
477400
479200
481100
486100
494000
496000
500800
527200
535900
545800
552000
553800
555500
561400
563500
581300
583200
587900
593100
608400
611600
613700
624500
630300
632300
657900
669000
671600
673900
679900
686400
701800
713500
715400
726700
737900
739800
741600
756100
767900
788100
790000
792000
798700
800700
811200
826400
832600
846700
848700
854900
857000
862900
864800
890800
901400
903300
926200
928500
935500
937500
956100
958200
964000
969700
976200
999700
1001900
1022300
1027500
1029400
1062800
1071900
1077700
1079500
1085300
1087100
1092300
1132700
1142600
1149700
1151700
1155900
1173800
1188200
1196000
1209000
1211100
1221800
1233300
1237700
1242200
1244000
1253400
1255700
1271400
1283200
1287800
1289800
1293900
1295800
1301600
1309200
1311100
1313400
1336200
1342200
1362300
1387300
1391000
1392800
1397100
1409800
1411700
1417100
1428000
1448000
1464600
1475600
1477400
1479600
1485100
1487000
1497700
1530300
1541100
1546700
1551300
1578200
1590500
1592400
1613800
1625100
1636200
1638200
1640000
1654400
1659700
1661700
1669200
1676700
1690600
1697700
1702700
1704800
1719700
1732100
1735400
1740300
1742200
1754200
1756100
1767600
1777800
1811900
1823900
1832000
1853600
1875300
1887800
1897100
1911900
1914000
1932400
1934300
1948000
1958000
1968700
1971000
1999600
2013500
2015400
2031200
2033100
2044200
2064700
2070400
2080900
2082900
2086400
2097100
2103400
2107500
2112300
2114300
2132300
2134100
2136200
2160200
2169200
2179100
2181400
2190200
2210300
2233900
2243100
2254000
2256400
2263500
2265900
2275700
2278100
2280000
2292300
2300000
2311200
2317300
2330100
2343900
2368600
2370600
2374500
2381000
2399000
2400800
2410700
2422900
2431500
2433700
2439300
2451600
2457500
2478300
2480400
2491200
2495600
2497800
2508900
2520800
2524500
2526500
2555600
2560900
2576000
2585700
2587600
2592000
2597500
2599500
2610900
2612900
2621900
2625000
2627000
2636600
2647200
2660800
2695300
2697100
2712000
2722400
2737000
2738800
2748700
2754800
2766200
2768600
2774200
2794300
2807100
2821200
2823400
2834900
2839900
2842000
2846300
2857500
2859500
2876600
2888300
2894700
2901700
2912000
2929200
2934800
2936900
2938800
2944700
2954800
2956900
2961400
2981000
2995400
3011600
3023600
3025500
3041800
3053600
3062600
3086900
3088700
3099900
3110900
3132100
3135600
3161600
3163700
3185300
3187200
3197500
3210200
3212100
3228400
3232800
3234900
3245800
3268100
3276500
3282400
3287600
3293500
3319800
3336500
3348200
3352700
3365900
3373900
3382100
3384500
3389000
3399500
3421000
3428000
3447600
3453000
3455100
3468000
3474200
3479900
3491500
3493500
3504500
3512600
3535400
3537300
3543700
3551400
3553400
3568700
3570800
3577200
3585500
3593900
3607200
3617800
3640400
3648300
3670100
3684300
3686100
3710900
3743000
3747900
3753000
3754900
3764400
3769400
3785000
3800600
3805900
3807900
3817600
3819800
3833500
3835400
3841200
3843300
3875800
3888700
3897200
3899300
3901800
3913700
3918600
3929400
3953600
3972100
3982500
3988900
3998900
4003000
4005100
4009500
4042000
4049000
4062400
4064300
4066400
4074300
4081900
4085700
4087600
4102800
4119900
4129300
4160200
4167900
4173600
4188700
4190600
4201300
4210700
4215200
4221500
4225200
4227200
4231400
4236700
4248400
4250500
4261500
4279200
4292100
4295800
4298200
4302700
4312300
4314300
4319700
4323500
4329800
4347200
4371300
4390200
4392200
4398900
4405200
4422800
4428600
4444200
4446200
4452000
4461500
4468000
4482700
4488100
4504700
4506700
4508700
4521700
4531500
4536900
4538800
4554900
4557100
4561900
4590300
4597400
4599900
4623900
4638100
4648600
4661300
4669700
4672000
4703800
4712000
4713900
4726500
4737400
4739400
4741600
4745100
4752600
4758700
4789700
4793700
4800100
4806400
4808400
4820500
4832900
4849900
4869800
4879900
4881800
4897800
4900100
4907100
4922800
4930500
4978100
4980400
4986600
4993700
4999200
5001200
5003300
5021800
5030300
5032300
5034200
5055800
5057800
5060700
5071900
5084700
5086600
5090800
5092700
5109200
5111200
5113900
5135300
5142400
5153800
5157800
5164400
5174200
5180100
5203600
5209700
5215400
5221300
5240600
5262500
5274700
5277400
5283600
5292500
5300700
5323200
5325600
5331800
5346700
5362000
5364000
5369200
5384300
5394000
5418400
5420400
5430900
5435500
5437400
5446500
5451500
5457400
5468600
5474300
5479800
5494300
5510300
5516000
5526900
5528900
5558200
5565900
5568300
5574400
5576700
5619800
5638100
5641700
5643600
5651600
5653600
5660300
5677600
5686000
5688400
5702200
5704200
5729200
5748400
5753600
5755600
5761100
5768500
5770500
5784900
5799900
5806800
5809800
5825900
5831000
5833100
5841400
5847100
5849000
5859400
5869400
5883000
5896900
5914400
5919800
5921800
5924800
5936100
5958400
5960800
5991900
6005600
6013300
6027600
6034400
6049700
6054300
6063500
6070900
6092800
6094700
6107400
6118700
6141900
6148200
6159500
6186900
6189200
6191300
6196900
6203700
6206000
6218100
6220000
6245300
6253000
6266900
6269900
6272300
6274200
6293600
6295600
6310800
6312800
6328400
6333500
6335500
6346200
6371100
6384600
6399000
6414200
6423400
6427000
6435200
6440500
6464200
6469500
6471500
6475800
6478400
6502500
6505000
6521700
6540800
6547400
6555600
6561900
6568300
6575300
6581800
6595600
6611300
6622600
6632400
6634700
6640500
6653300
6657700
6685500
6691600
6708200
6718000
6725100
6749400
6762600
6764600
6780300
6785600
6787700
6793300
6796000
6807500
6811900
6830200
6837100
6839100
6849100
6851300
6869700
6871700
6876300
6893000
6895100
6906700
6918100
6928900
6931200
6936500
6940000
6948600
6959100
6979200
6982200
7004200
7006800
7008800
7014500
7020600
7026300
7061700
7064100
7073400
7075400
7099900
7107900
7118200
7138500
7150900
7155100
7170100
7172100
7191200
7203500
7207200
7228300
7234700
7241700
7243800
7248400
7254200
7257300
7260100
7278900
7298300
7305700
7312600
7323300
7339600
7345500
7349600
7360700
7362700
7369300
7371200
7388500
7403800
7416900
7427000
7447700
7463700
7478100
7480800
7485500
7497700
7501900
7512500
7515200
7518200
7523500
7531800
7538800
7545000
7550300
7556300
7558200
7562500
7564600
7575400
7586500
7590800
7592800
7597800
7618000
7620400
7626800
7639000
7664400
7680000
7684800
7698900
7704900
7707100
7711900
7713800
7725000
7744400
7778400
7784200
7789800
7820200
7826800
7829300
7853700
7857700
7860200
7862800
7864700
7869900
7896100
7910800
7915000
7917200
7931200
7936600
7942100
7953500
7957500
7964600
7982100
7984200
8012300
8014500
8021900
8023800
8044100
8051500
8079800
8087000
8089100
8100200
8119900
8135500
8139900
8150000
8151900
8158500
8168300
8173700
8194100
8203600
8205500
8226400
8243900
8245900
8260700
8271600
8291900
8293900
8296000
8302700
8306400
8308300
8322800
8328500
8344600
8350600
8356800
8366600
8383900
8393400
8395400
8410900
8415900
8421400
8456600
8476700
8481800
8483900
8496100
8498100
8500000
8503900
8520700
8542500
8556200
8567000
8588800
8590900
8593200
8611600
8619000
8623000
8636600
8656900
8664500
8666600
8677400
8679400
8690400
8699400
8705300
8722300
8730300
8742000
8748900
8750800
8763400
8779300
8781200
8793500
8814500
8821400
8823400
8825300
8838300
8858700
8865100
8871800
8890900
8894300
8915300
8921300
8926700
8934500
8943400
8961600
8968500
8995100
8997200
9002600
9004800
9016400
9046400
9048200
9063600
9067000
9069100
9079600
9081900
9107100
9114900
9117000
9144200
9175000
9178900
9180900
9193700
9197700
9204900
9207300
9212700
9233300
9235400
9247100
9256100
9263300
9272900
9284000
9286200
9295700
9305400
9307400
9309300
9336400
9346400
9348800
9367600
9374800
9395300
9401300
9406400
9418700
9420900
9433900
9448500
9450600
9460600
9462500
9474900
9477200
9490400
9514700
9531300
9554800
9560900
9576100
9585800
9596800
9610700
9616800
9627300
9632700
9642500
9644600
9663200
9683900
9691100
9693800
9710600
9727000
9729000
9739100
9765200
9777000
9792100
9794600
9820300
9845900
9857700
9859900
9873200
9875500
9895900
9910300
9912300
9920900
9926000
9931900
9942500
9953900
9955900
9961700
9975100
9977200
9996500
9998800
