# OFFOEL
# duration (msec): 1000
# repetition number: 1
4500
8600
11100
32300
37000
40000
45000
48700
53100
58800
131200
135000
137500
140200
142800
145000
146900
149600
175800
182600
190800
194000
215100
219800
223100
225900
230900
233100
236300
290500
297300
299900
302500
304800
306800
308700
310900
313000
315800
342300
345500
348800
351200
353600
355900
358000
361300
363700
366100
381500
391800
400600
425900
429600
431900
434300
436700
439100
441900
445400
450300
493000
500900
504100
506700
509200
512500
515100
517700
521100
557600
562100
600300
603000
605300
607400
609700
612100
614300
616600
619400
623000
660500
663500
665400
667200
669000
670800
672700
674900
676900
678900
680800
682900
685100
687300
690300
717600
724500
728000
731000
790500
795900
798300
801800
804600
807700
812500
885600
889300
892000
894000
897400
940700
980200
985300
994100
1043000
1052700
1055600
1060800
1063300
1067300
1070600
1119200
1125600
1210000
1216900
1254800
1261400
1267400
1272000
1316600
1321100
1324800
1328000
1330500
1333200
1377100
1380300
1384300
1420300
1424600
1430200
1483100
1487400
1490000
1492400
1494700
1497100
1500000
1503100
1660300
1662500
1664400
1666100
1668000
1669900
1671900
1673700
1675500
1677700
1752400
1755600
1757600
1759600
1761400
1763300
1765100
1767400
1770400
1773300
1776300
1780400
1784800
1787400
1790500
1793700
1796600
1799300
1801400
1804900
1912700
1919700
1961300
1990600
1993900
1996700
1999500
2001600
2003600
2006300
2041900
2066300
2069100
2073500
2075400
2077300
2079100
2080900
2082700
2084900
2086900
2088800
2090900
2093000
2096700
2129100
2132000
2134100
2136600
2139000
2141900
2146300
2176300
2180100
2183400
2187700
2238700
2249600
2252300
2254500
2256800
2258800
2261500
2264100
2268700
2312400
2316600
2318800
2320800
2323500
2329100
2357400
2364900
2368600
2371400
2374200
2430200
2448100
2455600
2459900
2465000
2471200
2484100
2528800
2530900
2533400
2540400
2576200
2579400
2583300
2588200
2634500
2662200
2666000
2669500
2677400
2703700
2713800
2757900
2761500
2764500
2766600
2768500
2770800
2773500
2776300
2780300
2917300
2926300
2989400
3027400
3030500
3033700
3035900
3038100
3041500
3095400
3103100
3113400
3117600
3148200
3152400
3156000
3158300
3160600
3209200
3276000
3280600
3319400
3364600
3371300
3375300
3428300
3431500
3434400
3436600
3438800
3441500
3483900
3522200
3524500
3526500
3528400
3530200
3532200
3534100
3536000
3537900
3540100
3542900
3565700
3569500
3573100
3618200
3620600
3622400
3624300
3626400
3628600
3630700
3632800
3636000
3692600
3700100
3734100
3738500
3741500
3744000
3746400
3749300
3751700
3756400
3784400
3790500
3793900
3796800
3799300
3845500
3856500
3920400
3925500
3928700
3933200
3937100
3940200
3945100
3949800
3954800
3960300
4070700
4075100
4078600
4081400
4085200
4088100
4133100
4136600
4142700
4149000
4159200
4185700
4193800
4212400
4231100
4240100
4244600
4247700
4250300
4252400
4257000
4261000
4268300
4310800
4313700
4316300
4318800
4321400
4325700
4327900
4370000
4445100
4448300
4451800
4455000
4458000
4526500
4528900
4531100
4533000
4535000
4537200
4539300
4541300
4543600
4545900
4602400
4608900
4614100
4680500
4685800
4689300
4693200
4764300
4768100
4772100
4775900
4814100
4854500
4856800
4859200
4861200
4863200
4865600
4869000
4986300
4990800
5033200
5038000
5041900
5044600
5047700
5051000
5054800
5059600
5097100
5100500
5106400
5140400
5144200
5146700
5149100
5152700
5194300
5196500
5239600
5245400
5248800
5285200
5289700
5292400
5294600
5297700
5302700
5377200
5381900
5384400
5386800
5391300
5393700
5397300
5401300
5418800
5468000
5491600
5495600
5498600
5502300
5506100
5509600
5546500
5588600
5592200
5597100
5599800
5602200
5604300
5606700
5609900
5612300
5614400
5618000
5620500
5622700
5624900
5627600
5631400
5636100
5672100
5680100
5684400
5700000
5706100
5709900
5712200
5715400
5721700
5728200
5758800
5762100
5766100
5770100
5773000
5809900
5815300
5820900
5825100
5830500
5839800
5884600
5889200
5893400
5896700
5900200
5907000
5918700
5973700
5977700
5980100
5982700
5985300
5988700
5992500
6029600
6035300
6037500
6039700
6042300
6044500
6046500
6048700
6051200
6053400
6055500
6058300
6061000
6147500
6178300
6180600
6182800
6184800
6186900
6189200
6191300
6193900
6196400
6199400
6257200
6295000
6297900
6301500
6305400
6309100
6340500
6346800
6384800
6391100
6424700
6429600
6437500
6526700
6565800
6569900
6575400
6579700
6607100
6616200
6619900
6622600
6624800
6627200
6629400
6632400
6636000
6639500
6643500
6647600
6655300
6660300
6698300
6702300
6704700
6707000
6709500
6712400
6717800
6749100
6753000
6755900
6760000
6847000
6856200
6891200
6897600
6901800
6906100
6911000
6942300
6946600
6950800
6954200
6995200
7045400
7054500
7067700
7095700
7103200
7107700
7110500
7114500
7122200
7173100
7177800
7183400
7187800
7194100
7244700
7249400
7252100
7255800
7259000
7261300
7264500
7267500
7270900
7347200
7352400
7354800
7357400
7359500
7363800
7367600
7458500
7466000
7472400
7480400
7546700
7555500
7601100
7608700
7650400
7701100
7707600
7743800
7746400
7748500
7751300
7753400
7755600
7757500
7759600
7762200
7806600
7851500
7857800
7932000
7937900
7941300
7944300
7948700
7984300
7986400
7989600
7991700
7993600
7995600
7997500
7999700
8002200
8006100
8011300
8040100
8042700
8045300
8048300
8051700
8054700
8057600
8060800
8069600
8104100
8110100
8113700
8117200
8119500
8121600
8124500
8126700
8163600
8167800
8171500
8175600
8232200
8236200
8238700
8246700
8283600
8286800
8290000
8293500
8295700
8297900
8301300
8305900
8338200
8343400
8347300
8349900
8353500
8401900
8407400
8445000
8449600
8455800
8460000
8462700
8464600
8466700
8469400
8472700
8475200
8478000
8481000
8484800
8522200
8525600
8528000
8530200
8532900
8588200
8631200
8637800
8642600
8689900
8739700
8743100
8747300
8794900
8801700
8841100
8847100
8881000
8884000
8886700
8891300
8896400
8904900
8960900
8963600
8965700
8968300
8970300
8972300
8974100
8976000
8977900
8979900
8983500
9008600
9011900
9072500
9107600
9110700
9113100
9115000
9117200
9120200
9123300
9151000
9153400
9155600
9157700
9159800
9161700
9163700
9166100
9198100
9200800
9203600
9205800
9207900
9210000
9253400
9261000
9266700
9272000
9276800
9280700
9284400
9288200
9291200
9321200
9323800
9326200
9328200
9330400
9332400
9334400
9337000
9339600
9343500
9403900
9407900
9410100
9412900
9415700
9418300
9420800
9423400
9426000
9429200
9431300
9433700
9435900
9439300
9443100
9448000
9488800
9492700
9525700
9528200
9530700
9532800
9536100
9572000
9574800
9577600
9580500
9583400
9611900
9615000
9617600
9619900
9622100
9625200
9655700
9659600
9662300
9703000
9706900
9709500
9712700
9733600
9738000
9741700
9745100
9748000
9751400
9758000
9783400
9821500
9825500
9898200
9904500
9987100
9999100
