# OFFOEL
# duration (msec): 1000
# repetition number: 1
6100
10300
12600
14800
17300
24500
28700
36300
41000
45900
51000
59200
66800
73500
79100
81400
85200
88200
92200
94800
103500
105900
117600
128200
134100
136900
144900
149200
157600
171200
180900
184300
189400
198700
201200
207900
211100
213600
217200
219800
226900
232300
238500
243100
254600
258500
264900
268800
285000
298100
303600
306200
310900
335000
338100
342600
345000
352600
360900
368400
371200
384800
387200
396800
399800
402900
411400
417300
420000
426800
434400
439700
450600
455700
460600
463500
468000
473600
479200
481700
487500
495800
502200
528100
536400
543800
548100
553900
556700
559600
563300
579000
583400
587900
590800
595000
605200
610100
613200
615900
625600
631900
635400
658800
668200
671500
675100
681900
689500
692900
704100
711800
715300
718900
722800
727800
739900
743300
749100
753800
758800
768900
776200
789900
799800
803200
812500
822600
828100
834700
848400
856600
860800
865000
867800
881300
891800
895000
902800
905500
912600
920700
927900
934600
937700
941200
957000
966300
971700
978600
996900
1001500
1004600
1007800
1015100
1023800
1029100
1031900
1054800
1064700
1068600
1072100
1079400
1082300
1087300
1094400
1111800
1117700
1124900
1132800
1136000
1143100
1151200
1153800
1156400
1158900
1175500
1184500
1190200
1197900
1205100
1210600
1213300
1222100
1233400
1239600
1243900
1250600
1255300
1266100
1272900
1284600
1289600
1292400
1295600
1298400
1302800
1310700
1313900
1316600
1337800
1343600
1356300
1363400
1377600
1382800
1391900
1394600
1399200
1404100
1410900
1413800
1418900
1429900
1448800
1466100
1477000
1479900
1486600
1494300
1499400
1510700
1516200
1531400
1542000
1546300
1552700
1555600
1579700
1587400
1592800
1595600
1610300
1616200
1627200
1633900
1638600
1641100
1655500
1660600
1663300
1670100
1677300
1680600
1691600
1699200
1704600
1707300
1720800
1727300
1733100
1737100
1742100
1744800
1755900
1759200
1767900
1779800
1785400
1799900
1804700
1813600
1825700
1833400
1840000
1854800
1863100
1868800
1876800
1888600
1891100
1894300
1898900
1901600
1913600
1916400
1933800
1936600
1948500
1951200
1959800
1965500
1970200
1973700
1986600
1994300
2000800
2014400
2022600
2029400
2033300
2040500
2050500
2055500
2065600
2069800
2077800
2083000
2085800
2089300
2098600
2104400
2109500
2114200
2117500
2134200
2137100
2140000
2160600
2170400
2174100
2180800
2183800
2191400
2196500
2211400
2221700
2230000
2234400
2238100
2243400
2255700
2258900
2265100
2268500
2276300
2279600
2282200
2288500
2294000
2300900
2311200
2316500
2319500
2331600
2339100
2346000
2355400
2370200
2373000
2376500
2382300
2385100
2391800
2400700
2403500
2411600
2423600
2433100
2440200
2453000
2459500
2480000
2483300
2491500
2495200
2498000
2500700
2510900
2517400
2521300
2526500
2529500
2545000
2556200
2562600
2571800
2577700
2583100
2587900
2592300
2595500
2600100
2606300
2612700
2623700
2626700
2629400
2637500
2648700
2656800
2661100
2664200
2672300
2676100
2691600
2697500
2700500
2713200
2723900
2738700
2741600
2749500
2753300
2756700
2762600
2768100
2771300
2774900
2790300
2796200
2800400
2807500
2810900
2816000
2822900
2831000
2836800
2840900
2847700
2859100
2862100
2869300
2877600
2889100
2895300
2903200
2913400
2916100
2925500
2931600
2936200
2939300
2941900
2946600
2955600
2958400
2961800
2967500
2981100
2984300
2992200
2997100
3004900
3013500
3021200
3025800
3028800
3037800
3042900
3054500
3062000
3079100
3088900
3091800
3096600
3102000
3112400
3121300
3132900
3135800
3139500
3151100
3163000
3166200
3170900
3179400
3187100
3190300
3198900
3211000
3214000
3228700
3234600
3241900
3247900
3259700
3269900
3273500
3277600
3283100
3289000
3295300
3304600
3321100
3338000
3340900
3349400
3356900
3362500
3367000
3374900
3383300
3391300
3396800
3400600
3407300
3419600
3423000
3429900
3435400
3449400
3455100
3466000
3470000
3475800
3481200
3488300
3493200
3496000
3505600
3510900
3514900
3537400
3540400
3544500
3547800
3552400
3555300
3569400
3572600
3578300
3587500
3595100
3607700
3611200
3619700
3632900
3641200
3647400
3650400
3659900
3671800
3677400
3686300
3689400
3698600
3709600
3712900
3722900
3729000
3744600
3748300
3751600
3755100
3760100
3766300
3770700
3773700
3777500
3782800
3787400
3793100
3802400
3807700
3810400
3819100
3828600
3833500
3837000
3842800
3847200
3854700
3859900
3866500
3878000
3884100
3890000
3893200
3899100
3902500
3914300
3920600
3926000
3931000
3948600
3954900
3961400
3970100
3974800
3984100
3991300
4001100
4005100
4008100
4011600
4032100
4043200
4050700
4057000
4062300
4065400
4071500
4075600
4083900
4087400
4090300
4097100
4102900
4116100
4122200
4131400
4142800
4155500
4162200
4169000
4175400
4186000
4190800
4202500
4211900
4217000
4223500
4227100
4231200
4235200
4239100
4250000
4256700
4262800
4280900
4293400
4297700
4304100
4314300
4320400
4325000
4331400
4347000
4368400
4372300
4386300
4391900
4395100
4400300
4404200
4407700
4413600
4425600
4430400
4441300
4446500
4453200
4457900
4463800
4468500
4474800
4484800
4489700
4500100
4507200
4511000
4523500
4533900
4538600
4541800
4546000
4556600
4560500
4564200
4573500
4586300
4591600
4598800
4602000
4610900
4624900
4639900
4649600
4652500
4656900
4663400
4671600
4681600
4686400
4696400
4705400
4713300
4716800
4728100
4731400
4739300
4742400
4745500
4753700
4760000
4771200
4780700
4789900
4794600
4801800
4808300
4811200
4822300
4829200
4833600
4847900
4851400
4856800
4871500
4881800
4884800
4894500
4899900
4903400
4907900
4910900
4919600
4925000
4931900
4934900
4960800
4968200
4978800
4982300
4986300
4989400
4995600
5001100
5004300
5017000
5023600
5031500
5034800
5042600
5057000
5059900
5072900
5083200
5087400
5090100
5093300
5096600
5110500
5113400
5132000
5137600
5144400
5155100
5158300
5165300
5172000
5175700
5182100
5191800
5205400
5211400
5217300
5223100
5226700
5235800
5242800
5246400
5255500
5263400
5276000
5279100
5284900
5293300
5296900
5301100
5305500
5324700
5328300
5338700
5346700
5354300
5360100
5364100
5371300
5385300
5395100
5402500
5416000
5420600
5427900
5432400
5436100
5439200
5447900
5453000
5458900
5469100
5475200
5478200
5481300
5496100
5502400
5512200
5517900
5525200
5529400
5538500
5543200
5559800
5567200
5574800
5578000
5583000
5589900
5621800
5633100
5638900
5643900
5646800
5649900
5654100
5660700
5668000
5679100
5686700
5689700
5704300
5707400
5711800
5730100
5740100
5750500
5755600
5763200
5770000
5773200
5784100
5792700
5800000
5803400
5808300
5811400
5818700
5826900
5833000
5842600
5849000
5852300
5861700
5865400
5870000
5873900
5884500
5897900
5905900
5915500
5921400
5925700
5928700
5937200
5950400
5960400
5964700
5988700
5994900
6007200
6014300
6029200
6035600
6050500
6055500
6064700
6067900
6072400
6076900
6088700
6094500
6097400
6101100
6108800
6114800
6120900
6130300
6143900
6148400
6160300
6171500
6176200
6188300
6191300
6194600
6198900
6204900
6208100
6215300
6220000
6230500
6241400
6247000
6250700
6255400
6268400
6272800
6275900
6295300
6298200
6303300
6312800
6316500
6328800
6335300
6342800
6347900
6369900
6380100
6387500
6395500
6400700
6406600
6412400
6416600
6424500
6428700
6437000
6442800
6452600
6465900
6471400
6474500
6478200
6503200
6506400
6522500
6533200
6537200
6542800
6549000
6553200
6557100
6562200
6570200
6577000
6582400
6592200
6596700
6603300
6612300
6617000
6624000
6630200
6634500
6638300
6642100
6653900
6657600
6661200
6678600
6687100
6693000
6698900
6710200
6719700
6732800
6749700
6758400
6764700
6776700
6782100
6787900
6791400
6795000
6798200
6802500
6809500
6813700
6816700
6832200
6838800
6842200
6850800
6863100
6871000
6877700
6883100
6894400
6897500
6908800
6913600
6920000
6930800
6934600
6939100
6943100
6960300
6980500
6983400
6990600
7000400
7005500
7009000
7015600
7022100
7027300
7030800
7049200
7063300
7066200
7069300
7075700
7090700
7102200
7109600
7114700
7120100
7127500
7141000
7152100
7155500
7158900
7169400
7173000
7176600
7192300
7197900
7203500
7208600
7217300
7229700
7235700
7238900
7243500
7249900
7255600
7259100
7262500
7274700
7280700
7295000
7301100
7313700
7321800
7325900
7336500
7341400
7346400
7351300
7362000
7365500
7371100
7374300
7388400
7392500
7398200
7404600
7408100
7418100
7421900
7427800
7449100
7456100
7465300
7473000
7478900
7482000
7487500
7494100
7499200
7503400
7513700
7517300
7520600
7525300
7533000
7541000
7545000
7551700
7557800
7560900
7564700
7572000
7577100
7587700
7592600
7599000
7605300
7616100
7621100
7628100
7640000
7643300
7656900
7661100
7666600
7672700
7681700
7687400
7692600
7700000
7703300
7707600
7713800
7720600
7727100
7735100
7745300
7753000
7765900
7780700
7785700
7791100
7802300
7813900
7818400
7822900
7829000
7832500
7840600
7855400
7859700
7863200
7866100
7871400
7896400
7901700
7907700
7912600
7916400
7919600
7922900
7932600
7938700
7943600
7947900
7953900
7960500
7967000
7973700
7979800
7984000
7990100
8014100
8017700
8022600
8025500
8031900
8046000
8052300
8063200
8075500
8082500
8088800
8091700
8101200
8107700
8118900
8128200
8137700
8141100
8152100
8159700
8162900
8170600
8175700
8196300
8205700
8209600
8214200
8228200
8241400
8246300
8261000
8273500
8289100
8293900
8296800
8304400
8308700
8311600
8324500
8330400
8346000
8352400
8358400
8368200
8385000
8389700
8395900
8412100
8416500
8419700
8422800
8442500
8457800
8474000
8478700
8484100
8496900
8499800
8502500
8505800
8512000
8522000
8526200
8536600
8545500
8554000
8559100
8568300
8574700
8581000
8590300
8593800
8612200
8619800
8624900
8637300
8654500
8658800
8665800
8669100
8679400
8691600
8698800
8702700
8707400
8713600
8724200
8731900
8743900
8750400
8754100
8760400
8765600
8772100
8781000
8784400
8794300
8809600
8815900
8823200
8826400
8829600
8834800
8840300
8845700
8853200
8860600
8866400
8871900
8879200
8889500
8893200
8896800
8917600
8923600
8928900
8934800
8938000
8944400
8958400
8963500
8970200
8977800
8995900
8998800
9004900
9008100
9013300
9018300
9030700
9038800
9048200
9051500
9055600
9060800
9065300
9069400
9072300
9081800
9094900
9102600
9109000
9116700
9119900
9133200
9146200
9160100
9176400
9179900
9182800
9194700
9198200
9203300
9207000
9210100
9214000
9227200
9235400
9239000
9248700
9251900
9257400
9264100
9267900
9275400
9283300
9287100
9292800
9298100
9303400
9307600
9310600
9333500
9339200
9348400
9352100
9362600
9369300
9375800
9390200
9396700
9407600
9410900
9420400
9423600
9429000
9435600
9450100
9453600
9462400
9465500
9476700
9479800
9492200
9497700
9516500
9525200
9532800
9542700
9556300
9563000
9577800
9586200
9589600
9598000
9601500
9611500
9618200
9629200
9633100
9644200
9651800
9664700
9674800
9682600
9686800
9692300
9695600
9702400
9709200
9713900
9719900
9728900
9732000
9739400
9755500
9766500
9778500
9792600
9796000
9807100
9822100
9832900
9845400
9848900
9858800
9862000
9874100
9877300
9897400
9908600
9912200
9915500
9922900
9927600
9934200
9939300
9944600
9952000
9956000
9963100
9976900
9980100
9997800
10004300
