# OFFOEL
# duration (msec): 1000
# repetition number: 1
4600
7100
9700
12900
16300
22400
25000
30100
38500
47900
52300
68900
74200
78300
88400
98500
104500
124100
131400
140300
146400
162600
179000
181700
192100
204000
208000
217600
224600
235600
245900
254300
269100
283400
291500
299600
304700
309200
318700
328800
332500
337200
352300
364300
377900
381600
397900
403600
409700
412700
420200
427800
458000
461200
477600
483400
488700
520000
528400
543600
551400
553800
567700
584300
590900
597400
603700
606000
617300
623900
632900
639600
644500
655300
658800
667600
702800
708300
718300
727700
744200
759400
769000
779200
790300
798100
812900
826500
835700
844600
849900
857600
864900
872700
882000
888500
908700
918800
937800
948800
955500
959500
976900
984100
990900
997700
1009800
1027000
1033700
1044600
1054600
1065200
1067500
1076000
1081300
1107400
1114200
1119000
1125000
1131200
1138700
1155000
1161800
1165600
1173800
1185200
1190600
1195100
1209700
1221800
1243500
1255500
1258600
1263900
1270200
1281800
1299400
1303000
1330300
1348400
1354200
1359600
1375000
1385800
1394200
1400900
1410200
1420700
1444400
1449700
1458800
1490600
1500500
1509300
1511900
1519000
1529900
1542400
1554200
1565700
1573700
1590800
1600100
1610600
1615800
1621600
1628500
1642400
1655800
1666300
1673300
1682400
1693700
1698700
1713600
1724400
1738000
1749700
1757800
1766100
1772400
1794700
1796900
1807500
1823200
1828900
1842200
1845500
1862800
1869800
1884000
1889200
1895700
1910000
1912500
1924000
1929800
1936200
1940700
1956800
1965800
1972500
1985400
2011600
2019700
2026500
2035000
2051500
2058700
2077300
2084000
2086600
2113200
2129400
2141500
2154200
2162200
2174000
2180900
2184900
2196900
2206400
2213200
2223000
2234300
2245600
2253600
2265900
2286500
2291600
2305500
2316900
2332800
2342000
2347700
2353300
2379800
2389000
2394800
2407600
2411100
2427700
2432000
2459800
2480800
2499700
2509200
2513200
2516000
2541300
2547600
2557100
2563500
2573500
2591200
2595200
2597600
2610500
2632900
2649400
2662500
2664700
2675900
2691200
2700200
2714200
2719000
2731800
2740600
2762000
2776100
2787200
2790700
2806400
2817900
2827600
2834800
2848200
2864100
2866400
2888400
2903900
2909800
2932500
2935900
2950600
2969800
2972300
2980800
2987100
2993300
2999400
3006000
3014600
3028800
3048000
3052000
3067100
3072700
3079900
3105100
3123800
3128800
3135000
3152600
3165400
3175000
3181000
3200900
3212100
3216700
3226600
3232900
3249900
3254300
3267200
3288800
3306700
3317200
3338100
3343600
3355700
3367200
3391600
3396500
3401700
3415200
3423000
3429900
3445000
3463300
3476200
3485900
3502700
3511700
3523800
3528000
3557500
3563500
3575200
3580000
3586500
3593200
3609900
3620100
3637100
3656700
3662900
3669300
3682000
3686400
3689400
3694400
3706000
3711700
3717100
3728000
3746700
3752300
3765300
3771500
3779500
3787000
3793200
3806700
3811800
3827200
3836200
3852200
3855100
3863400
3868400
3874200
3889800
3895000
3909800
3914600
3930200
3937800
3954300
3959700
3966500
3972700
3980400
3986800
3994700
4004400
4025900
4029800
4041700
4056400
4065700
4073600
4081200
4112300
4119900
4123500
4129000
4139000
4149400
4164600
4170300
4184400
4198600
4202400
4209700
4219300
4233400
4244400
4250900
4281000
4292400
4298300
4305900
4320800
4325000
4331600
4337300
4342000
4355900
4360300
4373400
4383400
4392200
4406400
4408800
4424300
4441000
4447000
4463600
4477800
4488800
4497300
4500400
4518600
4530900
4538100
4546300
4552200
4558100
4566600
4586700
4598000
4609000
4617900
4622200
4629100
4634200
4649300
4658100
4661600
4673100
4684300
4701600
4708800
4715600
4728500
4733200
4738300
4742800
4765700
4769900
4778900
4783500
4804000
4808700
4813900
4821000
4840300
4845100
4857300
4865100
4889500
4894500
4901600
4907600
4909800
4919800
4925600
4957400
4960200
4975600
4982200
5002700
5011800
5020600
5031700
5043100
5058400
5065300
5068400
5090200
5093700
5106600
5112200
5128400
5136200
5156000
5161700
5167600
5182800
5197800
5208800
5214200
5223600
5234700
5248600
5255400
5262100
5272000
5284900
5291400
5307500
5314000
5332700
5343100
5353800
5377100
5390200
5393300
5402900
5412100
5423000
5428800
5439200
5449300
5469000
5480800
5492400
5504400
5511900
5525400
5538400
5550500
5568400
5577300
5580500
5598100
5604800
5614900
5623500
5635200
5642600
5654600
5663700
5668300
5675900
5693400
5704200
5710500
5720800
5736400
5746200
5764300
5772500
5785900
5792700
5804800
5825300
5836300
5841000
5847200
5853600
5871000
5874100
5886900
5895500
5898400
5908400
5916100
5931300
5942900
5954900
5961800
5966800
5970800
5996800
6001400
6019500
6035400
6043800
6056700
6064100
6076400
6081500
6086700
6102800
6108600
6123000
6138400
6151300
6161500
6169000
6178800
6181200
6193900
6202600
6213900
6226700
6239400
6251300
6267900
6275000
6280100
6286000
6298900
6301300
6321600
6326900
6329600
6332500
6343000
6357300
6366400
6377600
6387800
6404800
6408100
6420800
6428600
6434400
6449000
6460400
6466300
6474300
6490900
6497800
6506500
6518300
6525500
6529400
6538600
6561100
6568600
6580400
6589300
6599500
6613700
6626400
6630900
6636100
6639900
6647800
6655400
6665000
6683000
6702600
6709100
6716600
6731000
6744100
6749900
6770800
6777400
6788900
6795900
6812800
6824700
6834500
6842100
6856900
6866800
6886400
6893000
6898700
6919000
6936700
6942600
6949100
6961000
6969400
6979400
6987800
7006200
7012700
7015600
7030800
7034400
7063600
7070400
7076600
7088300
7102100
7105400
7116700
7142200
7151400
7158000
7169700
7178600
7184600
7195000
7198200
7214800
7249800
7261900
7267200
7275000
7281400
7287200
7292300
7306900
7317700
7324400
7326600
7329300
7343200
7350300
7363000
7374400
7380600
7388000
7407500
7420300
7424000
7436500
7449900
7455000
7461500
7473300
7479600
7489400
7507700
7522700
7528300
7532900
7543900
7554400
7563200
7579300
7585800
7591100
7599700
7602200
7612800
7617500
7639200
7647500
7666300
7673200
7686900
7698800
7704300
7720900
7731500
7737000
7745100
7749600
7759100
7767200
7784700
7795000
7801700
7810800
7824100
7829200
7834800
7849000
7862700
7878400
7887100
7900500
7905000
7916400
7944800
7952800
7955300
7962100
7985100
7997900
8021300
8026600
8046100
8051900
8070600
8078600
8087200
8091200
8103000
8111500
8113600
8118700
8124600
8136900
8143200
8149600
8159200
8165900
8174300
8180500
8208800
8215200
8225400
8230100
8242600
8255000
8264200
8272400
8277600
8283400
8293900
8311100
8318300
8321800
8349200
8359300
8374600
8382300
8395500
8403400
8425000
8446800
8455900
8460600
8467200
8475400
8484200
8495300
8507300
8512100
8524700
8531500
8539900
8552800
8559400
8565600
8571900
8594200
8607300
8615800
8628000
8633600
8653400
8659200
8664700
8679500
8691100
8696200
8702600
8713600
8732200
8747000
8757900
8772200
8778900
8781200
8806200
8820600
8830000
8837600
8842400
8871200
8875500
8895700
8904200
8921900
8931700
8945300
8953400
8961100
8970900
8987900
8999800
9004200
9009300
9037400
9050500
9054500
9064700
9077100
9084100
9099300
9104500
9115300
9119900
9129900
9151000
9158000
9167400
9177600
9194300
9217500
9223800
9229700
9237600
9244500
9254200
9260500
9269200
9275100
9283500
9299500
9313300
9334500
9341900
9356500
9363800
9371900
9380900
9387100
9394000
9400300
9416700
9424700
9428600
9439500
9448100
9452300
9458400
9470100
9477900
9486600
9502200
9512500
9518900
9530200
9544200
9558400
9578700
9585300
9600700
9607300
9611000
9631100
9644500
9650200
9656900
9661000
9687700
9699600
9702100
9709200
9731400
9742000
9753700
9763200
9772000
9778600
9788700
9799400
9807100
9824600
9836000
9840100
9847100
9881600
9884400
9898000
9917800
9921600
9932000
9943200
9956600
9963500
9971600
9977800
9992800
10372500
10892900
11066200
11233500
