# OFFOEL
# duration (msec): 1000
# repetition number: 1
5400
7500
10900
13000
15100
20700
26800
29000
33500
37100
42000
46500
49900
67500
70600
78800
81600
84000
86500
94900
100200
104800
114000
122400
126900
132300
138400
145600
150900
157000
161900
165100
177800
183400
191100
198800
203800
206300
210200
227600
231700
240800
255900
261000
266000
276200
282600
290000
299100
307800
315700
332700
340700
347100
355300
358000
371100
379500
383500
395000
398300
404100
413500
417200
425900
431600
439300
441300
446600
456000
469100
483400
490700
500600
524800
530700
539700
552900
559400
568200
572300
577300
584100
589500
594600
603900
609100
613900
618000
622900
626000
635800
645700
648900
653200
666800
670100
679700
687300
689300
702300
705400
712000
715100
723000
726300
735800
741400
746700
752900
758600
774800
780000
795900
799400
805300
816200
821500
831100
843100
850500
854800
857400
872100
880400
888000
892900
895100
902700
911900
920900
933100
941000
946300
950500
956100
961400
968700
972600
975100
987000
993000
1001400
1006900
1009000
1016500
1029400
1034700
1040600
1043100
1049000
1058800
1074300
1077100
1080500
1088500
1094600
1105100
1109900
1126400
1130100
1136900
1147400
1155000
1160500
1165400
1173600
1180300
1189500
1192200
1195400
1203300
1213800
1216900
1219200
1229300
1241900
1246600
1257000
1262300
1269800
1285500
1293600
1296300
1304400
1314800
1330000
1338000
1342700
1350200
1359000
1365200
1371900
1379100
1383000
1390500
1392600
1403700
1417000
1432300
1440300
1442300
1448000
1455900
1461000
1467800
1472800
1489300
1506300
1516500
1528200
1531400
1540100
1542700
1546000
1548500
1569000
1575600
1586300
1597600
1600500
1606400
1612100
1626900
1644400
1651200
1663800
1670300
1675700
1685100
1691000
1701700
1708100
1716800
1721100
1729900
1738100
1750800
1754200
1756600
1779900
1788900
1793800
1797600
1805800
1811100
1820500
1822500
1834600
1839400
1845000
1857700
1866600
1873200
1879100
1881400
1886800
1896700
1904000
1920800
1928400
1935800
1942700
1955800
1966600
1982300
1987500
1994900
2004100
2009000
2012100
2016600
2034700
2044500
2064400
2066500
2073700
2076400
2083400
2089100
2108600
2110800
2127000
2131700
2133700
2143100
2146500
2162400
2172100
2174200
2179600
2191200
2196000
2198700
2201300
2210300
2222600
2239100
2249900
2252800
2257800
2264400
2270800
2277000
2281200
2284700
2297500
2300000
2306100
2313300
2322400
2335300
2343100
2353100
2367500
2370300
2381700
2388300
2393900
2396700
2412800
2420200
2422400
2444900
2450600
2453000
2466700
2473200
2480600
2486400
2497400
2499700
2506500
2518100
2527300
2533300
2543600
2550300
2560100
2566400
2575800
2589900
2598000
2615600
2625800
2641400
2644900
2655800
2660800
2679200
2686500
2695800
2699100
2708000
2714300
2721800
2728600
2730800
2740200
2743500
2748600
2764200
2769600
2784100
2797600
2807600
2818300
2833300
2848400
2851300
2869200
2888900
2895600
2897700
2908900
2913900
2919600
2930200
2936200
2938400
2943800
2958200
2968200
2982000
2985100
2993100
3006000
3008200
3013500
3023500
3040800
3052100
3064400
3071900
3080100
3092300
3096300
3098700
3110100
3117700
3129000
3136500
3141800
3153300
3161900
3164500
3167400
3169700
3187500
3193100
3213800
3224800
3234500
3237000
3250600
3264700
3270200
3280600
3294600
3300500
3303900
3311400
3314800
3325200
3327900
3337600
3346900
3355600
3366600
3374500
3391700
3404700
3417500
3427800
3444000
3451600
3458200
3472100
3483000
3487300
3496000
3502600
3511700
3526500
3533800
3536400
3546600
3555700
3579100
3585900
3592600
3595500
3609900
3613900
3618100
3624900
3644100
3653100
3659300
3661600
3669400
3675300
3695200
3705400
3708700
3715000
3719400
3726100
3734800
3742800
3746700
3754400
3759900
3775600
3779500
3787900
3793700
3811300
3830100
3842000
3850200
3852400
3865100
3873100
3890700
3902000
3909200
3914500
3918900
3928400
3934900
3938400
3973500
3976300
3987800
3997000
4000000
4008700
4014700
4018200
4032200
4038100
4045800
4050300
4058600
4064800
4071200
4089300
4093300
4099200
4102300
4115400
4118500
4124700
4134900
4138800
4142900
4150700
4159700
4170300
4178200
4192300
4201300
4213800
4230100
4254000
4259900
4273800
4276100
4299600
4312800
4317200
4327800
4341300
4344300
4351800
4358400
4365500
4371500
4375600
4387000
4394400
4404100
4414900
4444900
4447900
4450800
4455800
4463400
4479700
4486500
4492000
4514400
4521000
4527500
4531400
4538000
4545800
4551600
4570000
4580100
4598100
4600200
4607100
4623900
4631000
4639400
4642000
4650000
4652800
4659100
4661700
4669300
4680400
4689000
4693900
4699000
4700600
4714800
4718400
4730200
4733400
4748700
4759400
4763900
4766700
4781200
4791700
4800800
4808100
4814700
4820300
4825200
4841400
4857500
4882900
4885500
4887600
4894500
4908400
4912000
4922900
4929400
4933000
4942800
4950100
4961100
4990500
4993400
5012000
5023400
5034500
5041400
5046500
5061200
5073900
5082900
5096500
5112000
5119500
5125100
5130600
5137900
5156200
5160300
5175800
5184400
5195100
5202600
5216700
5222300
5225200
5232600
5246100
5253800
5265300
5275100
5278400
5291900
5295800
5304300
5316100
5325700
5333100
5347000
5353000
5360700
5369900
5373200
5382500
5391900
5400400
5403100
5417400
5433000
5441900
5445300
5455900
5464100
5468200
5471900
5481400
5489800
5491800
5498300
5505400
5518000
5540300
5543000
5557600
5567200
5576300
5585300
5592000
5606700
5609700
5617800
5632600
5637400
5644300
5662000
5669100
5679500
5690400
5693000
5704600
5706800
5724900
5741200
5761700
5768600
5782400
5798100
5802400
5805500
5812800
5820100
5826900
5835400
5840700
5844100
5850900
5854500
5863900
5869700
5880900
5891900
5896600
5898200
5904200
5934600
5942100
5952500
5959700
5967600
5975800
5985400
5989900
5997400
6011500
6021600
6025300
6027700
6040200
6043800
6054200
6057200
6070400
6082700
6093000
6098100
6110900
6120900
6140800
6151600
6154600
6158700
6162800
6173200
6182100
6198700
6201900
6220400
6223600
6234100
6237600
6248800
6252300
6274800
6278500
6282100
6298600
6309300
6317100
6324200
6328700
6337100
6348500
6362600
6365200
6372300
6388500
6394600
6399600
6414100
6444900
6448600
6453800
6465000
6470100
6479800
6483200
6497900
6500300
6508300
6524700
6532300
6535000
6539500
6554900
6560000
6561600
6577300
6581900
6589600
6616500
6626000
6629900
6639400
6653800
6657400
6680000
6685000
6688600
6698100
6707000
6718400
6728700
6731200
6749700
6758000
6768900
6775900
6796800
6801800
6811000
6827200
6842700
6851500
6855400
6863200
6869800
6893300
6899700
6903400
6917800
6925500
6937600
6951800
6967500
6974000
6983500
6985700
6990000
6994200
7010400
7015100
7020300
7036700
7041100
7051500
7054500
7066600
7070100
7075100
7102400
7112000
7115400
7128000
7133400
7143700
7158100
7175900
7179200
7187300
7190900
7194800
7204600
7210900
7220200
7227000
7229500
7245400
7248400
7253800
7258600
7260200
7263000
7284300
7302000
7304500
7307700
7314600
7328300
7331400
7335000
7344300
7351900
7356600
7366000
7383000
7386500
7394500
7398100
7402000
7403600
7421100
7430500
7440800
7443400
7446700
7454400
7459700
7467900
7478800
7491400
7497000
7502200
7516900
7527000
7529500
7535700
7544100
7546900
7553000
7570900
7575400
7598000
7600600
7609900
7622900
7650900
7659300
7662300
7682200
7689100
7696800
7703800
7710500
7721200
7732900
7735500
7742600
7750800
7753400
7757400
7770800
7779200
7787400
7802500
7814100
7831400
7841400
7845500
7858200
7873500
7886200
7902000
7911100
7926200
7928400
7933700
7941900
7945600
7952900
7962300
7974600
7983900
7991800
7996700
8002000
8012300
8025400
8030400
8032000
8038900
8049000
8055700
8061800
8066500
8075100
8089700
8105900
8111300
8117700
8125800
8130800
8135300
8141000
8155900
8175300
8189400
8208900
8218200
8223400
8225000
8228600
8233100
8234700
8252400
8265800
8270000
8288700
8295800
8303700
8312000
8322600
8335800
8350800
8363100
8384300
8387300
8408400
8416800
8422100
8441400
8446400
8453500
8464600
8468600
8477200
8482500
8487500
8501900
8506200
8513200
8538600
8543700
8556400
8564100
8573800
8576100
8589900
8594200
8599600
8613700
8618800
8630500
8643600
8655000
8662600
8665300
8687200
8691600
8698900
8704700
8707600
8721500
8735700
8746200
8754500
8770400
8791100
8796700
8801400
8816600
8823600
8837300
8851500
8861700
8868400
8875300
8878800
8892400
8899800
8911700
8919000
8929500
8933800
8942200
8947600
8956400
8965300
8969800
9002300
9016600
9022600
9038900
9062600
9072300
9083800
9090500
9097000
9105600
9116300
9131200
9144600
9147900
9160900
9170800
9180000
9183300
9190000
9201200
9215700
9224300
9234900
9243000
9250900
9259100
9274000
9290600
9292800
9301200
9320200
9325200
9334500
9337000
9357600
9364600
9380600
9385700
9400400
9411900
9419600
9431600
9441600
9448100
9456500
9459800
9470900
9482100
9499000
9509400
9513900
9525000
9527600
9561800
9569700
9582100
9596000
9598700
9604600
9615100
9617600
9621900
9625100
9664800
9677000
9688900
9713600
9725300
9751400
9757200
9770300
9773900
9789900
9793500
9805600
9807900
9814600
9822000
9829500
9850500
9856000
9863100
9867500
9885600
9910200
9913300
9924500
9932900
9939900
9950000
9955700
9961500
9976000
9981400
9986900
10002900
