# OFFOEL
# duration (msec): 1000
# repetition number: 1
5900
8300
10700
12500
14500
16300
20900
27000
29600
37500
42000
46700
58300
67800
70500
72300
78900
82300
85000
97300
101500
106000
108300
115800
122400
127000
138300
145800
149900
153400
160100
163700
177300
180800
184400
196100
199500
206000
210100
226100
228200
232200
241000
252100
256900
261200
266500
277900
286300
290400
308100
315600
321100
332700
340800
357200
369400
379800
383700
394900
404000
413600
417200
425500
432800
439600
441600
449100
456700
483400
490400
499400
524900
530700
540000
553000
567300
572500
583900
589000
591700
603600
609800
614400
622700
635500
643900
646300
650000
667300
684500
687600
690800
702700
706400
714400
722900
726200
735300
739800
747400
751400
755200
758200
780200
785200
795800
798700
811800
828700
841700
843800
850600
855200
868800
887800
893100
904100
920900
924000
932800
941500
946200
952800
957000
962800
967500
972000
974500
987000
999800
# OFFOEL
# duration (msec): 1000
# repetition number: 2
5900
7800
10600
12400
14600
16400
20700
27000
29000
33000
37700
42200
46700
64000
67800
71800
79000
82500
84800
93600
97000
104600
114200
122600
127100
138100
146200
149900
159800
163800
165700
177600
182800
191500
197900
199900
205700
210100
226000
228500
233700
240900
256700
261200
266200
276000
286100
290300
299100
307900
315900
321400
328600
335200
341700
347000
356000
371200
379800
383100
395100
404200
410200
414100
417000
419300
438900
441200
446400
452600
456800
483600
492900
499300
505300
524400
531200
540300
552900
568500
572800
583900
586500
588900
590600
595400
605500
609700
614100
622700
635700
643300
650000
667200
678600
686600
689000
691400
702300
705300
712700
714700
720700
726200
735500
740000
746600
751600
754100
765800
780500
785100
796200
798800
803900
811900
816300
821500
833100
842900
850800
854800
887600
893200
897100
911100
921200
933300
941500
945900
952600
962600
968800
972200
975000
987400
993300
# OFFOEL
# duration (msec): 1000
# repetition number: 3
6000
7900
11000
12800
15600
17500
20800
27000
29200
33200
38000
42000
46800
50900
54300
67800
71500
78600
81900
84900
93700
99800
105800
108300
115300
122400
127000
131200
138200
150100
159600
163500
165700
177900
183400
191400
196600
199400
204900
210100
227800
231700
241100
257200
261200
266300
275800
283500
286700
295000
315800
321000
328700
333300
341900
352800
357100
379400
383400
395300
404200
409800
415200
420100
425400
432000
439000
441500
446500
449500
456800
483600
488900
500500
521000
532600
540300
553100
565600
568500
572900
577900
584100
589600
595600
605600
609500
614700
617700
626200
635600
643300
646200
650400
663300
671900
685300
687700
690400
702900
705400
711900
715100
727100
735700
739600
741300
746800
753200
774900
780700
787300
795600
797800
813000
821200
828900
833200
843100
850700
854700
880800
887800
893300
913600
920800
933000
941700
946000
952700
956200
962900
967700
972700
975700
987300
996100
# OFFOEL
# duration (msec): 1000
# repetition number: 4
5700
7900
10600
15700
21000
27300
29800
37100
41900
47300
51300
67800
70900
78600
82500
85800
94000
98400
102200
108400
114900
122500
131200
138400
150000
152000
162000
165400
177700
182300
191700
196400
199300
204500
210900
227700
233400
241000
257300
261300
266200
276400
286400
292000
299700
308100
316000
328400
333500
341400
347200
357200
378300
383000
395400
404300
413200
416900
423800
439900
446300
456600
459800
483700
485900
499100
524400
530600
540600
553000
565600
568600
573000
584100
589100
595200
605500
609600
613900
623100
635900
643400
645700
653300
662500
670100
684700
687300
689300
692500
704200
707100
711800
714700
720700
735400
739800
746900
753100
758400
780800
789100
795500
798700
813200
816400
821400
833400
843700
850800
854900
856700
875200
881100
893200
897200
904800
921000
923400
933000
942100
946100
953200
961700
971400
974000
987400
# OFFOEL
# duration (msec): 1000
# repetition number: 5
5800
7700
11400
13200
15900
21100
27000
29400
33300
36200
41700
50600
67800
71500
79100
83500
85600
97500
101000
105100
107000
116100
122400
127000
133000
138400
146200
150100
159600
162900
165200
177800
182700
191400
196700
199200
204700
211200
227900
233600
241000
252700
261000
266200
282700
286600
291900
308700
315800
333000
340400
347400
355600
357500
370900
383500
395000
404100
410400
415700
419600
425000
439100
441100
452100
456800
483200
488500
493300
499500
524200
531000
540300
552800
562100
565500
568900
573000
577700
584200
590100
595700
605800
609100
614200
617900
624500
636000
644000
646400
649200
667300
678700
687000
691200
702700
705500
712400
714900
720600
726700
735400
746300
754000
757700
774900
780900
789300
796200
799200
812100
816200
821100
843000
850700
854500
856400
881500
887600
893400
900100
920900
923300
933000
941400
946500
952900
956200
963100
969000
972200
974300
987400
1000200
# OFFOEL
# duration (msec): 1000
# repetition number: 6
5800
7700
11200
13000
15800
20700
26900
29300
34400
37500
42000
47500
51200
67800
69700
72400
79300
83700
97100
101600
105400
114000
122600
127100
132200
138400
146000
151400
154100
162000
165400
177700
183800
191400
199100
205600
210300
226500
228900
232000
234100
241100
251800
261300
266400
276000
288000
292300
298000
315800
330300
341900
347600
356900
370600
383100
386500
395300
404200
410100
417800
432100
439400
441500
446200
456600
459900
483600
490400
499500
501900
526100
530600
541100
559500
566000
569200
573000
580600
584200
590600
595400
609500
614500
635800
645600
650100
667400
677700
687400
690600
703000
705700
714300
718100
723400
729100
735400
741800
746700
755300
780000
795600
798200
812300
821200
833600
842000
850700
855100
868800
875400
888200
893400
903900
912900
921400
932900
945700
952600
957300
967500
970700
974000
987200
993800
# OFFOEL
# duration (msec): 1000
# repetition number: 7
6000
7900
11500
15900
20900
27200
29700
37300
42100
50900
67800
70800
78700
82500
84700
95000
101700
104800
114600
122900
127400
132900
138500
150200
162000
164200
170000
177800
184000
191700
199400
204500
210900
226400
228700
241000
253200
261200
266400
272300
284100
287500
292000
308200
315900
329000
335500
342000
347600
357500
371300
383100
395600
404300
410200
415800
425300
439500
446400
456800
459900
483800
500900
506100
524500
534300
541500
559500
565700
568400
573100
584100
588600
595100
606100
609300
614500
636100
645700
648700
667500
678800
687400
704200
712300
714600
720800
726800
735500
739700
747100
754800
758400
775100
780500
795400
812100
816300
821100
829300
843200
850900
854800
872000
881000
887500
893300
897000
921400
932900
941600
946200
949700
957600
962600
968700
973700
987500
992800
# OFFOEL
# duration (msec): 1000
# repetition number: 8
5700
7800
10600
12500
15600
20800
27100
29900
32900
38000
42000
50800
67600
70500
79200
82000
84900
95300
100100
106200
116100
122400
127100
138000
145900
150200
156700
162300
165300
170400
177800
183400
191100
197900
204400
209800
226000
228200
233000
241500
251300
260900
266100
276800
282900
287300
290900
299200
308400
316000
332800
340100
342300
347800
355500
357700
371300
379200
383400
395000
404200
409800
415700
425300
431600
439000
441200
449100
456400
469400
483600
499000
505800
524200
533900
541700
565500
568400
572300
577800
584300
590500
594900
609300
613800
616900
623600
635800
643600
649800
662500
667600
670200
687300
690000
702900
705400
710100
714700
718200
725800
735700
740000
746900
753100
779600
785100
796300
811900
821000
828900
833600
843100
850600
854900
871600
880800
887900
893500
904000
912400
921400
932500
944700
947200
953500
963000
969100
974100
987200
998900
# OFFOEL
# duration (msec): 1000
# repetition number: 9
5800
7700
10600
15700
20800
26800
29900
33600
41700
43800
51500
67900
70000
72700
78900
82300
84800
94000
100400
106000
115000
122600
127200
131400
138600
145800
151400
161800
165300
177500
183600
191500
198100
204500
210400
227700
230600
241200
255100
261200
266100
275900
283500
290300
308000
315900
321500
332900
341400
347400
352800
357500
379300
383100
395200
404200
413600
417400
425000
439900
446500
456800
460000
483600
493000
499300
501600
524500
540100
553300
560100
566900
572700
576800
584400
591100
605700
610100
614500
624600
636200
645600
649400
669900
677900
687400
704300
712200
714600
720800
725700
734900
739600
751300
780900
793500
796400
813100
821200
833300
843200
850900
855000
887700
892900
921000
923400
933000
941500
945500
948100
956300
962800
968300
972100
974500
987300
# OFFOEL
# duration (msec): 1000
# repetition number: 10
5800
7600
11200
13100
15900
20900
27000
29200
35500
38500
42200
46900
57100
68000
71700
81600
84900
96800
100500
104800
114300
122600
127300
138400
145800
151400
159700
163800
178000
191400
198200
204200
206700
210400
226200
228300
231700
240500
261100
266100
278900
286100
291600
296800
308500
316100
328200
333500
341700
347500
357400
371400
382700
395400
404300
413000
417700
424100
432000
439300
441400
446500
449500
457000
483600
493000
500700
505400
526700
540300
553100
559500
568600
572500
581000
584100
590900
605500
609100
614500
617900
623400
636100
644000
649100
667600
678200
687300
703600
711200
714500
720700
735500
739900
747300
751300
758200
775200
780800
796500
799500
813100
833300
843300
850900
854800
871900
881300
887700
893600
896800
921100
932700
941500
946000
952800
957100
962600
969200
972200
975700
987200
1000100
# OFFOEL
# duration (msec): 1000
# repetition number: 11
5900
7900
11300
13100
15200
20700
27000
29100
33200
41900
47200
51500
55400
67800
70400
79200
83800
91000
95500
98300
101900
106600
114700
122500
127100
138500
145900
151300
157100
163600
165700
177400
183500
191300
199000
206200
210000
226400
231300
240800
260900
266600
275800
286100
291500
295400
308200
315800
319600
330200
340400
342400
357300
373800
380100
383500
395100
404300
410000
415300
419500
425200
431600
439600
441800
446300
449900
456600
483700
490900
499500
524600
532800
541200
553000
567400
572500
575500
584000
589100
594900
605600
609600
613900
622900
635700
644500
649600
653800
669800
687400
690300
704100
707300
712900
715000
720700
735400
739600
746800
752500
755700
767900
780500
789500
796800
799100
811800
828700
833300
843200
850700
855100
874900
880900
888000
893300
904200
920900
932700
941400
946100
949700
957800
962600
969400
972900
987200
999900
# OFFOEL
# duration (msec): 1000
# repetition number: 12
6000
8000
10900
16100
20800
28600
33600
37900
42300
47200
51200
68000
71500
79700
82000
84700
95900
104900
108400
114700
122800
127200
138200
146000
151100
162000
164100
170400
177600
183200
191400
199100
205200
210000
226100
228400
231900
241200
261000
264700
272300
276500
283100
287400
291200
299500
308500
316500
333000
342100
357200
371200
383000
387500
395300
404300
410500
413600
417600
425300
432000
439200
449700
456700
483600
491200
501200
524500
540600
553300
559700
568400
572900
583900
588800
594800
606000
614300
618100
635900
645300
650200
667500
678800
687200
691700
703100
708700
712400
718300
723800
735900
739800
747000
753100
780900
787200
795000
798900
812900
816600
831800
843500
851100
855000
881300
888000
893300
897200
921300
932900
941500
946100
953100
957600
962600
969400
972500
974600
987600
1000200
# OFFOEL
# duration (msec): 1000
# repetition number: 13
6000
8200
11500
16100
20900
28800
35600
37900
42200
47400
51400
67900
81600
84400
95200
97600
100800
106100
114400
122700
127500
138400
146000
150300
159800
162800
165200
177600
184100
191200
199100
204800
210300
225900
233200
240900
252200
261200
266200
283300
287900
291700
297800
306300
316000
321700
333100
335800
341900
347300
355800
370800
379800
383200
395600
404500
410200
413900
417600
439000
446500
449400
456900
469300
483900
499000
505300
526300
531000
540700
561500
568600
572400
584200
590800
605700
609200
614600
623400
636200
646000
649600
670100
679300
687200
703100
705800
712200
714600
721000
726200
735800
739700
747400
755100
779600
795200
798800
803700
813100
821100
833700
843300
850300
854900
887300
892900
897200
921100
933300
941300
945800
952400
961400
967200
970400
973200
987900
995700
1000200
# OFFOEL
# duration (msec): 1000
# repetition number: 14
5700
8000
10500
12300
15300
20800
27000
29900
33100
37100
41800
51100
61900
67800
70700
81600
85000
94900
97900
101300
106100
114500
122500
127000
132500
138300
149600
151700
160500
163600
165500
177900
183600
191100
199100
204200
210000
226000
232800
240700
251800
261100
266100
277300
286300
290700
297400
308200
315700
328900
333600
340500
347400
355400
357700
371400
382900
394900
404300
415100
419500
425200
438900
441300
446200
452600
456700
483600
488500
499700
505100
534500
541900
553200
559500
568400
572600
577000
583900
590500
605000
609300
613900
617800
622900
626000
635900
643300
648800
662500
672300
678800
686800
703000
705700
711300
714400
720600
723900
735700
740000
747000
753800
765500
779900
789600
796400
803600
812400
817300
821600
843100
850800
855200
859800
880800
888900
893500
913100
921000
924100
932700
941300
946600
952600
961200
968400
972300
987100
1000100
# OFFOEL
# duration (msec): 1000
# repetition number: 15
6000
8300
11400
13200
15400
20700
27200
29600
33000
37100
42200
50700
61700
67700
70500
82100
85000
94800
100100
105700
108400
114300
122500
126900
131500
138400
145900
149800
157400
162100
164100
178500
182600
191000
198900
204900
209300
227800
231900
234000
241100
261000
266600
275900
279800
283400
287700
291600
297800
307900
316100
321500
328400
333100
340400
342400
357300
379400
383500
395300
404300
409600
414100
419100
425200
431800
439200
441500
446100
456600
483600
490700
500700
525100
531600
540100
542600
565600
570900
573000
584000
589200
594700
607000
614200
622800
635900
644300
649400
667200
677300
688000
690400
702700
708100
711700
714800
720400
726600
735300
739900
746800
753000
755500
780200
784900
796600
800900
812200
817200
829300
833400
843000
850900
855000
881600
887800
893300
897500
904300
921500
932900
941800
946200
950200
957800
964100
969000
972200
974500
987200
995500
# OFFOEL
# duration (msec): 1000
# repetition number: 16
5800
8200
11400
13200
15900
20900
27200
29800
33400
37500
42000
46800
51100
67700
69800
79500
82300
85100
93500
97800
101800
106200
114900
122500
127200
133100
138300
146100
150600
153700
161900
164100
178000
182800
191300
198400
205800
210300
226800
228800
232000
241100
256400
261100
266300
276400
286200
291200
298000
308500
316000
328900
333300
341200
352600
357400
379000
383100
395100
404200
409900
415100
417600
425000
439400
441500
446700
456900
469600
483500
490200
499200
524500
530600
541400
555700
559600
568300
572700
577500
584100
591000
605800
609900
614600
625900
635800
645400
649800
652800
667300
679400
687500
702900
705700
712500
714900
720200
724300
729100
735800
740300
746900
752700
779500
786800
796200
798700
813300
821000
828900
833600
843400
850700
856600
864700
880500
893300
898000
920900
932600
941400
946300
953000
957600
961600
968600
972100
976100
987200
993300
# OFFOEL
# duration (msec): 1000
# repetition number: 17
5800
7800
11100
12900
15100
17000
20900
27000
29500
33300
37300
42200
47100
51200
67700
70400
78700
84500
94600
101500
106300
115000
122600
127700
138100
145800
151300
157600
162000
165100
170800
177600
183000
191400
198300
205900
210400
226200
231000
241200
261100
266400
276100
279700
283500
287800
291600
308700
316000
321600
333100
341500
348700
355900
357900
370800
379200
383100
395300
404100
409900
413800
415900
424900
438400
440800
443700
449700
456500
469200
483700
501600
521400
530200
540100
544600
559500
568100
572600
577500
584300
589200
595200
605500
613200
636000
643400
645900
663200
672400
686600
689100
703700
711900
714700
720200
726000
735700
739900
746800
751600
758500
779600
781900
789600
796200
799100
811900
821600
833500
843300
850700
855200
880600
893000
904000
921000
932800
941500
944400
946400
952800
962300
967700
972600
987400
999800
# OFFOEL
# duration (msec): 1000
# repetition number: 18
5700
7900
11400
13200
16000
20900
29000
33000
37400
41800
47300
51400
67900
71800
79000
82400
84600
94900
101700
105300
114700
122600
131400
138500
146400
150200
156900
163600
165900
178100
183800
199100
204700
227900
232100
240900
251600
261000
266200
272300
283100
287300
291600
299100
308500
315800
328300
333000
341400
347500
357100
371000
380000
383800
395400
404100
410300
417200
431400
439600
441800
446400
456700
483800
490800
499700
505300
524400
540100
546800
553300
567200
572600
583700
590600
595300
606200
609700
614000
624800
645600
650000
669600
677900
687000
689300
693200
703700
711800
715100
720400
735800
739800
747300
753400
758300
765600
775200
780300
795500
799400
817000
833200
843000
850700
854800
881100
888700
893700
904400
912700
921100
932700
941500
945800
952600
962700
968700
974100
987500
1000000
# OFFOEL
# duration (msec): 1000
# repetition number: 19
5800
8200
11200
13100
15700
20900
26800
29400
33100
37300
41900
47000
51200
67800
70400
78500
81800
84500
97200
101400
105800
108500
114500
122400
127100
138200
145900
150000
153400
162200
165200
170600
177800
183500
191100
199200
204400
210000
225800
230200
233700
241200
251500
261100
266100
276300
286400
290600
297800
315800
321500
333000
336500
341800
357100
370800
378800
383100
395100
403900
409900
415100
417700
431400
439700
441900
446200
456300
480400
483800
489200
500300
505600
524800
530600
540000
545000
559400
568100
572600
584100
590500
595200
605400
609700
614500
618100
635700
645600
649600
677600
686900
689200
703700
711400
715000
720600
726200
735400
739800
746800
754600
758400
775100
780700
795800
798900
812900
821100
829600
842600
850400
854900
869100
887900
893400
902200
913000
921000
932600
941300
946100
952700
961500
967400
972300
975300
987000
# OFFOEL
# duration (msec): 1000
# repetition number: 20
5800
7900
11300
13400
15800
20700
27200
29900
33900
37400
41900
46800
50900
61300
67800
70300
79100
81800
85000
94000
98100
101800
105200
108500
115000
122600
127100
131700
138700
145800
151400
159900
162400
165400
177600
184000
191100
196300
199500
205300
210200
227800
231400
240900
261000
266300
272200
276100
286400
291700
295600
308200
316000
328800
332800
336900
341700
348000
357200
369300
379500
383100
386800
395600
404200
409900
417500
419800
425500
431300
439200
441300
446100
456600
469200
483600
490300
501400
524400
530500
540600
552300
566800
570200
575300
584000
588800
595300
606100
609400
614100
622800
636000
639200
643900
649500
666900
670300
679600
687300
702800
706100
712200
715000
720400
726800
735500
740100
746600
755000
780800
785000
793400
796000
799800
813100
821000
843400
850400
855300
880500
887300
893100
902500
920800
932800
941300
944700
949800
953300
961400
968500
972600
975200
987100
1000100
# OFFOEL
# duration (msec): 1000
# repetition number: 21
5800
8000
10300
12400
15700
20600
26800
29100
32500
37400
42100
47200
52300
64100
68000
72000
79000
81900
84800
94800
100300
105600
114900
122600
132300
138400
145900
151100
159900
163700
169900
177400
183500
191500
198200
203700
209500
226300
228900
241300
260700
266300
272000
276300
282800
290200
308500
315800
321100
328100
341800
347100
357200
369400
383300
395200
404000
413400
417100
424900
431300
439200
441300
446500
449600
456500
460200
483500
498900
502100
523800
529900
540500
553000
562100
568500
572600
577000
583900
588800
594800
605500
609600
613900
622700
635800
645400
649900
667200
671700
686800
689300
702900
706100
712000
714600
720300
726100
735600
739900
746700
755200
758300
768600
779900
796400
799900
811800
816700
832700
842000
850500
855100
861500
875000
887300
893100
896900
913000
921100
932400
941500
946100
952600
961400
967200
972200
974500
987300
1001400
# OFFOEL
# duration (msec): 1000
# repetition number: 22
5800
7800
11200
13200
15600
20600
26900
29100
33100
37400
41900
47800
51100
61600
68000
71600
79000
83600
94900
97800
101900
105500
114500
122700
127000
138300
145800
150700
156900
162100
165500
177200
183600
187900
198700
205200
210000
225900
228700
232000
240800
251400
261100
265900
282800
287100
291400
295000
316000
321400
332600
341400
354800
357400
371100
379400
383000
395300
404200
410400
415300
418900
425000
431800
438800
441400
446100
451800
456800
483600
500900
504900
524400
530700
541000
552700
568500
572500
577300
583700
588800
605700
609300
614200
622900
635700
642900
649100
667100
676000
687000
689800
702500
708100
712200
718200
725800
735700
739700
746300
753400
779800
788400
795700
798100
803200
813100
821000
832900
842900
850300
854600
860000
875500
887300
893200
896600
920700
932600
941200
945900
949100
962000
968800
972700
975800
986800
999300
# OFFOEL
# duration (msec): 1000
# repetition number: 23
5800
7900
10400
12400
14800
20700
26900
29300
37200
41800
46800
51100
67600
78500
81700
84900
93600
98100
104600
107900
114300
122200
127300
133000
138400
146000
151000
159700
162400
165100
177300
184100
191100
199000
204400
209700
225900
228600
231800
240800
251100
261100
266000
276100
279200
287700
291500
295200
309100
316100
321200
332900
341500
347400
357200
370600
379300
383100
395200
403700
410100
413600
417500
425300
431700
439100
441300
446200
456700
469300
483500
490300
493600
499300
505200
521000
524900
530600
540100
567500
572500
577300
584200
589200
594500
605600
609800
614500
622900
626100
635800
643100
648800
667200
676500
687300
689500
702700
705700
712300
715300
720500
726000
735500
739700
752700
758200
780300
784700
789400
796100
799400
812500
828400
833500
843200
850500
855300
859700
875100
880700
892800
895000
913300
920900
932500
941100
946200
952700
956900
962500
967600
972400
987300
993600
# OFFOEL
# duration (msec): 1000
# repetition number: 24
5700
7900
11100
13100
15600
20800
27000
29400
32700
38300
42200
51200
67800
70500
78600
82200
84900
93400
100000
104500
106900
114500
122600
127000
132600
138300
146000
151000
157200
161900
165000
177200
182700
191300
196500
199500
204600
227500
231700
240700
260800
266100
278800
286000
291200
296400
305900
315700
319200
332900
335800
341400
347400
357100
375300
382900
395100
403900
410500
415200
419200
423800
438800
441400
449600
456900
483700
490200
499200
524000
532700
540200
552700
568400
572400
584100
590400
605300
609500
613900
618000
624400
635700
639000
645400
649200
667000
678400
687700
690500
703000
705800
712500
715400
720100
726100
735200
739700
746500
752600
757900
765800
777800
780900
784600
796300
803500
812800
821000
841700
850500
855000
859300
887000
893000
897800
912700
920700
923900
932800
941300
946200
952500
962500
967400
971900
975100
987100
# OFFOEL
# duration (msec): 1000
# repetition number: 25
5800
7900
11300
13400
15900
20500
27300
29400
37300
41600
47000
51500
67800
70000
79000
83900
95200
101400
106200
114300
122600
127000
136500
138800
145700
151500
159500
162600
165100
177600
182400
191000
199300
204500
208900
225800
228300
232200
240900
252400
260900
266200
276100
282900
287400
291900
308200
315800
321500
333400
341700
347100
357000
371000
379400
383200
386700
395400
404400
413500
419200
423900
431800
439300
441800
446400
456300
483700
490700
499400
511200
524500
533200
541900
547400
562400
567400
572200
583800
590700
605700
609500
614400
618700
625500
635900
643200
646200
650300
670300
678800
686500
689300
691300
705200
711500
714700
720500
725700
735700
739800
746700
751200
755400
774900
780400
789400
796200
799500
811800
817100
821200
831700
843200
850500
854900
871900
880800
888000
893400
897800
903900
913300
921100
932700
941200
946000
952900
961300
969100
972900
975300
987100
1000600
# OFFOEL
# duration (msec): 1000
# repetition number: 26
5900
7900
11300
13300
15800
20800
26800
29300
35900
42100
50900
67700
69800
78800
84000
94900
101400
104700
107300
114700
122400
128400
138500
145900
150100
152800
159800
163600
165900
170600
182400
191300
199200
205800
228000
231500
240900
251300
261100
266000
276100
282800
286700
291600
299600
315900
321200
334900
339100
342000
357100
371000
379200
383600
395200
404100
409800
413800
417400
431600
439800
441800
446900
449700
456500
483400
488900
505300
524700
540200
546400
553000
561600
568500
572600
584100
589200
591900
605500
609300
614500
624500
635600
645400
648900
666900
673200
678800
687300
690600
702700
712300
715200
718200
726500
735300
739900
746400
755100
779800
786800
795300
797600
812100
816900
828900
834200
842200
850300
854600
872300
880900
887700
893200
902700
912400
921000
932400
941300
946200
952700
962300
968500
972400
975500
987100
1000100
# OFFOEL
# duration (msec): 1000
# repetition number: 27
5800
7900
11000
12900
15500
20700
27000
29600
32400
37500
42000
46600
63500
67900
70100
78600
81800
85000
94800
99900
106000
114600
122500
127200
138100
146000
149900
153000
161500
164100
170200
177400
182500
191200
197800
200300
204700
225700
228200
232300
240700
251700
256300
260800
266400
283400
286600
291200
297500
315600
328800
333800
341500
356800
362200
371200
379500
383200
395100
404000
409800
414200
419300
424100
431300
438800
441400
446200
456300
483500
498800
501400
524000
531100
539800
552700
568000
572400
577100
584000
589000
592000
594900
605300
609100
613700
617800
625400
635600
645300
648700
667000
678700
687100
689600
702900
706100
711000
714600
720400
725900
729400
735400
739700
746400
779600
781500
789400
795900
799400
812700
821000
832800
841800
844000
850600
855100
860800
887300
892800
897500
921100
933000
941200
946100
952400
957700
962400
969400
973600
987000
# OFFOEL
# duration (msec): 1000
# repetition number: 28
5600
7700
11300
13300
15800
20600
28700
32100
37400
41900
46400
51100
67700
70500
79000
81700
84800
94200
97800
102000
106200
114400
122500
127500
138100
145700
151300
162000
164300
170000
177300
183800
191300
199100
204300
206900
210600
227800
231700
240800
251100
260700
266400
276000
286100
291600
306100
315900
321400
330200
335300
341700
347700
356800
371100
379700
383200
395100
404000
409700
415600
419100
425400
438900
441400
445900
456600
469100
483400
490900
505200
524200
532500
541600
553200
559500
566600
572700
577100
581400
584400
589300
606200
609700
613900
618000
625700
635700
643100
648900
667100
678400
688500
691300
702900
711200
714600
718300
725900
735600
746300
752900
757700
779600
795100
798000
803500
812800
817000
821200
832900
843100
850500
855000
861500
887700
893200
895500
902900
912900
921300
932900
941300
945900
952900
957500
962700
968600
973400
987000
# OFFOEL
# duration (msec): 1000
# repetition number: 29
5900
7800
11300
13300
15800
20600
27100
29500
32800
37100
42000
51100
61600
67600
71200
78600
82000
83900
95000
101000
105000
110500
115500
122500
127700
131300
137900
145700
151300
159700
162600
165100
170300
177300
182000
196500
199300
204500
209700
227700
231500
240600
256300
261100
265900
275900
283000
286700
291100
307900
316500
328300
333200
341400
347100
355600
357700
370800
383100
395000
403900
409700
415600
425100
438900
441200
446300
455200
457400
482800
488300
492500
499100
505300
526400
530900
540000
559500
568500
572500
576900
584200
588500
594600
609000
614000
625500
635400
638700
644200
649300
669600
677900
684800
687600
690300
703200
707900
711900
714700
720300
726200
735300
739900
747400
752900
774600
780200
789000
795600
799300
811600
816200
832900
843100
850600
855100
877400
886900
893000
897200
920500
932700
941600
945800
949100
953200
962100
967400
972200
975300
986900
# OFFOEL
# duration (msec): 1000
# repetition number: 30
5800
10400
12300
14400
16200
21200
26900
29300
33100
37300
42000
47100
50700
63800
67900
71400
78800
82100
86200
94800
100400
105700
114500
122400
127200
138300
146100
151300
160000
162700
165500
170400
177400
183400
198000
200100
204200
210300
226000
231400
241000
256200
261200
266300
275800
286300
291400
297600
308100
315900
321500
330200
333200
341500
347200
357000
378900
383200
394900
404100
410300
415600
419200
425000
431400
438800
441300
446400
456400
483800
493000
502100
524100
530100
538000
541400
552700
566900
572300
576700
583900
589000
594900
605600
609500
614100
622700
625900
635800
645500
648800
667300
678700
686900
689300
702700
707500
712600
720300
729100
735800
740000
746600
753000
758100
779800
784200
795200
811900
817200
829000
843100
850400
856600
872100
880800
892800
903700
913500
920800
923700
933200
941200
946100
953100
956400
967400
972200
974700
987200
1000100
# OFFOEL
# duration (msec): 1000
# repetition number: 31
5900
7800
11200
13100
15700
20700
26800
29200
33500
37500
42200
47300
51200
67900
70700
78700
82800
86100
97600
101400
104900
108300
114800
122500
126900
138200
146200
151200
159800
162900
165500
177500
183500
191300
196100
199400
205600
210100
228100
231700
240700
251400
256900
261400
266300
272100
282600
287900
292000
307800
315800
321900
328900
336300
341900
347200
357300
375400
379900
395100
404000
409700
415300
419300
425100
439400
441700
445900
452500
456800
469300
483700
488600
499200
524300
531200
541100
553100
566800
570300
572900
583700
588600
591600
595000
605600
609600
614200
617600
635700
644600
649600
653100
667500
678700
686900
689600
702700
705500
711200
714600
720600
725900
735000
741600
747000
752800
774900
780400
784700
796000
799400
812900
820900
833300
841900
844600
850600
855000
887700
893100
895500
903400
921000
932600
941200
946000
949600
956800
961800
967700
973600
987300
999900
# OFFOEL
# duration (msec): 1000
# repetition number: 32
5700
7600
11100
13100
15600
17800
20800
27300
29600
37200
42000
46600
51100
67600
72300
78500
83100
85100
94700
98000
101700
106000
114500
122600
127300
131300
138800
146100
151200
156900
161800
164000
166000
178000
184100
198900
204700
209900
227500
232000
240800
251700
260900
266200
275900
282500
290400
308000
315700
321300
330100
333200
341700
355700
358000
370500
378500
383100
395000
403900
409800
415300
425200
438900
441300
445900
456300
469100
483600
488400
500800
524400
530400
540000
552300
559500
568300
572600
584000
588600
594800
605400
609400
614100
624800
635800
645000
648700
653400
671800
684500
687100
690400
702900
712000
718100
723400
735500
739700
747300
752400
755600
779600
784800
795600
799000
812700
821000
832800
843000
850300
854800
857300
868800
880500
887800
893200
912900
920800
932600
941300
946200
952400
962800
968000
972500
987100
1000400
# OFFOEL
# duration (msec): 1000
# repetition number: 33
5800
8100
11200
13100
15700
20600
27100
29400
33200
37600
42000
50700
67600
70900
78900
83500
91200
97100
100600
104900
114000
122600
127100
137800
145700
151000
159600
162200
165100
177700
183600
191600
199300
204400
209900
226200
228600
240800
256100
261200
266100
276100
285500
290600
297000
308100
316400
321400
332800
340900
347500
357300
370800
379900
383500
395200
404000
413600
417200
424700
431200
438700
441400
449700
456500
483600
493100
500600
524100
529000
541500
552700
560000
565400
568600
572800
577600
583800
586100
590800
605300
613600
617900
624800
635700
643500
648400
652700
669700
678200
686800
689100
702500
705500
711700
714800
720600
729400
735500
739500
747300
752800
764900
779700
784500
795200
798700
811600
814600
821100
842800
850400
854700
859400
880400
892900
897100
920700
932500
941900
945900
950000
956200
962600
968300
972400
987000
1000300
# OFFOEL
# duration (msec): 1000
# repetition number: 34
5700
7700
11100
13000
14900
20800
27100
29400
31900
36100
39400
42100
50900
67700
69900
78800
81900
84800
97500
100600
105800
108200
114500
122400
127000
138100
145800
150500
158300
162600
165300
183500
191400
199000
204300
210100
225700
228800
241000
256300
261100
266100
275900
283500
289800
298400
308900
315700
318900
321500
329300
333000
341500
347500
357100
370200
383000
386500
395300
404000
409900
414100
417200
425100
431700
439000
441400
446300
452400
457000
483500
490400
493200
505000
521100
534000
541200
544800
552600
561100
567000
572300
583800
588600
594900
606000
609300
614200
618400
622900
635500
645600
649100
670900
678500
686600
689000
702400
705000
714400
720200
723500
726000
735400
740100
746800
752700
765000
780100
795100
797700
812500
817000
832400
842800
850500
854600
868700
878200
893400
912500
921200
932600
941500
945600
952800
962600
970700
974000
986800
992800
1000100
# OFFOEL
# duration (msec): 1000
# repetition number: 35
5800
7800
11300
13800
15900
21000
26800
29300
36800
41900
46900
67600
70800
78900
84400
91000
97400
101800
104700
108000
114200
122700
127000
138200
145800
150000
161900
164800
170300
177400
182700
191100
199100
203900
210400
225700
228200
232000
240800
251100
260900
265800
276900
283000
287400
295400
299400
308100
315800
321200
328900
332900
341500
352400
357100
380000
383100
395100
403900
410000
413500
419200
438400
441200
450400
456500
483500
490400
499100
505100
524000
533900
540300
565700
568400
572400
577400
584100
590200
594800
603800
609100
614400
623200
635500
643100
645700
650000
662600
670100
678500
686600
689300
703000
712100
718200
723100
726100
735000
739800
746700
751200
757600
765300
780300
784400
788800
796200
799300
812800
815600
821100
833200
843200
850800
854700
880300
887700
893400
902600
920700
932700
941800
946000
952700
962300
969000
972300
975000
987200
999700
# OFFOEL
# duration (msec): 1000
# repetition number: 36
5900
8000
11100
13000
15300
21100
26900
30000
33300
37200
42000
50600
67700
69900
72100
81800
84700
94800
100000
105400
114200
122500
127000
137600
145700
150300
160600
164900
177500
183400
191300
199000
204100
209500
226000
228300
233200
240700
260900
266200
275800
279100
286600
291300
296500
307900
315900
321400
332900
341400
352300
357100
369600
382700
395100
404000
409700
415200
431700
439600
442000
446800
454900
457100
469600
483400
490300
499300
520800
524600
541400
559100
568400
572300
583800
588600
604000
609500
614000
622800
635700
645200
649200
666900
678800
687600
690200
703900
708300
711900
714800
719900
726100
735600
739700
746800
751600
757800
774600
779500
781700
796200
799600
811400
821100
831000
842800
850400
854800
868900
881000
887800
893400
920700
932700
941100
945900
952400
956100
962300
968400
972700
975500
987200
993000
# OFFOEL
# duration (msec): 1000
# repetition number: 37
5700
7900
11300
13200
15800
20600
26800
29200
31700
37500
41800
46800
50700
67600
70200
72500
78900
83100
85100
95500
100100
104800
110800
114600
122500
127100
132900
138200
145800
151100
157000
160300
163900
177500
183600
191200
198600
204400
210000
227200
231900
240600
256300
260900
265700
275800
286100
291300
297700
308100
315600
321300
328500
340400
342500
347000
355600
357900
370800
379700
383100
394900
404100
410300
415100
417600
425300
432000
439600
441700
446300
449600
456500
483600
492600
499300
524300
530900
541300
552600
561200
566800
572900
583900
588600
591500
594800
604000
609200
613900
622600
635400
643100
648600
667200
672600
678900
686900
689100
703100
706300
712100
720000
728700
735200
739900
746400
753600
774600
779900
788600
796200
799000
812600
816800
828500
841600
843800
850400
854900
880600
887500
892800
896500
911700
921000
932400
941800
945800
948800
962600
969000
972200
974500
986900
1000200
# OFFOEL
# duration (msec): 1000
# repetition number: 38
6000
7900
11000
12900
15600
17700
20700
27100
29400
37400
41900
46600
50900
61500
68000
70300
78700
83500
94800
100100
104900
107800
114900
122500
127300
131200
138400
146200
149900
153300
162000
165300
177600
182400
191200
198900
204400
210200
227500
231800
241100
252100
256700
261100
266000
275900
288100
294800
307900
315800
321700
330100
333200
340400
342600
347600
357400
370900
379700
383100
395100
404400
409700
413700
419100
431700
439700
441900
446400
456400
469400
483600
489200
499200
524400
532600
540300
544800
553300
565600
568500
572500
581500
584400
590400
594800
609100
613800
622900
635900
643300
649400
669700
677500
686900
689000
691000
702800
705600
711500
723300
726400
735400
739700
750700
765100
779700
795100
797400
812200
816700
841400
843500
850400
854700
861300
880800
887500
893500
920700
932500
941100
946000
952200
962000
967400
972300
974700
987100
1000200
# OFFOEL
# duration (msec): 1000
# repetition number: 39
6000
10500
12500
15800
21000
26700
29000
33300
37000
42100
46600
51000
67800
71300
78900
81900
84800
94800
97800
101600
105100
114700
122600
131100
138400
145800
151000
161700
164500
170400
177900
191100
197900
205200
209600
225700
228200
233000
240900
251600
256900
261100
266200
276000
286200
290900
308100
315700
332800
341500
346900
356800
370600
379300
383000
395300
404500
409900
415200
419200
431900
439700
441700
452700
456600
483300
492900
501100
524200
530500
539800
552500
565600
568500
572600
583900
588600
595000
609100
614100
618500
625700
635700
645500
649400
667000
670400
678700
685000
687800
690700
702800
705500
712100
715400
720200
726100
735300
739500
746500
753700
774600
779600
789200
796100
799100
813100
820900
828800
842900
850400
854600
859600
872100
887700
893100
904000
913000
920700
923600
932400
941300
945800
949200
953200
957300
961800
968800
972400
975200
987000
992900
999900
# OFFOEL
# duration (msec): 1000
# repetition number: 40
5900
7800
10600
12500
14800
20800
26800
29500
32700
37200
41700
46800
51000
67700
70400
78700
81700
84700
94600
100500
105900
114800
122500
127400
138300
145900
149700
151800
159700
163500
165600
177800
183000
190900
199200
203600
206200
210400
225800
228300
232900
240800
251800
261000
265900
276200
283100
286700
291500
297600
316300
321300
330000
341400
346900
357100
370700
379600
383000
395000
404000
410200
413700
417400
424000
431500
439700
441800
446500
452500
456600
469200
483400
488400
493100
502400
524400
530000
541300
552700
559200
567000
572500
580500
584100
588800
594700
608800
614000
622800
635400
642600
645600
649100
678400
685000
688400
691000
703700
705900
711800
714600
718200
720600
728800
735300
741700
746600
752200
758100
780500
785500
796500
811700
816300
830900
842600
850800
854800
859200
882200
892900
895300
904400
920700
923500
932500
941000
945600
955700
962300
968500
972500
974900
987000
# OFFOEL
# duration (msec): 1000
# repetition number: 41
5900
7900
11200
13100
15700
20700
26800
29000
32100
37900
42200
47900
51300
67600
70600
78900
83200
85300
94800
101900
106600
114400
122400
127200
138300
145900
149700
152100
161900
164700
177500
182800
191000
196500
199500
205800
210500
226000
228400
240800
252000
261000
266000
282700
286300
290200
299100
308200
316000
328300
336700
341900
355700
357800
370800
379100
383200
395600
404100
409800
413700
425500
431300
439500
441600
446300
453300
483600
488600
492900
499500
524100
530500
540000
553000
559300
567100
572600
580300
584000
589000
594600
605400
609300
614400
623200
635700
643100
645900
649300
667300
677600
687100
689200
691300
703600
712200
714900
718000
725800
735500
739700
752300
775000
780600
789200
796200
800100
812900
816500
821000
833300
842900
850200
854800
865200
887300
893000
912800
921000
923900
933000
941600
947200
952500
957000
962400
969000
972400
974800
1000000
# OFFOEL
# duration (msec): 1000
# repetition number: 42
5600
7600
10800
12800
15500
20700
26700
29600
36100
41900
47400
67500
69700
79000
83500
86500
95000
100400
104600
108200
115100
122300
127200
133200
138600
146200
149900
152000
160100
163600
165900
177800
183500
191500
196400
199400
204700
209800
227500
233200
241200
251300
258700
261200
266100
272300
282900
287100
291700
295300
306000
316000
321300
332900
341600
347000
352500
357400
383000
394900
403900
409700
413300
417100
423400
431200
438900
441500
449200
452700
457000
469200
483100
493000
501500
524100
530100
539900
552900
559200
568100
572400
583800
588700
605100
609300
613700
618300
625400
635700
645400
649700
669700
672100
686700
689300
703000
705700
712200
720000
726200
735500
739800
746500
755200
780200
789100
796400
800400
813000
820900
832800
841600
843700
850400
854900
880200
887600
893000
903900
920900
932500
941300
946000
952600
957200
962700
969000
972700
975300
987300
1000200
# OFFOEL
# duration (msec): 1000
# repetition number: 43
5900
8100
10900
12800
15700
20600
27400
32800
37000
41800
47000
51500
67600
70000
78600
81700
84800
91000
98300
101100
106100
115000
122400
127000
132500
138400
145800
150600
157400
162000
164900
170200
177800
182500
191200
196400
199200
204800
210400
226100
228500
233400
240800
256500
261200
266000
272500
276400
286800
291400
298300
306100
315900
321900
332800
340500
342500
347400
357100
370700
383100
395200
404000
409900
413600
417200
419500
423500
431400
439300
441600
446300
456600
459900
469200
483600
490600
499500
502500
521400
526400
530600
541300
559500
568000
572400
576900
584100
588800
605200
609200
614100
622700
635600
642400
645600
649800
667100
672400
687000
689200
703100
706100
711800
715100
720000
726000
735400
739800
746400
751200
755400
774800
780400
795900
798200
811900
820900
829500
833700
843100
850500
855100
868800
887600
892900
899000
903900
921100
932600
941100
946100
952100
957200
968400
973200
975700
987200
999600
# OFFOEL
# duration (msec): 1000
# repetition number: 44
5600
7500
11000
12800
15400
20600
26900
28900
33100
37400
41900
46400
52100
63800
67800
70700
78900
81700
84400
94700
100100
104500
108800
115400
122500
127100
138400
146000
151200
157300
162000
165100
170400
177600
183700
191100
198200
204300
209900
226200
228600
240800
251100
256900
261100
266300
279200
282900
287500
290600
295500
315600
321200
328500
334300
341800
357200
361200
371000
382800
387800
395200
404100
410100
415500
419300
425300
438900
441100
446100
452400
456900
469000
483800
499100
510900
524200
530300
540100
553100
559500
568200
572500
577400
584000
588800
594900
605700
609300
613600
622800
635800
642900
645400
649700
662600
669800
678500
687200
689300
691300
702700
705900
712200
725700
729000
735600
739800
746500
753900
780200
786800
796000
812700
816500
833200
842500
850600
854600
864700
880500
888000
893100
897200
912700
920700
932400
941100
946000
952900
956200
962600
968800
972200
974800
987300
999600
# OFFOEL
# duration (msec): 1000
# repetition number: 45
5800
7900
11200
13100
15500
17400
20800
27000
29200
33200
37200
42000
47400
67800
70300
78800
81800
84700
95200
99900
105800
114800
122500
127200
131000
146100
151100
157600
162200
165300
177400
183100
191500
199000
204400
210000
225800
228200
233800
240700
251400
261100
265900
286400
290300
298000
308200
315800
321400
332800
339700
341900
347200
357100
379200
382900
395200
404000
409700
414000
419200
425100
439100
441300
443300
446100
456600
483500
490300
499500
514800
523800
532800
539800
552400
560100
567200
571900
576800
584000
589200
594800
605800
609300
614000
623200
635700
643300
648900
652700
670100
687000
689100
692300
702600
706000
712200
720000
723500
735300
739800
746500
751900
755100
765200
775500
779800
789000
795100
798700
812600
816700
820900
829600
841700
844000
850500
854700
868400
880500
893000
897300
903700
920900
932400
941200
945700
949400
956300
962600
968500
972500
975100
987200
999100
1907500
# OFFOEL
# duration (msec): 1000
# repetition number: 46
5900
8200
11100
13100
16100
20800
27000
29100
32900
37400
42200
50800
67600
69900
72100
78700
81800
84400
95400
101600
105900
115700
122700
126900
132200
138400
145800
151200
161600
163800
170300
177600
183800
191400
199200
205900
209900
226200
228600
240900
252700
261100
265800
272300
276000
286300
295100
298500
308500
315900
321900
329800
335600
340400
342900
357200
378400
383100
395000
404100
410200
415200
418900
431400
439000
441200
443500
456600
483200
490400
499000
524300
530000
540000
552900
561700
568500
572500
576800
584100
588800
605200
609400
614200
622700
626100
635900
643200
649300
667000
679000
687400
690200
702600
705800
713100
721000
726100
735800
740300
746100
752800
757900
780400
788800
796000
799400
813100
820800
828700
841800
844300
850600
855000
869200
880500
887500
893100
897600
913400
920700
933100
941300
944600
955900
962600
971500
974000
986800
993200
1000300
# OFFOEL
# duration (msec): 1000
# repetition number: 47
5700
7700
11200
13000
15200
20600
26900
29900
32500
36400
42100
46300
50800
67800
71900
78700
81800
84100
95600
100500
104800
108600
114900
122500
127100
138400
146000
149900
162100
164200
170100
177400
182700
191200
199100
204400
210000
227700
231400
240900
260900
266100
275500
283500
286500
290800
295100
298900
306700
315700
328500
341500
347100
357200
370900
379200
383400
394900
404100
410000
415000
419600
431300
440000
442100
446500
452600
456600
468900
483800
501700
521100
525000
530700
540200
559200
568700
572600
577200
584100
588700
594700
605300
609400
613900
622800
635700
645400
650300
657800
667300
670300
678800
687000
689400
702600
705800
712300
715000
718600
725700
735700
740100
746900
755000
758100
775200
780500
787100
796200
799700
811600
832900
842700
850400
855000
864600
880700
887400
893000
895500
920700
932500
941600
946500
949600
962600
968400
973800
987000
999600
# OFFOEL
# duration (msec): 1000
# repetition number: 48
5900
7900
11000
12900
15400
20600
26800
29400
32600
37100
42000
50700
58800
67700
70800
78800
81600
84900
94900
97700
101600
105900
114100
122400
127400
138100
145600
149900
159800
164000
177200
182300
184700
191500
199200
204400
210200
225900
228400
233300
240800
251600
260900
266000
279200
286400
291200
295000
307800
315900
321400
332900
341600
347900
352300
357100
370500
379900
383500
394900
403800
409900
415200
423400
431300
438900
441200
446100
456400
480500
483500
490600
499400
502000
521000
530600
540000
552800
565300
570900
573200
584000
588500
591200
595500
605200
609400
614100
618800
622700
635800
643200
646000
649600
667200
678500
687500
689800
702700
705100
708100
714500
720100
725700
735700
739800
746600
751200
754900
779200
781400
789200
795500
799000
812000
817200
828800
842700
850300
855000
859300
869100
880400
887300
893000
902200
913100
920900
932400
941300
945800
952400
957300
961900
971300
974200
986900
# OFFOEL
# duration (msec): 1000
# repetition number: 49
6000
8300
11200
13200
15500
20800
26900
29000
32100
37300
42000
50500
63800
68000
71800
78900
82100
85100
98000
101500
106200
114200
122700
127200
131200
137200
145800
151300
160000
163600
177400
183800
191300
198900
204600
211500
225900
228200
232200
241300
251300
261100
266100
276500
286200
291400
295100
299200
308300
316300
332800
336600
341600
347000
356100
382700
386800
395200
404300
410300
415500
417800
425000
431500
438600
441400
446700
456700
469500
483700
490400
500600
526300
530100
540900
552800
568500
572400
577000
584100
589300
594300
605700
614200
635800
643500
650600
669600
677900
686900
689100
702600
705300
712000
720600
735300
739700
746500
751000
757900
780100
789100
796100
799000
812500
816500
833100
842900
850500
854800
881000
887900
892900
899000
912600
920800
932500
941300
946100
952100
962500
968700
972400
975000
987200
1000100
# OFFOEL
# duration (msec): 1000
# repetition number: 50
5900
7800
11100
13000
15600
20600
26900
29500
33000
37300
42100
46800
51300
67600
70200
79100
82300
84700
97400
101400
104800
114300
122600
127100
138000
145900
151100
159600
163000
165300
170000
182400
191100
199000
204900
209800
225900
228500
232300
241300
252300
260900
265800
278900
282900
291700
297600
307900
315800
321200
328400
336300
341500
356900
370700
380100
383400
395200
404000
409700
413700
417300
425100
439000
441400
446300
456500
469000
483600
490300
501000
521000
529100
539800
546700
553300
565200
568300
572700
576700
584200
588700
594800
605600
613900
625600
636100
645400
649400
653600
669700
686700
688900
702500
705500
712000
720100
726100
735400
739600
747100
754600
768100
775100
780400
784500
796100
812100
816900
821100
833000
843000
850300
854400
880500
887500
892700
897100
904500
921200
932500
941300
945700
953300
962000
967900
970700
973700
987200
999900
# OFFOEL
# duration (msec): 1000
# repetition number: 51
5700
7600
10900
12800
15800
20600
23400
27000
29000
32800
37400
42200
46800
51100
67700
70200
78900
83100
85500
95400
101500
105000
115300
122700
127000
138700
146000
150000
159400
162400
164800
177400
183300
191500
196400
199600
206000
209700
226100
228600
233300
241000
251400
260900
266000
279300
286300
291700
295200
299300
308200
315600
321400
329200
333000
341500
347200
357300
370400
383100
395400
404200
409700
415300
419100
425100
431700
439000
441200
447500
452600
456900
469300
483400
490300
501200
504700
524300
530000
540800
552900
566200
568700
572600
576900
583900
589100
595400
605500
609400
614100
618400
625700
635500
643800
648700
666800
678800
687200
689400
691400
704400
708000
712200
715000
720300
725800
736000
739800
747000
754800
765100
779300
781500
789100
796100
803200
812900
820900
832800
843100
850400
854800
860900
872100
880500
887500
892900
902800
914900
921700
932700
941200
946000
948400
956100
961500
967400
970200
973700
987100
1000100
# OFFOEL
# duration (msec): 1000
# repetition number: 52
6100
8000
10900
12900
15700
20700
26900
29400
36100
38400
41900
47000
50800
67600
70300
79000
81700
84300
95200
100300
105200
114500
122400
127000
138100
145900
151200
161900
164000
166000
177300
183300
191700
199000
204300
210000
226700
229100
233100
240700
256500
261000
266000
272000
279100
283000
291100
298400
307800
315900
330200
341700
347100
357000
371100
379600
383100
394800
403900
409900
416300
423700
432500
439100
441400
443600
446900
456600
483700
490800
499400
521500
530600
540300
552700
566800
572400
577200
583800
588900
594600
605400
609400
614100
618100
635500
643400
649200
672200
677800
687100
689200
703000
705500
712200
717800
723300
729300
735400
739800
747400
754800
779400
781500
796000
798700
816600
821300
828700
833300
843000
850400
854800
886800
893100
897300
902400
912900
920900
923900
932700
945700
952500
956000
962600
967900
973300
975600
987300
993100
# OFFOEL
# duration (msec): 1000
# repetition number: 53
5700
7800
10500
12400
15800
20700
27100
29400
33400
37100
41900
46500
51300
63600
67800
70100
72300
81600
84700
96500
101300
105200
114000
122700
127200
132800
138400
146000
150000
152700
159900
163500
165700
177500
183300
191000
196100
199200
203500
209800
225900
229900
233200
241100
251400
256900
261100
265900
276700
286400
291800
296400
299400
315600
329900
335200
341600
347100
355700
358100
370800
379700
383300
395300
404100
409900
414000
417000
431400
438600
441200
446800
456400
482800
484900
490800
499200
505600
530000
540600
552700
567300
570300
572700
577100
583800
589000
595000
605700
609900
614100
622800
625900
635700
643600
649500
667300
672000
678800
684500
687400
689600
702500
709100
712100
719900
726000
735300
739600
746600
752300
757800
774800
779500
785000
796300
811800
816600
821100
828600
841700
850300
854900
864800
880600
887600
892800
912000
920700
932500
941200
946000
952100
957400
962700
968500
973700
979500
986900
993100
# OFFOEL
# duration (msec): 1000
# repetition number: 54
5900
8100
11000
13000
15600
20800
27000
29100
31700
35700
38100
42100
50900
67800
69800
81400
84500
87100
95100
104700
108100
116200
122700
127000
132900
138300
146600
151100
159900
163500
170200
178000
183100
194900
199200
204300
210100
226000
230500
241000
256500
260900
266300
276200
286300
291300
296600
307700
316000
333400
341500
347100
352900
357300
370800
379400
383400
395000
404200
413300
419200
431300
439500
441700
446500
453900
456800
469000
483400
490200
493800
499200
501400
525200
530800
541300
546900
553200
559500
568400
572700
580600
584300
588900
595600
605900
609500
614100
622700
626100
635500
645400
649400
659500
678800
686900
689200
691600
702600
705600
712200
720100
723600
729200
735600
739800
751100
754800
779900
785600
794000
796800
811800
828700
841800
850400
854900
859400
880700
893100
903700
920700
923400
932700
941200
945900
952500
957800
962800
967600
971700
974300
987400
993700
1000300
# OFFOEL
# duration (msec): 1000
# repetition number: 55
6000
7900
11000
12900
15400
17400
20800
26800
29600
37200
42100
46800
51100
67600
71600
78700
82000
84700
93700
97400
101200
105900
114200
122700
126900
138100
146200
151000
156300
161600
163800
177300
183600
191500
199200
204200
209900
225800
228600
240700
252300
256600
261000
266500
276400
282800
286300
290600
299200
305800
309500
316000
328500
333000
341800
347100
352700
356900
371000
383200
395300
403900
409600
413300
417400
425500
439900
442000
445800
452900
456800
468800
483600
490200
499100
524100
530200
541200
552600
561300
568100
572500
576900
583900
586100
590500
594800
605600
609200
614600
625200
635500
645500
649800
671900
686700
690000
702600
705600
711400
714800
723400
735400
739600
746400
753000
757700
765300
780400
787000
795200
798100
812100
821000
828800
833100
843000
850500
855000
859300
875100
887400
892900
897100
920700
923600
932600
941600
946100
952600
962500
967300
970600
974000
987000
992800
999900
# OFFOEL
# duration (msec): 1000
# repetition number: 56
5900
7800
10200
12100
14100
16100
20700
27500
29800
32900
37500
41800
46700
51300
67600
70600
78600
82100
85000
93700
98200
101700
106000
115400
122400
127000
130900
138200
145900
149800
153000
162500
164900
170300
177700
183900
191300
198200
200500
204400
210600
226200
228600
240600
256800
261100
266100
271800
276200
283800
290200
295700
308200
315800
328300
341400
355300
357600
370700
379100
383300
394800
404300
409700
413600
417300
425000
431400
439000
441300
446000
456400
483300
490300
499200
524100
530800
540300
552700
565800
568600
572800
581200
584100
589200
594900
605700
609400
613900
623100
635800
643400
649100
658700
669400
687100
689400
702500
705600
711700
714600
720200
725700
735300
739600
746600
751100
757800
766000
779100
781400
789100
796100
811800
816900
821000
829100
832900
842800
850200
854900
874800
887600
893000
904200
912500
920900
932700
941000
946200
952100
956300
963600
968500
971000
974000
987100
993300
1000600
# OFFOEL
# duration (msec): 1000
# repetition number: 57
6000
7900
11000
13000
15500
20700
26800
29200
33000
37300
41800
46900
50900
67600
70600
78900
81700
84600
94000
98000
101500
105800
114900
122300
126800
138000
145900
151100
160100
163800
168600
177300
182600
191000
199200
204300
211000
226200
228400
231700
240900
260900
265900
275600
282700
286400
291200
297600
307900
315800
321400
332600
340500
342700
352900
357200
370900
379300
383800
395100
404000
409700
417100
425400
431500
439400
441500
446700
452600
456800
469100
483500
493300
501600
520800
526100
540100
553000
565100
568700
572700
580600
583800
588700
605300
609200
613800
616600
623300
635700
645300
649200
677700
687000
690100
702500
705400
711600
714700
720900
726500
735500
739800
746500
752600
758000
780400
784600
788900
796100
799200
812600
817100
829100
842700
850500
855000
859400
869300
880600
893000
897000
920600
932300
941200
946600
952400
962400
968700
972100
974400
987000
995500
# OFFOEL
# duration (msec): 1000
# repetition number: 58
5800
8000
11200
13000
15400
20700
27200
29300
33200
36200
41900
46300
51300
67600
70900
78600
81900
84700
91600
97600
100600
106000
115900
122500
126800
132600
138300
146400
151300
161800
164000
166000
177600
183800
191100
199100
203800
206900
212600
227800
231500
241500
248900
261100
266100
276100
282800
286900
291100
308400
315600
321500
329300
335400
341600
357100
371000
379400
383200
395000
403900
409800
413500
417500
424900
431400
439600
441900
446100
449400
456700
460400
471600
483700
488400
493200
502200
524300
529200
534300
540100
552500
561300
568500
572500
576900
583800
588600
594900
605900
609400
613700
618100
623300
635700
644000
646400
650300
670200
677400
686900
689200
691300
703600
706000
711900
715100
720200
729000
735000
739600
746900
752900
765100
780000
782800
789400
796400
812600
821000
828500
833000
843200
850600
854700
859300
864900
880600
888000
893100
896900
913400
921200
923800
932800
941300
945800
948300
953500
962800
968400
973600
987100
992800
1001000
# OFFOEL
# duration (msec): 1000
# repetition number: 59
6000
8000
11200
13000
15700
20800
23100
27300
29600
37000
42000
46600
51300
61700
67900
69900
79300
81900
84600
94900
97500
101600
104900
108300
114200
122400
127100
138400
145800
151200
163300
165600
169900
177500
182900
191400
199100
204200
206700
209800
226100
228400
233100
240800
260700
266200
272100
279600
287600
290600
296800
308400
316000
328500
333300
341200
347000
356900
379400
383100
394800
398200
404200
409400
413500
419500
424800
438800
441300
443600
456600
468700
483500
490500
505400
524200
540400
559400
568300
572400
577200
583900
589000
605100
609500
613800
622900
635700
644300
648700
662700
672200
678900
688400
690800
702700
712600
718000
723200
735300
741200
746700
752300
759100
779700
785000
793400
795700
798900
813000
821100
828700
832900
843000
850500
855400
874700
880700
887200
893000
899100
904200
912800
921200
932600
941300
946100
949200
961100
968900
972100
975400
986900
1000000
# OFFOEL
# duration (msec): 1000
# repetition number: 60
5900
8000
11100
13000
14900
16900
20900
26900
29900
36900
41700
46600
61100
67800
70500
78700
83500
94800
100200
104700
107900
114000
122600
127100
138200
146000
149900
159100
163300
165500
170400
177500
183100
191400
196100
199100
204400
210000
226400
228600
233700
241000
260900
265900
275800
283100
286500
290900
297700
308200
315900
321000
328100
335600
341600
347400
355400
357800
383300
395200
403800
410300
413900
417800
425300
431500
439100
441300
446100
455900
483400
489100
494800
499100
501900
526000
540100
553200
568100
572500
583800
589000
591400
594600
605600
613400
622800
635800
639000
643900
648900
670200
678500
687100
690200
702400
705600
711800
714500
720300
723200
735300
740000
746500
750900
757800
779500
781900
796000
799200
811800
816700
821200
832700
841800
850600
854900
881100
887500
893300
903300
912400
921200
923900
932500
941300
946100
949400
952800
957000
964200
968700
972200
975400
987300
1000100
# OFFOEL
# duration (msec): 1000
# repetition number: 61
5700
8000
11300
13200
15600
20600
26900
28900
36000
41800
50300
61600
67900
70900
78900
83200
85600
90900
95100
101400
104800
114100
122500
127200
131100
138300
145900
150100
159700
163300
165500
177400
183400
191300
198900
204000
211700
228400
232400
240900
256200
261100
266400
282000
286300
290700
309300
321100
332500
340200
343000
356800
379300
383500
395200
404100
409700
413400
417400
431300
438900
441000
443300
452800
456900
483500
490400
501800
505200
525000
532200
540200
552700
559700
568100
572500
581000
584200
590200
595000
604000
609300
614400
622800
635700
643800
649500
670600
679200
684700
688100
690600
702500
705200
710200
714900
720100
723500
726500
735600
739700
747000
752600
755600
765300
778300
780800
796100
805700
812900
820900
833000
842900
850500
854900
859200
874800
887600
893200
913000
920900
932400
941200
946000
952700
962400
972200
974500
986800
# OFFOEL
# duration (msec): 1000
# repetition number: 62
5900
10400
12200
14600
16700
20800
27200
29300
31900
37200
41500
51800
67900
70500
78800
82100
85000
94900
101000
105900
114400
122600
127400
131200
138300
149600
152100
159500
162100
165200
177300
183500
191200
199000
204100
209700
228000
232800
241000
251800
260800
267100
276200
283100
286300
291200
297600
308200
315900
319100
332800
341800
347300
352500
357000
371700
379300
383100
395000
404100
408400
417300
426000
431400
439700
441900
449000
456500
469100
483600
488700
494500
499500
520600
524200
530400
534200
541300
552700
565500
568700
572400
583800
588600
605100
609100
614300
622800
635800
645900
649600
669600
677700
687500
690300
702500
705300
712400
720100
725800
735600
740100
746400
753500
758000
779700
782000
785400
796100
799300
804100
812300
816800
821300
831100
843000
850500
854400
875000
887400
893100
897100
921000
923600
932600
940900
946100
949300
952700
962700
967500
970500
972800
975100
987200
# OFFOEL
# duration (msec): 1000
# repetition number: 63
5800
8400
11100
13100
15800
20700
28500
30500
35600
41700
46700
51100
67700
69900
78900
82200
84500
94800
98600
101200
106200
114200
122500
127400
138200
145900
149600
162000
165100
177200
182900
187700
191300
196700
199400
204400
209800
228000
233100
241000
251700
261300
265900
275900
283100
286700
295300
299400
308400
315800
321400
335200
341400
347100
353200
357200
371000
379400
382900
395100
404200
410000
413600
417300
423700
431700
439800
442900
446800
453700
457100
468900
483800
490600
501300
524000
532600
540400
561100
567500
572600
577100
584000
589000
604100
609100
613900
624700
635600
643700
648700
667700
678600
687200
689300
691400
702700
705800
712000
714800
720300
725900
735400
739600
746400
754900
775000
780200
789200
796000
798700
812600
820800
833000
842900
850700
854900
859200
872000
887200
892900
912900
920900
923900
932800
941300
946200
949100
961300
967900
971800
974200
987100
# OFFOEL
# duration (msec): 1000
# repetition number: 64
5800
8000
11000
13000
14900
17000
20800
26800
29500
33600
37500
42100
46400
51200
67800
72200
79000
82300
93600
98100
101900
106200
114600
122500
127000
131300
138500
146200
150100
153000
161800
164000
170300
177600
182600
191000
198700
204200
210400
227800
232000
241300
251300
256500
261000
279000
287300
291400
297700
310100
316700
328500
332800
341600
347300
355600
357800
370000
379700
383200
389000
395400
404000
410000
413500
417900
425200
432200
438800
441200
446800
449500
453700
456900
483600
489700
499600
521600
534000
540200
551700
565100
568400
572500
577100
583800
586300
589100
605200
609300
613900
622900
635300
643600
648500
667600
672100
679400
687800
690500
702500
706100
711200
714700
721200
726800
735400
739600
747100
753600
774700
780300
789000
795900
812600
817000
821200
833100
841900
850500
854900
857200
871600
887300
894200
898900
904300
921100
932100
941200
946600
952600
957900
962800
968700
972400
975200
987200
1000100
# OFFOEL
# duration (msec): 1000
# repetition number: 65
5700
7700
11100
13100
16200
20700
23600
27200
29600
36800
42000
46500
51000
67600
71500
79300
82500
85900
94600
98100
101700
105900
114100
122500
127200
138200
145800
151100
159800
163300
165500
177700
182200
190700
196500
199600
204500
210500
227500
231700
240800
256100
260900
265700
276400
283100
287500
291500
297900
307700
315800
321700
328700
332800
341600
355400
357800
370700
379700
382900
386200
395300
404200
413600
416400
424700
431600
438900
441300
446600
456300
462300
483600
501200
524200
533700
540000
544600
552400
566900
569100
572500
577200
583700
588800
605600
609400
613900
617900
622900
635600
645300
648800
667100
677600
686700
690300
703800
706400
711200
720000
729000
735600
739100
746700
751500
758000
765700
775000
780000
787300
795400
800500
813000
820900
828300
833400
841800
850200
854800
859300
880800
887400
893100
912400
921200
932800
941100
945800
949100
956400
962400
967700
973100
987200
1000000
# OFFOEL
# duration (msec): 1000
# repetition number: 66
5600
7700
11000
12900
16100
20900
26800
29100
33000
37300
42200
46600
51700
67800
70200
78600
81500
84900
95000
101600
104900
114200
122300
126900
138200
145700
149700
152500
161800
164800
177400
183500
191100
196900
199500
204300
209700
226100
228300
240700
256200
261200
266000
276200
279300
282900
290900
299100
308200
315600
328500
336100
341900
352900
357100
370900
379700
395000
404000
413100
417100
423700
439000
441200
446200
449500
456400
469000
483800
499600
505000
521100
526000
532400
539800
552800
561600
567600
572600
580700
584300
589200
604000
609200
614200
623800
635700
643100
648800
677500
686900
689400
702500
705700
712600
718200
723400
735500
739600
746400
753500
779500
781600
784800
793800
796500
799300
811600
816900
821600
833100
842900
850500
854600
872200
880600
887200
893000
897400
920900
924600
932800
941300
946100
952300
961400
967100
973400
987400
992700
999400
# OFFOEL
# duration (msec): 1000
# repetition number: 67
6000
7900
10900
13100
15800
20800
27100
29200
33200
37500
42000
46700
51000
67600
70300
79100
82100
84800
90600
97500
101400
106100
114500
122500
126800
132100
138400
145700
149900
152000
161800
164500
170600
177700
183400
191100
198900
204200
206300
211300
226500
231600
240900
256600
260900
266100
277200
282900
286700
291300
299300
306300
308700
316000
321400
333200
340300
342500
355900
358000
370800
382700
395500
404100
409900
415300
419000
425600
432000
438800
441400
446000
449600
456600
468900
483100
494600
524000
526500
540000
552800
561600
568300
570800
573300
583900
588600
591100
604100
609600
613600
618000
623000
635700
643900
648900
669800
678800
686800
689100
692300
702800
705700
712100
718400
723100
735600
739800
746500
751100
755000
779700
782200
789000
796200
803500
812900
820900
833100
842800
850300
854800
864300
871700
887900
893000
895700
904100
913100
921300
932400
941600
945700
949800
952700
962600
968700
972200
975300
987200
# OFFOEL
# duration (msec): 1000
# repetition number: 68
5900
8100
11100
13100
15500
20600
27000
29200
32500
37600
42000
46500
50800
67600
71700
78700
81700
84900
94900
99600
105900
114200
122500
127200
138100
146000
150000
162000
164400
170200
177600
183800
191100
198800
204100
206700
225800
228200
231500
240900
251200
261000
266100
276000
282800
286700
290800
308000
315900
321200
329600
333500
341500
352700
357300
382900
395000
404000
409900
415100
419000
425200
431600
439000
441300
446100
449400
456500
480500
483400
490800
499100
526700
539900
544600
553200
565800
568700
572700
580700
584400
588900
594700
608800
614200
618200
635700
640000
649600
667300
678900
687000
689400
702500
705500
711200
714700
720600
725900
735700
740100
751400
755400
768600
780300
789400
796000
800500
811600
820700
830800
843200
850600
854600
874100
887200
893000
899300
904200
913500
921200
932800
937800
941800
946200
952400
961300
968500
972200
974700
987000
1000100
# OFFOEL
# duration (msec): 1000
# repetition number: 69
5700
7600
10700
12600
14700
17100
20900
28400
31900
37200
41900
46000
51000
67600
70700
78700
81900
84800
93800
98300
101600
106100
115100
122500
126900
131400
138200
150000
153000
161900
164800
170000
177500
183700
191100
196300
199400
204700
211000
226300
230500
241000
251300
256300
261100
266200
282700
287200
290800
294900
308300
315700
332500
340600
346500
357000
383000
395100
404000
413200
415600
417800
439200
441800
446600
452900
456400
483200
490100
499600
524000
534700
540300
546900
559400
567000
570200
577200
583900
589300
595100
605500
609200
614300
623100
635900
642800
648900
667300
672100
678300
687000
689500
703800
711000
717800
723000
729300
735400
741700
746700
751300
775000
780300
796000
799000
811700
816400
821000
833100
841900
850500
854800
887200
893000
898700
903800
920700
924100
932600
941500
946000
952200
960100
967300
972100
974700
987000
999200
# OFFOEL
# duration (msec): 1000
# repetition number: 70
5700
7700
11000
13000
15800
20600
27300
29500
32800
36800
42100
47100
51500
63800
67800
70500
72700
78700
81700
84800
100200
105900
116000
122500
127200
131200
138500
145800
151100
161700
164900
177700
183100
191300
199100
204700
209800
227700
232000
240800
256500
261100
266400
276200
283000
286900
291800
305900
317100
328400
336600
341600
356800
378600
382700
394900
403900
409600
415400
424800
431600
438800
441000
446100
456400
483400
498800
501100
524200
530300
539900
552800
559500
565400
568900
572600
577100
584100
590100
595000
609100
613600
617700
624400
635700
643400
646200
649800
670000
678300
686500
689000
691100
702800
705500
709100
714300
720200
725600
735100
738100
740500
746400
751000
756000
765200
779600
786800
796000
799000
811900
821000
829000
842800
850900
854600
859400
877000
887500
892900
920800
923400
932700
941200
946300
952800
962000
968000
972100
974600
987300
1000200
# OFFOEL
# duration (msec): 1000
# repetition number: 71
5800
7700
10900
12800
15700
21000
27300
30300
32800
37600
42000
50300
53900
67900
70500
78800
81700
83800
94900
100300
104800
114600
122500
127100
132600
138000
145800
151000
159800
162300
165200
170400
177400
183300
191300
196300
199500
204500
206700
211700
227800
233700
241100
251500
257000
261100
266400
279400
286300
291400
295300
308000
316200
321400
329800
341700
346900
355600
357800
369200
383000
395200
404000
409700
413700
417200
425300
439200
441600
445900
456600
483500
499300
501900
530800
539700
552900
559200
567800
572500
577100
583900
588800
605500
609900
614100
618100
625600
635500
645400
649400
679200
686900
689000
691200
702500
705700
712700
715400
720200
729300
735500
740100
746600
753400
774900
779500
781700
789300
795300
797500
812800
816700
829000
842800
850700
854900
869000
887400
893200
903700
921000
932600
941200
945800
948100
956000
962500
968800
972400
987000
992900
# OFFOEL
# duration (msec): 1000
# repetition number: 72
5900
10200
12000
15400
21100
27000
29000
31700
37100
41900
46400
51100
58600
67800
70500
78900
83300
94100
100500
104600
106900
113900
122500
127200
132500
138400
145800
151100
159700
163600
165700
177700
183600
191200
196700
199400
204400
209600
225600
228300
233300
240700
251700
260900
266200
278800
286100
295700
308100
315700
321200
328200
332800
341300
347400
355600
357700
371200
382400
395300
404000
409700
415000
418900
423600
431500
438900
441500
447000
456600
468900
482700
488700
499100
505000
526200
530500
541100
559400
567700
572500
580500
584200
588800
594800
605700
609400
614100
624800
631100
635800
639600
645400
649400
667000
677800
687300
689500
703300
707900
711800
718100
723400
726300
735500
739600
746500
752400
764700
779600
781800
795000
797800
812600
816300
828500
833200
843000
850500
854900
860000
880700
887500
893100
912300
920600
933000
941200
946000
952600
961200
967100
972800
975600
986900
1001500
# OFFOEL
# duration (msec): 1000
# repetition number: 73
6000
7900
10300
12500
15600
20700
27300
29500
32900
37600
41900
47300
51900
67700
70300
78800
82300
85300
97400
100900
105200
114900
122300
127100
138300
146200
151200
159600
162500
165100
170400
177700
182800
191400
198500
204100
209600
226100
228700
241000
251200
258800
261500
275700
283000
287700
295300
315700
332700
341200
347100
353400
357400
379200
386400
395900
404000
413400
416900
420600
425700
431400
439800
443100
456500
469300
483400
498900
501900
524700
530000
539900
553500
565300
569000
572800
580400
584100
590800
595400
605600
609400
614400
623000
635700
645600
649200
652900
667100
670800
678900
687300
689700
703800
706500
714000
723000
726200
735500
739700
747100
753000
758300
779600
782100
786800
795400
799000
811800
821200
828600
833500
843000
850600
854900
865000
871500
880900
893000
904100
920600
933100
941300
946100
952600
956400
966000
972500
986800
993000
# OFFOEL
# duration (msec): 1000
# repetition number: 74
5900
7900
11200
13300
15700
20800
26900
29300
36200
41900
47100
50900
67700
71500
79000
82800
86500
97200
101400
104900
108200
114600
122500
127000
138800
145900
149900
153000
157700
162600
165100
170700
177900
183200
191300
196700
199400
204700
210100
227900
232100
240700
252900
261000
278900
287100
291000
295300
308600
315900
321400
332700
336600
341900
352500
357000
371200
379600
383600
395100
404100
409500
413800
417000
425500
431800
438800
441500
445700
449400
456600
483700
488800
494800
500700
525400
530700
541500
552800
559400
567300
572400
577100
580700
584200
588800
605900
609200
614100
617800
625800
635800
639500
645400
648900
666900
672200
679000
686900
689300
703800
712200
714900
720400
726200
735400
739400
746400
752900
755600
774700
780400
789600
796200
799200
811700
817400
832800
841500
844000
850800
854700
859200
880600
887800
893400
899100
904000
921000
923900
932700
941800
946100
952200
962500
968000
971700
975100
987200
999800
# OFFOEL
# duration (msec): 1000
# repetition number: 75
5900
8200
11300
13200
15600
20900
27500
29400
32900
37300
41900
46600
51000
67600
71300
79000
83100
86300
100500
104600
107900
114100
122400
127000
137500
146000
150200
159200
162900
165300
177800
182300
191300
199300
204200
226600
228800
233100
241000
251200
260900
265900
279000
283100
286700
294800
308000
315800
321300
330400
335800
341400
347300
357200
364000
370900
379600
383100
395100
404100
409800
413500
419100
425000
432000
439000
441400
446500
456800
469000
483700
493400
501600
524500
530000
540200
552400
561400
568200
572500
583800
588700
604200
609100
613600
618200
625600
635700
643700
649000
669600
678000
686800
689200
702700
711500
714500
720500
726000
735500
739900
746800
754200
765100
780300
789200
796000
799000
811600
816200
828900
839600
843100
850400
854800
857500
868800
887500
893100
912800
921500
926100
932800
941500
946000
948300
956100
961500
968700
972800
975400
987300
993000
# OFFOEL
# duration (msec): 1000
# repetition number: 76
5900
7900
11200
13100
15500
20800
26700
28900
36300
40900
50700
67600
69700
79000
81900
90700
94900
100000
104700
107800
116100
122700
127100
138200
145900
149900
159500
163500
166100
170100
177400
183900
191200
196400
199300
204300
209800
227900
231700
240700
260800
265800
276600
283700
286500
291200
298200
308200
315800
333100
341400
347100
357000
370800
379700
383000
395200
404300
410000
415000
419200
424800
439100
441300
446300
449300
456500
480000
483600
492600
499500
524000
533800
540300
552800
561700
568100
572800
576900
584000
589000
605600
609300
614200
622500
625800
635700
645700
648900
667200
678700
686900
689200
691300
703500
711500
714700
720400
725800
735400
740000
746900
754100
774800
779800
784700
794800
797100
800000
811900
841400
843900
850200
854900
859200
871600
880600
887400
892900
898400
912500
921200
932600
941000
944300
946700
955700
962600
968100
972700
987200
# OFFOEL
# duration (msec): 1000
# repetition number: 77
5700
7900
11300
13200
15700
20700
27500
29500
32000
37400
42000
47300
51600
62500
67800
70600
78700
81900
85100
96600
100300
104700
114800
122600
126900
131400
138300
145800
149700
152400
160000
163400
165500
177000
182200
184600
191600
198300
204400
210000
226000
228300
233700
240900
251900
261000
266300
285000
287700
290400
297600
309500
321500
332700
341600
347500
357100
370600
382900
388700
395200
403800
410300
414900
419400
425000
432100
439400
441700
446200
452700
456500
469400
483500
499000
505000
524200
529200
534800
540000
555200
568200
572300
576900
584100
588900
591200
604000
609300
613900
618000
622700
635700
643700
648800
667000
677700
687000
689300
703000
711300
714700
720200
726000
735100
739600
746600
752400
765600
779400
781600
784600
795200
800300
811700
816400
821300
828900
841600
843900
850100
855000
869100
881200
887300
893000
903900
914100
921000
932800
941200
946100
952800
961600
968500
972100
974500
986800
993200
# OFFOEL
# duration (msec): 1000
# repetition number: 78
5600
7500
10900
12900
15000
17900
21200
27200
29700
35900
41800
46600
51100
58500
67900
70700
78800
84000
94000
97900
100700
105800
114300
122400
127600
138500
146000
150200
161800
164000
170800
177600
183100
191200
199100
204600
209800
227700
233500
240800
251000
261000
266100
278800
283300
286600
291200
298900
308100
316000
321200
335100
341800
347100
357000
361000
370600
379400
383700
395100
404100
410000
415500
419100
423900
439100
441400
446100
449500
456400
483700
490400
501200
524600
534100
540200
552900
559200
568500
573000
580800
584000
590400
594700
605600
609400
614300
618500
635700
639100
645500
650400
658100
677800
686900
689300
692800
702900
712300
715000
723600
735000
739800
746400
752800
775400
779700
784900
789400
795200
799000
811700
817000
821400
828600
842000
844300
850500
855200
860400
887500
893400
903400
920800
923800
932500
941300
946300
953000
962000
972000
974500
987000
1000100
# OFFOEL
# duration (msec): 1000
# repetition number: 79
5800
8200
11000
13100
15700
20800
26700
29600
37100
41900
46500
51300
68000
70700
79000
82100
85200
95300
97700
104600
114100
122500
127000
138200
146300
151300
162200
165000
177400
183700
191200
198300
204500
210300
227200
240900
252300
255400
261000
266400
279500
286500
291200
295400
307800
316000
330100
335300
341500
357300
371000
379500
383400
386800
395200
404000
409800
413700
424400
439400
441900
446200
456600
483600
490200
499300
524200
530700
540100
552700
560000
567100
572200
577800
584300
590400
594700
605400
609400
614200
618200
635500
643200
646100
649000
669500
679300
686800
689300
703900
711500
715000
720400
729100
735700
739700
747700
779700
788900
796500
811600
816800
821100
833100
842900
850400
854700
875300
887500
893100
905300
920900
933000
941200
945900
952400
956100
963300
970300
972800
975300
987400
995700
1000300
# OFFOEL
# duration (msec): 1000
# repetition number: 80
5800
7700
11200
13200
15900
20700
26800
29400
35700
37900
41900
50800
67700
69900
78700
82000
84900
88700
95100
102000
105900
114300
122400
131300
138100
151000
159900
162300
165000
177600
183500
191400
196900
200100
204500
210300
227700
240900
251400
261000
266200
276100
286400
292000
295400
306000
315800
332800
341300
356100
358200
379500
383200
395200
403900
409900
415100
417600
424600
439100
441400
452500
456500
483600
488400
499000
505400
524300
530500
534200
544800
552900
565500
572500
577100
583800
589000
594700
604200
609600
613900
625200
635600
645300
649900
667300
686800
689300
702800
708000
712500
723400
735300
740100
746400
752700
755500
774800
780100
785500
789300
796000
799600
814200
820900
832800
842000
850400
854700
864200
887100
893000
897300
912300
921100
933000
941300
947200
952800
956500
961800
968500
973800
986800
1000100
# OFFOEL
# duration (msec): 1000
# repetition number: 81
6100
8200
11100
13100
15600
20900
26900
29100
35800
40900
46600
50900
67700
71800
81500
84300
97100
102200
105900
115400
122500
127000
132300
138300
145800
151100
153200
159900
162600
165100
177600
183700
191500
199200
204300
210300
226700
231500
240800
260800
266000
276300
282600
287400
291500
299100
307700
315800
332700
340400
357100
370400
379600
383100
394900
404000
409700
415200
417700
423600
438500
440900
446300
452400
456500
468900
483700
489000
499100
524200
530400
534000
540300
552800
568100
572500
577200
584000
588700
594800
605800
609300
614000
623100
635700
639100
645300
650000
669700
678400
685000
688600
702600
705700
711900
714600
720300
726200
735400
739500
746200
752700
758000
779700
781900
787500
796100
803300
812900
821300
833000
842600
850200
855100
887400
893200
902500
912500
921600
932700
941100
945900
949000
961400
967700
971400
974000
987000
993200
1000000
# OFFOEL
# duration (msec): 1000
# repetition number: 82
5900
7900
10500
12400
15400
20800
26900
30500
36900
41700
46700
51100
67500
69600
78700
83400
90900
96700
104400
106800
114300
122500
131000
138400
145600
150200
159800
162400
165000
170200
177500
183200
191000
199200
205900
210300
227700
231400
240800
252100
261100
266100
276600
287800
291700
307900
315600
330200
339900
342200
357200
369700
380300
383300
386900
395300
403800
408500
415000
424400
438900
441300
446300
453700
456700
483200
492800
500000
521400
524400
534400
541600
566900
572400
577100
584300
590300
605500
609200
614000
623300
636100
645300
649200
669600
677700
686800
689100
691300
702800
710800
720000
723200
735800
739500
746500
752600
765500
779600
784500
789300
796200
803500
811900
821300
833000
842900
850600
854900
871700
892900
897400
904000
920400
933200
941100
945900
952500
966500
970000
972600
975300
986900
993300
# OFFOEL
# duration (msec): 1000
# repetition number: 83
5900
7900
11200
13100
15900
20800
27000
29200
32100
37000
42200
46700
51300
67700
71800
79200
81800
84700
94800
98000
100600
106000
108600
114400
122700
127200
131400
139100
146000
149700
152200
161900
165000
177400
183800
191500
196500
199400
206000
210100
226100
228500
231400
241100
252300
261000
266100
282600
287100
291300
315900
333000
341600
357100
371000
379900
383400
386400
395100
404000
414100
417900
431800
438900
441200
446700
456400
483400
490700
501000
524000
528900
539800
553200
559400
568500
572300
577400
584200
591100
595000
605800
609200
613800
625400
635600
643300
649200
667200
677600
684300
687900
692500
703000
705700
712600
715400
720500
726100
735300
739600
746100
754700
758100
774900
779900
789900
796100
800600
811800
816500
821200
831300
842000
850600
854700
880800
887900
893000
910900
921000
932500
941100
946100
961600
964700
968500
972800
975200
987100
1000200
# OFFOEL
# duration (msec): 1000
# repetition number: 84
5900
8000
11200
13100
15300
20700
27100
29300
32800
37400
41900
47700
67600
69900
78800
81800
86400
93600
98000
101800
105000
114200
122500
127000
138100
145800
149600
162000
165100
170200
177700
183500
191200
196600
199600
204300
209800
227300
231700
241100
257200
261100
266100
282400
290500
295500
299400
308900
315800
321400
330300
335200
341800
347000
357100
370400
380100
383300
395400
404100
409900
415400
419500
431400
439000
441400
444100
449200
456800
483500
490300
494400
499500
504800
521300
524100
530400
541600
559500
567000
570400
574600
583800
591000
605100
609600
613800
617300
623000
635500
643000
645800
649900
669800
679000
686900
689200
702500
707300
712300
714800
720300
726100
735500
739800
751400
758200
780000
785600
793200
796300
798900
811700
817000
832600
842800
850400
855000
861600
880800
887700
893000
902400
920500
932500
941200
945800
952300
956900
962700
967800
972000
974400
987200
999800
# OFFOEL
# duration (msec): 1000
# repetition number: 85
5900
8200
10400
12400
14400
20600
27000
29100
33100
37400
41900
44000
52100
67700
70700
78600
82800
85300
95000
97800
101600
105900
115200
122400
127500
133000
138300
145700
151100
162000
164800
177800
182700
191400
199400
204100
210000
226300
228600
231800
240900
255700
261100
275600
282900
287300
291800
297400
308100
316100
321200
332800
341700
347900
353000
357400
379200
383000
393600
403800
409700
413800
417000
424600
431400
439000
441400
446200
452400
456600
483400
488400
499400
524600
532400
540400
552600
567100
570300
573400
583900
588800
595300
605400
609200
614300
623200
635500
642900
649300
659000
671300
678900
687100
689200
704500
711800
714900
720000
725700
729600
735400
739600
746300
752500
757900
779700
788800
795800
799200
811900
816500
821100
833300
843000
850400
854600
868900
887400
893100
902700
911600
921000
932700
941300
946000
949500
952900
962200
967700
973900
986900
993400
# OFFOEL
# duration (msec): 1000
# repetition number: 86
5800
8100
11400
13300
15600
20700
27000
29400
33000
37000
41900
46900
50900
67700
70500
81600
84600
93400
99800
105600
114600
122400
127100
138300
147100
151200
160200
164100
177300
183000
191200
198000
200100
204400
226000
230900
240800
251500
261000
276000
282800
287600
291300
307900
315800
322300
328500
335600
341500
347100
356800
371000
382900
394900
404300
410000
415400
423600
439600
441800
446500
453100
456500
483300
490200
499200
520700
526200
541100
552600
568500
575000
584100
588800
595000
608900
613700
623400
635600
643000
646100
650000
667400
677600
686600
689000
691300
702700
712500
714900
722800
725900
735400
739600
746300
752900
765000
779200
785000
795900
799700
803700
812900
816500
828500
841700
844000
850500
855000
868900
880900
887200
893100
897600
921300
941200
946600
952400
956600
961500
968800
973100
986900
1000000
# OFFOEL
# duration (msec): 1000
# repetition number: 87
6000
7900
11100
13000
15800
20800
27100
29300
32800
37200
42000
47200
51100
61200
67800
70800
79000
83400
86500
96200
99900
106300
114000
116800
122600
127000
133300
138500
145900
151100
159500
163500
165800
170100
177600
183600
199000
204600
206700
210100
226100
228600
233500
240800
251300
261000
266100
275900
285500
287800
291400
299800
309300
315700
329100
332900
341500
353000
356800
370800
383200
395300
403700
409700
413600
417500
423700
431600
439400
441600
446200
456300
469500
483500
490400
499300
521400
524600
530600
541200
554000
561300
568500
572500
583700
588600
595100
605400
609100
614100
626000
635700
644100
649600
667000
672400
679200
686500
689000
691400
702500
705700
712000
714700
720000
726000
735600
739700
746700
752500
757900
779600
782100
787800
796000
811800
816800
821000
833200
841700
844300
850900
855100
887400
893000
903800
913200
920900
932600
941200
946100
952600
956400
962900
968800
972200
974800
987100
999800
# OFFOEL
# duration (msec): 1000
# repetition number: 88
5800
7900
11200
13100
15500
21000
26900
29700
36100
42100
47200
50900
61700
67900
70500
79500
81900
84500
93800
97600
100300
105900
114500
122500
127200
131100
138600
146000
149800
157400
160900
163800
177300
183600
190300
199000
204200
206500
210000
225900
228500
233300
241000
251500
261100
265700
272000
275900
290200
296900
308000
315900
328100
333100
341600
347000
356200
382800
395100
404100
409900
413700
419100
430900
438600
441100
446400
456500
483700
490300
499200
524200
531800
541000
555600
567000
572400
580900
584100
590200
605300
609200
614200
624400
635800
641700
648600
667400
679400
684700
688800
691200
702900
706000
711500
714700
720400
725800
735100
739000
746500
753700
758500
779400
781600
795900
798900
812100
817000
830900
833500
842800
850600
854900
858900
887500
892900
898900
920800
923600
932700
941300
946100
955800
963800
968800
973600
976300
987000
1000500
# OFFOEL
# duration (msec): 1000
# repetition number: 89
5800
7900
11100
12900
15500
20900
27000
29100
33000
37500
42500
47000
51200
61300
68000
71700
78900
82000
84900
94500
100200
104700
108500
114400
116800
122500
131100
138400
145700
149900
152900
162100
165100
170000
177600
182400
191600
199300
204700
209700
227100
230200
241000
251200
261200
266100
272100
276300
285900
288100
297800
308200
316000
321400
328900
332800
341300
352900
357200
371000
382800
395200
404100
410400
413600
418700
431700
439500
441700
446700
453000
456400
480300
483700
490500
502100
505400
523900
530700
540100
552600
559600
568600
572200
583900
588900
603800
609000
614200
618100
625300
635600
645500
649700
670000
679200
686800
689300
702700
706000
712700
715100
720100
729100
735600
739700
746700
751200
754800
765400
779700
784300
795700
803500
811600
816700
833100
843100
850200
854800
859000
880300
887200
893100
895500
904400
910700
920800
932400
941500
945700
952700
956100
961500
964100
967600
972500
975200
987000
993000
1000100
# OFFOEL
# duration (msec): 1000
# repetition number: 90
5800
7700
11100
13000
15800
20700
27100
29300
35900
42000
47600
51400
67700
69900
79000
81800
84900
94000
98400
101900
105100
114100
122400
127000
137400
145900
151200
161900
164900
169800
177800
181700
184400
191400
196400
199400
205000
210000
227500
232400
240900
251600
261100
265900
271900
276300
285300
290900
295300
298200
315900
321900
329700
335100
341400
347500
357200
370500
378300
383100
395300
403900
410100
413900
419200
438800
441400
446200
453600
456900
483500
493200
501600
524300
530300
540100
546700
555500
565500
568300
572900
583700
588700
594700
605600
609300
613800
623000
625200
635900
645300
649800
672000
678700
686900
689100
703400
706000
712400
725800
735300
740100
746500
751100
754800
779900
787400
796300
799200
812100
821200
832700
842900
850400
855100
877800
887500
893000
916100
921000
932800
941200
946000
952400
962600
968600
971700
974300
976700
992800
1000100
# OFFOEL
# duration (msec): 1000
# repetition number: 91
5900
7800
11100
13000
15600
20900
27100
29200
32700
37500
41900
50900
67700
70000
78800
82100
84800
93800
96600
100300
105900
115300
122700
127000
131500
138200
146400
150900
159600
162100
165200
178200
183600
191100
198400
204500
206700
210500
227600
231300
241000
252400
260900
266100
278700
282900
287200
295100
307900
315800
321400
332800
341700
347400
353300
357200
379600
383100
395000
404100
409800
413700
419200
425200
431600
439400
441600
446300
456400
460000
483100
488600
499100
504800
524500
530200
540400
555600
566800
569200
572700
577200
584000
589000
594900
605500
609400
614200
622800
635600
639400
645500
649600
667300
678600
686600
689000
702900
711200
715000
720300
729100
735800
739700
746400
751100
775000
780000
796100
803500
812900
821600
833100
842800
850700
855200
862100
869100
881100
887300
893400
897100
913100
921200
932600
941300
945800
952900
961400
968700
973800
987500
999700
# OFFOEL
# duration (msec): 1000
# repetition number: 92
5900
7800
11000
12900
15600
20700
27100
29300
32100
37200
41800
46400
50800
61000
67900
71900
78700
83200
95300
100100
104800
114100
122400
127100
131100
138200
145800
150300
153200
162000
164300
170100
177500
182700
191300
198900
206000
210600
225800
228700
233500
240900
260600
266100
282100
286400
291600
295000
301200
307900
315800
321300
329000
341600
347200
357200
370600
379200
383600
395200
403900
409800
413600
417000
431300
438800
441200
446100
456300
483500
490400
501300
520900
524500
540600
552400
559200
565700
572200
577800
584200
588900
604300
609100
613900
624900
635500
644000
646100
649400
672000
678200
688100
690500
702500
705200
711400
720000
725800
735400
739600
746300
751200
774300
780000
789100
795900
799000
812800
820900
829100
842900
850300
855000
865200
871700
887600
892900
895200
903500
912700
921000
932400
941300
945800
957000
962600
969100
973400
976000
987300
# OFFOEL
# duration (msec): 1000
# repetition number: 93
5900
7900
11200
13200
15600
20500
27200
29800
33200
38000
42000
47300
67800
69900
78900
81900
85200
94800
100400
105900
111000
114800
122700
127000
132500
138500
146000
151100
157300
161800
164600
177500
184100
191200
199200
204300
210800
227500
240800
260800
266000
276300
283400
287600
291800
299600
308800
315800
321300
328800
333600
341500
347100
357200
370800
379700
383600
395000
404100
410300
413600
418700
431400
439600
442300
446300
456500
469100
483400
493000
501600
515000
524000
530800
541300
552900
559500
567000
572500
577300
584200
589100
605300
609400
614600
618000
624600
635900
645400
649700
667000
678800
684700
687900
690500
703900
712000
714700
720600
723500
729200
739800
746500
751200
755100
780500
787200
793400
796500
799500
811700
820900
843100
850600
855000
864000
880600
887500
893100
903900
913700
921100
923800
933000
941300
946400
952500
957100
962500
968400
973700
987100
# OFFOEL
# duration (msec): 1000
# repetition number: 94
5800
7800
11000
13000
15800
20900
26800
29300
32200
37600
42200
47000
51000
67800
69800
78700
81700
84100
86300
94800
101600
105000
114200
116700
122700
131400
138400
146000
150000
162000
165100
178000
182600
191300
199100
205600
210000
227000
231700
241200
256200
261000
266400
276200
286300
290900
295400
316100
328600
335300
340700
347500
357200
369500
383000
395100
403900
413200
415800
419400
425600
431600
439000
441100
443200
446800
449700
456600
483600
490600
499000
502100
521200
524600
529800
534300
559500
565600
569800
573000
584000
588800
595000
605400
609700
614200
618100
635700
643700
646300
649300
667100
686700
688900
691200
702700
705600
711400
714600
720700
735400
739600
746600
753000
757900
780400
789300
795200
797600
800600
812800
821000
829000
833300
843300
850400
855000
859000
887500
893000
904000
912400
921000
932400
941200
945800
949900
961400
964600
971000
974900
987100
993300
# OFFOEL
# duration (msec): 1000
# repetition number: 95
5600
7500
11000
12800
15500
20600
27200
29700
33000
37300
41900
46700
51100
67700
70600
78700
84200
93500
97500
101400
104800
108100
114400
122500
127000
138200
145800
151200
162000
164200
166200
177700
183600
191000
198800
204200
209900
227400
231700
240700
261000
266200
276700
286600
291300
296800
307900
315900
321600
333000
341000
347000
356900
371300
379500
383400
395300
404100
408600
413900
419600
424600
437700
439900
442200
446300
456100
469200
482800
485300
499500
524400
531500
539600
552700
568200
572500
580600
584100
588800
595200
605400
609300
614200
624600
635700
642900
645800
649700
667200
672100
678800
687200
689400
691600
702800
711100
714400
720300
723600
735400
741600
747100
754000
758100
779400
784800
789300
796000
798800
812600
816400
821400
828600
833100
842800
850500
854700
881000
887400
893000
902100
920700
924100
932400
941400
946500
952300
957100
963000
967500
972200
974700
987000
# OFFOEL
# duration (msec): 1000
# repetition number: 96
6000
7900
11100
13200
16000
20500
27200
30100
35300
39200
41900
50900
67800
70800
78800
81600
83800
95000
97800
101900
105900
114400
122300
127100
131300
138000
145900
149900
159800
162400
164700
177400
183000
191500
199100
204400
210300
225900
228300
233100
240900
251700
260900
266000
276100
283100
287600
292200
299600
308500
315600
328400
333200
340300
347000
357000
371000
379400
383100
395000
403900
409700
415100
418900
425000
439000
441600
446300
449600
456600
483600
490500
500900
524600
530400
540300
552600
567800
570900
577700
584100
588900
594600
613800
622900
635500
643300
648900
672200
687200
702700
706000
712500
720300
723800
735100
739700
746600
755000
774600
779700
789800
795300
798800
813000
820900
832900
841600
850900
855000
874900
880500
887300
892900
897300
903800
912600
921100
932600
941600
946100
952900
957200
962700
968500
973300
987800
993300
1000200
# OFFOEL
# duration (msec): 1000
# repetition number: 97
5900
8000
11200
13200
15800
21100
26900
29300
33500
37300
41900
51000
55800
68000
71100
78800
81800
85000
94300
98300
101600
106100
115900
122400
127500
138100
146000
151300
161900
164700
177500
182900
191200
196400
199300
204400
210000
226100
228500
233200
241000
251300
260900
266100
277400
283500
287100
291800
298900
315800
328300
333200
341700
347800
357200
370600
379800
383300
394900
403800
410100
413800
417800
425500
431700
439400
441700
453800
457000
469200
482900
499200
524300
528900
540400
546900
553000
561700
566900
572600
583900
594800
605400
609200
614000
623200
635700
638700
645400
649100
670300
679400
686500
689100
691100
703300
705800
711400
720600
729400
735900
739900
746600
754600
758400
765400
780000
789000
796000
799800
811400
815100
821100
833400
842900
850500
854700
880700
887600
893000
903600
913000
921000
923900
932800
941200
945200
955800
962800
968700
972300
975200
986900
992900
# OFFOEL
# duration (msec): 1000
# repetition number: 98
5900
7800
11200
13100
15700
20600
27400
29600
35800
41800
46500
51000
64000
67700
70800
82000
84800
97500
101800
105800
108600
116000
122600
127000
132000
138500
145900
149900
153100
160200
163500
165800
177500
183700
191600
196600
199300
204400
209800
226100
228700
231600
239800
256300
261300
266100
282800
287500
291700
299300
306000
315800
328800
335100
341500
357100
379500
383200
394900
404100
409700
415400
419500
425400
431600
439000
441400
446300
452800
456800
469600
483800
490700
501600
520800
526100
530700
540100
552700
559400
565500
568900
572800
577600
584100
588900
595000
605500
609400
614200
617800
624200
635800
645200
649300
667100
677500
687200
690100
702700
705800
708700
712500
720200
725800
735500
739700
751100
755000
774800
780300
789000
796200
799200
812300
816700
828700
833200
843100
850500
855000
872400
887200
893200
904100
920700
923900
932700
941000
945900
952700
957000
961600
967400
972500
974600
987000
993000
999600
# OFFOEL
# duration (msec): 1000
# repetition number: 99
5800
8100
11100
13100
15700
20700
27200
29300
33000
37500
41800
46700
51100
61000
67800
71000
78500
83700
93500
96800
101800
105800
114400
122600
131700
138600
145900
150000
152900
157800
162200
164400
170200
177600
182400
191200
199100
204300
209100
225600
228200
240800
251400
261100
276200
283000
290300
295300
308400
315900
321400
328100
333100
339400
341900
347000
356900
379400
383100
395000
404100
413500
415800
419000
425300
431900
439000
441600
446400
456400
469200
483600
499000
501400
524300
534400
540100
544700
553300
559700
567700
572400
584000
588700
594500
603900
609100
614400
622600
625700
635700
645200
649600
667700
678800
687000
689300
702700
705200
712000
714900
720500
725900
735600
739700
746700
755600
767800
779400
781700
789600
796000
800500
812800
816700
828800
833200
842800
851000
854900
859000
888100
893100
903600
920800
932500
945500
947900
952800
961200
963600
968400
972100
975600
987100
999600
# OFFOEL
# duration (msec): 1000
# repetition number: 100
5900
7900
11000
13000
15600
20900
27000
29400
33100
36500
41800
50700
61800
67700
71100
78900
83500
94800
100000
105000
114400
122400
127000
131300
138200
145800
150100
161800
164100
170000
178100
183400
191100
196500
199300
204600
209800
227900
231900
240900
252300
256500
261100
265800
275900
282600
287600
291500
308300
315700
321500
332600
341500
347800
353100
357100
370700
379400
383500
395100
404000
409800
415100
417600
425000
438800
441200
448800
456800
469400
483300
492800
499400
502200
524700
533500
541200
552400
559700
567000
572300
583700
589000
594800
605000
609300
614000
618000
625900
636200
645200
649700
666900
678600
684700
688600
690800
702800
705500
712000
714800
720400
728900
735800
739700
747300
754400
765300
779700
782100
796000
799100
811800
821000
829000
833000
843000
850300
855000
864300
868800
887600
893100
904000
911800
920700
923600
932600
941100
946000
949700
956100
962600
969200
972900
975400
987200
993100
# OFFOEL
# duration (msec): 1000
# repetition number: 101
5700
8100
11100
13100
15700
21000
27400
29700
35700
37800
42000
46700
67700
70900
78500
83400
91000
94700
100400
105900
115000
122500
126900
138100
146200
149900
159800
163600
177600
182700
187300
191500
199200
204700
209800
225600
228500
231600
240800
251700
261200
266300
283000
288100
291200
307800
315700
318700
328400
333000
340400
348100
357000
370700
379000
383000
395400
404100
408400
415200
419000
423500
438800
441000
443600
446600
452900
456600
468900
483300
490200
499400
524100
531400
559300
568100
572400
580600
584200
588700
594900
603800
609100
613600
623100
635700
644000
648900
669200
677600
687400
689800
702600
705600
711000
714900
720400
723500
726300
735500
739700
746900
753900
780600
784500
796100
803700
812900
820900
833000
842800
850500
854800
865600
880600
887600
892900
897000
913100
920900
932700
941300
945800
949600
956700
962300
968200
972300
974800
987100
1000000
# OFFOEL
# duration (msec): 1000
# repetition number: 102
6000
8100
11100
13000
15900
20700
27100
29900
33100
39200
42000
47000
51300
61300
67800
78800
82500
85100
95200
104700
113700
122600
126900
131400
138500
145900
151400
159700
162600
170100
177500
183400
191200
199200
204500
209700
226300
228700
231900
241100
251700
256500
261300
266500
276100
285400
290300
296400
309900
316000
328700
333000
341600
347000
357200
369400
379300
383600
387000
395400
404200
409700
414300
418800
425300
439500
441700
445900
449600
456900
483900
499200
505600
524900
530100
540300
559600
568000
572600
576900
583800
588700
606100
609500
614100
618000
626000
635700
645100
649200
667200
686700
689100
702600
708600
712600
715100
720300
726200
735800
739700
746800
752700
779700
794800
797200
805000
816300
842900
850500
854900
858100
864700
880600
893100
914000
920900
924000
932300
941500
946500
952400
961600
968600
973700
987400
1001900
# OFFOEL
# duration (msec): 1000
# repetition number: 103
5900
7700
10300
12200
14200
16200
20800
26900
29900
33200
37200
41800
46900
58600
67900
70700
78800
81600
84700
96400
101400
105300
114500
122600
127300
137000
139000
146300
151300
161900
164000
170200
177600
184000
191500
198000
204300
209800
228100
231600
240900
251700
261000
266000
278700
286400
291700
297900
315600
321200
328300
335000
341600
347700
357100
370900
375800
382900
386500
395400
404100
410400
413900
417700
425000
439900
442200
456500
483300
489100
494600
501500
524500
533900
539800
552700
567800
572300
577000
583800
588700
609000
614000
618300
625800
635500
643400
649700
669500
678900
684700
688400
691100
703100
709200
712600
715100
723300
735100
746500
752500
755600
774600
780300
789300
795700
799800
812800
821100
835700
842900
850500
854700
865100
881100
887500
893100
913600
920800
923800
932800
941200
946200
952600
956200
965100
971900
974700
987100
995900
1001100
