# OFFOEL
# duration (msec): 1000
# repetition number: 1
7500
12200
14500
17100
21400
27500
32700
38000
39000
41200
43800
51900
56700
68100
72900
79400
83100
95700
102900
106500
123600
134300
138500
147100
152100
156400
161100
164100
166700
184800
191600
194500
197900
200700
207500
228800
232900
237700
241800
251900
261400
265100
267900
276900
285900
292100
296500
299900
309200
316300
319800
323600
333900
337300
342300
343300
348100
357200
371600
376200
380800
384500
387200
405100
411000
414800
419000
432900
442900
449800
453700
457300
461200
471000
483400
489300
493600
499900
506300
507300
528500
542500
547800
554100
569300
573400
577800
587100
590000
595700
606600
616000
619600
626500
636900
653600
667400
670800
675600
688400
691300
703300
706300
713300
717500
721200
725100
736700
742000
751400
755700
758900
775600
781500
788800
796900
804000
813400
822300
834500
842700
851600
854900
863000
873100
890900
895000
904400
924300
927700
933200
942000
947300
962500
970100
973600
977000
993700
1001400
1008300
1011400
1018200
1021600
1030200
1035300
1043100
1048700
1051400
1059900
1065100
1075100
1080300
1086500
1100100
1109300
1126900
1131500
1137600
1148100
1152500
1162800
1167000
1174900
1181500
1190200
1196100
1213400
1217900
1227900
1239400
1243200
1247400
1263100
1267000
1270300
1274700
1294500
1298000
1305000
1316800
1330900
1338800
1343500
1347500
1351200
1365200
1369100
1374000
1379400
1384200
1392200
1403500
1417000
1433500
1436400
1441300
1445200
1456200
1461500
1472700
1480100
1490100
1506600
1516400
1521000
1532700
1536100
1541200
1546400
1549300
1557000
1570200
1575300
1598100
1603500
1607500
1618300
1625100
1628600
1645100
1652600
1667400
1674000
1678700
1685900
1691800
1695200
1700700
1708800
1721400
1731900
1737900
1749900
1753100
1757000
1760800
1781000
1791300
1795000
1798800
1803100
1807800
1811600
1822000
1825500
1832300
1835900
1839800
1845000
1855500
1858400
1862900
1869200
1873900
1879400
1889500
1898800
1904800
1921200
1927600
1938700
1943000
1967500
1978200
1987200
2001300
2006300
2010300
2017700
2023700
2032900
2043100
2047200
2066500
2073300
2076700
2081800
2084700
2089700
2097700
2109500
2126300
2129600
2134300
2138200
2147100
2154100
2162900
2172700
2180600
2196700
2202700
2207000
2216500
2239600
2243800
2253900
2256700
2267700
2277400
2282100
2287800
2295800
2302300
2306600
2303300
2313700
2320400
2323700
2334000
2343100
2347400
2353400
2356600
2368400
2371600
2388400
2394000
2400900
2407200
2408200
2417700
2423300
2444700
2451400
2454600
2467600
2473800
2479900
2487100
2498100
2506900
2510900
2517000
2522500
2527700
2535300
2538800
2541900
2550200
2556900
2561000
2566400
2574500
2592600
2598500
2607100
2621400
2633400
2639800
2644100
2646800
2658400
2662100
2666300
2680100
2695600
2698600
2708900
2712500
2716700
2724000
2728300
2731300
2735500
2748800
2758400
2763400
2769900
2777300
2787700
2798500
2804100
2808600
2819600
2824000
2833800
2837200
2848600
2852700
2870000
2889500
2895000
2897900
2909200
2920100
2936500
2944200
2949800
2959200
2969100
2993800
2997500
3007000
3013900
3023800
3028100
3037900
3043000
3046500
3059200
3072100
3080700
3093100
3097700
3100800
3110900
3114400
3118900
3130800
3139600
3144400
3154000
3160600
3167800
3171300
3176500
3192200
3199300
3224100
3227300
3235900
3250900
3254200
3265900
3270900
3274300
3295300
3300100
3306600
3329300
3343600
3347800
3352900
3356500
3374800
3378700
3392400
3396000
3401000
3402000
3419400
3429900
3445700
3452900
3456700
3483400
3487500
3500200
3512300
3524800
3536500
3544000
3556500
3586300
3591200
3593700
3597000
3612400
3622300
3626300
3644500
3653700
3660100
3675200
3680800
3695800
3706600
3709600
3713000
3716400
3719500
3734800
3744000
3748400
3755800
3760900
3776300
3781100
3788900
3798000
3810200
3821900
3824900
3839300
3842900
3852500
3873300
3883200
3890700
3903500
3909700
3914500
3930200
3935300
3938900
3958000
3970500
3986700
3989900
3997300
4002100
4009000
4015200
4032800
4036500
4039300
4044100
4047200
4057500
4065800
4072200
4079000
4083700
4092900
4102300
4115800
4119200
4124600
4131000
4136400
4143800
4159900
4162900
4178500
4189300
4193100
4201900
4219400
4230700
4233600
4257800
4262100
4272400
4276200
4279600
4300100
4310000
4318100
4338000
4342300
4345800
4352600
4358900
4365500
4366500
4370000
4376600
4394600
4400600
4401600
4414700
4426400
4442100
4446000
4451300
4452300
4460000
4466700
4481800
4487800
4493300
4514500
4517700
4522000
4527900
4538200
4543400
4552200
4557200
4579700
4591200
4599100
4608600
4631500
4639100
4649800
4653400
4662100
4674500
4680100
4690600
4694700
4714900
4729100
4735600
4744600
4752400
4764200
4768000
4781200
4792000
4801400
4809400
4815500
4821900
4825900
4841600
4845900
4852500
4858800
4859800
4878300
4887300
4894600
4901100
4902100
4909700
4913100
4916100
4922300
4930300
4934000
4936900
4941400
4950100
4962200
4991100
4994400
4997700
5004000
5012500
5041900
5054200
5060300
5061300
5075500
5083100
5097200
5112300
5116400
5129000
5132900
5138800
5155000
5168900
5185000
5202700
5217700
5223000
5226700
5232700
5245400
5250300
5255200
5269100
5275700
5279600
5283700
5295200
5299500
5310800
5314500
5322300
5326700
5347400
5353000
5361100
5368300
5380400
5383900
5393500
5400800
5404700
5419000
5434600
5444700
5456000
5459100
5468800
5481500
5485500
5491100
5492100
5498100
5501300
5505500
5515600
5518500
5540700
5543800
5557800
5561900
5566100
5576600
5584900
5589800
5597100
5607700
5617600
5633100
5638100
5644300
5649300
5653400
5662700
5668900
5672800
5680600
5692900
5704200
5717800
5741300
5751200
5759900
5762800
5768200
5771800
5783300
5805700
5812000
5813000
5814900
5820200
5826500
5836200
5842500
5851400
5855600
5861800
5873300
5879600
5886600
5893200
5897400
5901200
5905000
5920100
5944600
5947500
5953300
5960200
5969500
5976900
5985900
5995400
6011600
6018800
6025200
6039100
6044300
6057700
6061100
6071200
6080400
6083600
6094000
6098700
6110600
6121600
6129800
6141500
6151200
6154900
6159300
6163600
6173900
6181800
6191700
6201400
6204200
6221700
6228200
6234800
6238100
6248400
6253100
6257800
6261200
6278700
6299100
6302600
6309500
6315400
6316400
6318500
6324400
6332300
6338200
6339200
6350300
6355700
6363500
6384400
6390800
6394900
6403100
6431100
6447100
6451000
6458800
6464300
6468100
6478200
6485100
6494100
6498800
6508100
6520900
6526000
6539300
6555200
6559400
6569100
6578000
6582900
6589100
6605100
6609400
6616800
6626600
6641600
6654800
6672700
6676100
6684400
6689000
6698300
6701300
6704800
6718700
6727300
6731200
6750300
6758500
6761300
6769100
6773100
6785100
6790000
6808700
6812000
6833300
6841300
6853200
6863900
6880200
6894600
6898400
6908700
6918800
6923700
6938300
6941400
6976500
6984300
6990300
6995100
7015900
7031300
7040900
7044600
7052500
7057100
7067300
7070600
7076000
7082900
7093400
7103400
7107800
7113500
7126000
7129700
7134800
7144800
7148700
7154300
7159800
7166600
7177600
7188100
7196700
7200700
7211400
7221800
7228900
7237500
7247000
7253500
7254500
7259400
7263900
7279800
7284100
7286600
7295100
7303200
7307300
7315700
7328500
7335600
7346400
7353200
7357900
7366300
7384600
7388000
7398900
7406900
7437300
7441700
7445700
7450900
7451900
7455300
7465000
7469700
7491500
7496500
7502900
7509600
7529800
7536400
7544500
7557600
7570700
7589400
7592300
7599200
7610700
7623200
7639500
7649200
7658600
7662800
7697100
7700200
7704400
7711700
7717000
7721600
7736100
7738800
7741600
7753100
7758400
7771500
7776400
7780100
7802800
7806200
7815600
7823800
7843100
7850700
7858500
7869600
7880800
7894600
7902100
7906700
7911600
7924600
7927900
7933900
7942200
7945600
7955100
7964400
7975000
7981900
7986300
7998700
8011400
8026700
8030600
8034400
8039700
8044500
8048900
8061700
8064700
8076200
8088700
8116700
8121000
8126700
8132200
8136500
8142200
8147600
8154000
8157700
8165700
8169000
8175300
8209200
8213500
8218300
8221900
8224800
8233400
8253200
8261300
8265900
8277600
8288900
8304600
8314100
8322800
8326500
8334900
8344600
8351100
8363300
8379600
8387400
8395600
8409200
8423100
8435900
8445900
8453400
8464600
8477600
8480700
8484000
8487800
8500200
8511700
8515200
8522300
8527000
8533300
8537700
8548000
8556500
8559800
8564300
8568400
8574900
8588100
8594700
8614500
8625000
8630100
8637600
8646200
8654200
8658000
8668500
8673800
8689400
8692600
8697400
8698400
8707000
8710300
8726100
8735600
8775000
8777900
8787200
8793000
8794000
8797800
8803800
8814100
8821000
8838600
8852300
8856300
8862900
8870000
8873800
8880000
8903600
8912600
8919300
8929600
8934400
8943000
8947700
8952400
8955700
8962600
8970700
8975400
8998400
9004100
9005100
9022800
9034500
9039800
9047200
9056800
9060700
9063500
9072300
9086200
9090800
9104600
9122100
9131300
9135100
9144800
9149000
9164800
9171200
9184000
9190700
9206600
9220200
9225800
9235500
9241500
9250400
9258500
9276100
9292700
9301500
9314000
9325800
9337800
9359600
9365500
9366500
9377700
9382800
9396000
9424800
9432400
9443200
9448600
9452600
9460100
9468500
9471900
9479600
9483600
9495700
9511200
9514800
9518000
9525300
9537000
9544700
9559900
9577500
9582500
9595000
9599800
9604800
9617000
9626800
9633300
9640900
9667100
9680900
9691100
9714000
9726200
9752400
9767300
9773600
9780200
9786000
9787000
9791400
9794900
9798200
9803400
9804400
9808200
9814500
9819700
9830000
9847300
9851800
9856700
9867800
9871900
9884700
9889300
9907400
9910800
9913800
9924700
9928300
9934200
9937100
9954500
9963800
9976300
9982100
9987900
9992500
9999200
10078700
10113700
10128100
10152600
10183800
10224000
10259100
10271300
10287100
10416300
10461000
10476800
10598500
10643100
10651600
10660100
10701000
10703800
10732100
10785000
10827700
10853800
10871100
10920300
10958800
10962000
11002600
11006900
11041400
11130800
11142100
11156100
11170000
11179300
11208500
11228900
11282000
11306000
11391000
11415400
11430700
11518200
11582800
11620100
11672500
11731200
11779300
11799800
11810100
11822300
11830300
11846500
11859400
11870300
