# OFFOEL
# duration (msec): 1000
# repetition number: 1
5600
10300
13100
15700
24200
28900
37100
40800
45500
50500
59700
62500
67900
74700
79900
85600
88600
92600
103700
106600
117700
128000
133700
143600
146300
148700
152500
155100
158200
170300
181200
185100
189700
198500
201300
207900
211600
215400
218100
221200
230600
242600
253800
260100
264500
268000
275100
284000
289200
299100
302800
305700
310800
314600
327000
336600
341900
344600
351500
360700
368500
371400
374000
386000
396100
398900
402400
405600
412200
417400
420300
424800
427800
430400
434600
440700
455400
458100
461300
463600
467600
474500
478900
481500
486600
495700
502100
514000
528100
535600
548300
552900
555900
560000
563200
579400
583500
585900
588600
593300
594300
605500
610600
613800
616500
625800
628700
632600
635400
643700
653600
659000
669300
672400
675200
677600
681800
688200
691000
703800
706800
710900
715400
718300
722800
728400
739700
747600
753300
758400
769400
789600
794600
799900
803400
808500
809500
812500
823200
828200
834400
842800
848700
851300
856900
859800
863500
866200
868900
873800
881900
891800
899500
903800
912100
918100
928700
935300
937900
940500
957200
960000
965400
966400
971200
974900
978400
985900
1001700
1004600
1008200
1013900
1024200
1029400
1032100
1055400
1064700
1069900
1073100
1079400
1087000
1093900
1097000
1112300
1118900
1127900
1133100
1136500
1142100
1145200
1151900
1155400
1158500
1176200
1183200
1186300
1191800
1198100
1210600
1220700
1224400
1233500
1238700
1241600
1244800
1250600
1255100
1258000
1267000
1272900
1275900
1285000
1289700
1292300
1295900
1302600
1310600
1316700
1323800
1338000
1343900
1354300
1363500
1377100
1382100
1389200
1392900
1396600
1399500
1404600
1411300
1419200
1430000
1450100
1454000
1466300
1473700
1477900
1481200
1486200
1489200
1499100
1511100
1516000
1532000
1542000
1544900
1548900
1552700
1555800
1586500
1592200
1594700
1608000
1615700
1626700
1632500
1635600
1638600
1641200
1649900
1655800
1659700
1662700
1669100
1678000
1681000
1684200
1691200
1698900
1704600
1707800
1714500
1721300
1727900
1733800
1737000
1741000
1743800
1755800
1758600
1778600
1781900
1787800
1795100
1799200
1803200
1813500
1821200
1826700
1833200
1843000
1852200
1868200
1876700
1883800
1888500
1892800
1899100
1903300
1911100
1914700
1930100
1934000
1937000
1948700
1959700
1963300
1970200
1982600
1987500
1995200
2001700
2015400
2022400
2028900
2033200
2036600
2045400
2051700
2056000
2063300
2067300
2071500
2077700
2082700
2086000
2093300
2099100
2105100
2109200
2113600
2116500
2131200
2134400
2137100
2140500
2162200
2169700
2173200
2177700
2181300
2184100
2194000
2210200
2213200
2229100
2235100
2240700
2244200
2255900
2258900
2265500
2276900
2282400
2287100
2294100
2297300
2301800
2305000
2311400
2314800
2319200
2326500
2340700
2346100
2356500
2370300
2373500
2376700
2382600
2387300
2392100
2400600
2408800
2401600
2412500
2416500
2428300
2433900
2440600
2453700
2458900
2463500
2479800
2489000
2492700
2496700
2499400
2510300
2514100
2518700
2526200
2532100
2545600
2554500
2562400
2572500
2577700
2586200
2593400
2599200
2602400
2606200
2612700
2624000
2627000
2632200
2638000
2648000
2655400
2662100
2670600
2675300
2680700
2692200
2697100
2699800
2702900
2712700
2723200
2738900
2749300
2752600
2755700
2760100
2768100
2770900
2775700
2789000
2795900
2798900
2807800
2816100
2822700
2825300
2831100
2836900
2840200
2843300
2848000
2858500
2861700
2870000
2877600
2880300
2886000
2891100
2896100
2913400
2925300
2930900
2936400
2939400
2942100
2946400
2956400
2963000
2967800
2981500
2984700
2995600
2999200
3004900
3013400
3025200
3028400
3033900
3037100
3040500
3043700
3054400
3064600
3080000
3088900
3091500
3094900
3097600
3101800
3112400
3115500
3120800
3133300
3143300
3152500
3158900
3163800
3166700
3170700
3178400
3187100
3195900
3199600
3211700
3228500
3231500
3234800
3237700
3241100
3248900
3254000
3260900
3270500
3276700
3280200
3283800
3289200
3294600
3306500
3321800
3338000
3341600
3348800
3352500
3356400
3360900
3366800
3375100
3383700
3390400
3397300
3400400
3403200
3407100
3420900
3423900
3429800
3449200
3454800
3466900
3475200
3481200
3492600
3500700
3506200
3510700
3515600
3519100
3537000
3543500
3546700
3553200
3556500
3561700
3570600
3573300
3578100
3586800
3590300
3595500
3609100
3620100
3624300
3633100
3642500
3649100
3661200
3672400
3677900
3686200
3689100
3709000
3712600
3723300
3729200
3744400
3748500
3753900
3757200
3761400
3766500
3770400
3773000
3776000
3786100
3792500
3802300
3806100
3809100
3814900
3819300
3822000
3834500
3842500
3845400
3854600
3859700
3864000
3877300
3880800
3885100
3890000
3894000
3899100
3902100
3907300
3920100
3925700
3930900
3940200
3948400
3955900
3961800
3968900
3974500
3984600
3990500
4000500
4004800
4008900
4012000
4017600
4029000
4043000
4046400
4050500
4056500
4064000
4066900
4072100
4076000
4083900
4087100
4090000
4096700
4102000
4109300
4115700
4120500
4127200
4131500
4162900
4168800
4175700
4180700
4186300
4190800
4199000
4203400
4212700
4216700
4224100
4226700
4229400
4232800
4237800
4245500
4250200
4262900
4266700
4280200
4287300
4293000
4297500
4303900
4313900
4317500
4321100
4324500
4328700
4331600
4347500
4370500
4376300
4392000
4394800
4400000
4404600
4408000
4414500
4425000
4428700
4431700
4435100
4442200
4446500
4453200
4457400
4468700
4474300
4478200
4484800
4489700
4497800
4501300
4506700
4509300
4523300
4526500
4534000
4537300
4540000
4542900
4557100
4563300
4574300
4588000
4592000
4595200
4599400
4603600
4611000
4625700
4639800
4642700
4650600
4658800
4663000
4671100
4673700
4684900
4698500
4705400
4712200
4715200
4728400
4732000
4739600
4742500
4745300
4748400
4753700
4759600
4771900
4783900
4791600
4794700
4802000
4807500
4810600
4816500
4822100
4829300
4834000
4847200
4851100
4860400
4870800
4877500
4882200
4884800
4888800
4894900
4900300
4908200
4911300
4924400
4927500
4931900
4935000
4966900
4976200
4980400
4985300
4988900
4995100
5000700
5003200
5017300
5022700
5025500
5032300
5035100
5043000
5057000
5059700
5072700
5083000
5087300
5090100
5093400
5096900
5104500
5110600
5113300
5116300
5137500
5141500
5144600
5155200
5158400
5165600
5172700
5181200
5184300
5199000
5205300
5211300
5216300
5223000
5228200
5235000
5242900
5246200
5257000
5264600
5276400
5279400
5285100
5288600
5293800
5300900
5304300
5324600
5327800
5332800
5347600
5353300
5363200
5366300
5371100
5384700
5395300
5400100
5404400
5415100
5420800
5427100
5432600
5436500
5439400
5450100
5453600
5458300
5461100
5468900
5474700
5477500
5481000
5496000
5499500
5512000
5517000
5528500
5531300
5538600
5542600
5559500
5562500
5567800
5572900
5577000
5584400
5590000
5616100
5633500
5637700
5644000
5646900
5650300
5654000
5659900
5665300
5679100
5686600
5689600
5693000
5703800
5706800
5710600
5730400
5737200
5749800
5755300
5758100
5762900
5769700
5772500
5784400
5792300
5800400
5803300
5808800
5812100
5818600
5827500
5831600
5834600
5842300
5845600
5849100
5851700
5861000
5864000
5868200
5871500
5874200
5884200
5892300
5898200
5905900
5915600
5919900
5922600
5926100
5929000
5932900
5938300
5950200
5960300
5963300
5990500
5994500
6000700
6007200
6010600
6029400
6036000
6051000
6055100
6062000
6065600
6072200
6076900
6082400
6089900
6094700
6097500
6102000
6108300
6112900
6120700
6124400
6146500
6150300
6161000
6163700
6171000
6174500
6183300
6189000
6191700
6198000
6205100
6207900
6215600
6220300
6223500
6241800
6247000
6250000
6256300
6267600
6270500
6273700
6276400
6295300
6301400
6305100
6312500
6315500
6327800
6334800
6338200
6343100
6347200
6350000
6371300
6381800
6387300
6400300
6403200
6406500
6415800
6420300
6423800
6426500
6429800
6436600
6442200
6452800
6456000
6466400
6471200
6477400
6480200
6489800
6504200
6523600
6537200
6542700
6549200
6552700
6556600
6559200
6563800
6569400
6572900
6577600
6581100
6586400
6595300
6598300
6609400
6613300
6617400
6630000
6633800
6636800
6640200
6643400
6654500
6658700
6678000
6685900
6688700
6693300
6698900
6703700
6710300
6719900
6727300
6734300
6751500
6755700
6765000
6770100
6781800
6784500
6788100
6792500
6795800
6799100
6802900
6809400
6813200
6821800
6832000
6838800
6841800
6850600
6853400
6863200
6871500
6874500
6877900
6881500
6893900
6896900
6907900
6911900
6919800
6930900
6934400
6938100
6941000
6944500
6955500
6961100
6979600
6982500
6989100
7000200
7003800
7007600
7011000
7016400
7022200
7025200
7028900
7032800
7051000
7063600
7066400
7069500
7075300
7078800
7091100
7106900
7111100
7119400
7127400
7130500
7140600
7143600
7152000
7155600
7159100
7172100
7176800
7192400
7197100
7203400
7209200
7216400
7225000
7230200
7235800
7238900
7243900
7247000
7250600
7255100
7258900
7262500
7278200
7295300
7300800
7308100
7313800
7321000
7325000
7336400
7341600
7346800
7351600
7357200
7362500
7366800
7371300
7374400
7378200
7384800
7390600
7394900
7405400
7408300
7419300
7427800
7449800
7454900
7461700
7466100
7474400
7480200
7486900
7498900
7503700
7513800
7518300
7521700
7525200
7533300
7540600
7544900
7551700
7558000
7563100
7566000
7572600
7576600
7591800
7594700
7599500
7603900
7616100
7621100
7628000
7631100
7640500
7643500
7649300
7657400
7665800
7672200
7681800
7686900
7693700
7700500
7706900
7713600
7716900
7720900
7726700
7734000
7744000
7747500
7753600
7758600
7764900
7781100
7786300
7790800
7806900
7814000
7818300
7822600
7829000
7832900
7855600
7860100
7862600
7865100
7867500
7871600
7895600
7901000
7908100
7912700
7915800
7918500
7922100
7928400
7933100
7938800
7942400
7945300
7948700
7952500
7958300
7967300
7973600
7979000
7984100
7989100
8013800
8016600
8021900
8025100
8028100
8033100
8045600
8053400
8063300
8075400
8081400
8085700
8089600
8092300
8098900
8102500
8106400
8109600
8120800
8127900
8136000
8139700
8152100
8155100
8160300
8169900
8175400
8181200
8191200
8196400
8205000
8208000
8212700
8216600
8228200
8241000
8246500
8252100
8261900
8274000
8288200
8293800
8296600
8303400
8307100
8309800
8324200
8327500
8331000
8346000
8352100
8357700
8360700
8368300
8385600
8388700
8391600
8395700
8401200
8412300
8416700
8419700
8422600
8438500
8457800
8460600
8478200
8481900
8485000
8489200
8496900
8500000
8503600
8511300
8518100
8522300
8526600
8535500
8555200
8558200
8568000
8575000
8578900
8583300
8588100
8591300
8593900
8596900
8606100
8612500
8619900
8624600
8628200
8637900
8658000
8660900
8666400
8670200
8675000
8679700
8683300
8692200
8698000
8701200
8705000
8711500
8724400
8731200
8733900
8744200
8750200
8753200
8759800
8765500
8772000
8781200
8784100
8796700
8809500
8815500
8818500
8823300
8826100
8830000
8839000
8842700
8846100
8853000
8860500
8866800
8872000
8890300
8894700
8917200
8920500
8924400
8928800
8931800
8935700
8944400
8947300
8962800
8965700
8970000
8973500
8987500
8994600
8997600
9000900
9005100
9008100
9011900
9017800
9039000
9047900
9050900
9054400
9059900
9065100
9068700
9071600
9081800
9097700
9102400
9108600
9116200
9119200
9122500
9132800
9136200
9145600
9149500
9160200
9176600
9180600
9183800
9189200
9194700
9197500
9200600
9206700
9209400
9213400
9216400
9227700
9235100
9238000
9241100
9248900
9251800
9257400
9264500
9267800
9275100
9286000
9288700
9292500
9297400
9304300
9308000
9311200
9314800
9338300
9348000
9350900
9363100
9369200
9371900
9375600
9386800
9393800
9397300
9402900
9407800
9410700
9414700
9420600
9423500
9429100
9435900
9450500
9462300
9466200
9476200
9479100
9485300
9492300
9497600
9512000
9516900
9523500
9532300
9555800
9563800
9577700
9587300
9591100
9598000
9604300
9611500
9618400
9628700
9632600
9644300
9647200
9664100
9666900
9682000
9686200
9692100
9695200
9701400
9709200
9714400
9728700
9731800
9737200
9740500
9746700
9753100
9765700
9768600
9780500
9791700
9795300
9800000
9812300
9822000
9825000
9833200
9847000
9859100
9862100
9874000
9876900
9896500
9899600
9910600
9913500
9916700
9922900
9927500
9933600
9940000
9944600
9947900
9955400
9963100
9966000
9976700
9979500
9998300
10001200
10073200
10198900
10375000
10473600
10494500
10574900
10629900
10668200
10676800
10677800
10721000
10752600
10757900
10906100
11262400
11293600
11331700
11365200
11488900
11565400
11671000
11703900
11745100
11766900
11855700
11869300
11877300
11883800
11922100
11939600
11977000
11999900
