# repro call number: 0
# mode: 3
# signal: 2
# stimulus file: /extra/setup/oel/stimuli/receptorInfo/gauss_st6_co100.dat
# carrier freq (kHz): 2.5
# stimulus length (msec): 1000
# pause between stimuli (msec): 700
# length of ramp (usec): 1000
# desired firing rate (Hz): 100
# standard deviation (dB): 6
# cut-off frequency (Hz): 100
# repetition number: 0
# duration (msec): 1000
# intensity (dB): 83.4722
10100
11600
18200
20600
22800
25100
45700
58900
61300
63800
75300
78900
81500
84200
96400
102000
104800
107300
118800
129900
135900
138500
141100
150100
152800
173000
180500
192100
210900
212100
225900
270700
284200
287400
293800
296800
299300
302000
314400
320500
337600
344900
353900
364400
373000
376300
382200
385000
405700
408600
424400
430900
433600
436200
441100
452600
456500
464900
486300
489000
492000
504200
519700
522900
531300
543700
553200
556100
567200
576600
588900
604900
607700
613900
619200
627100
661100
665500
668500
679200
691700
695300
711700
717700
720600
723900
727300
731500
744100
747400
750200
755700
759500
771000
792400
796300
804300
824900
829300
853200
856200
864200
874800
885500
889000
897500
901600
918300
922200
925200
976700
979400
981900
990100
1002300
1013200
1016400
1026400
1036900
1043600
1046200
1049000
1079900
1082800
1086600
1091900
1103400
1106100
1116400
1126400
1129200
1138100
1140900
1150700
1160000
1170200
1172900
1184700
1201900
1212200
1214900
1225200
1238000
1248700
1251700
1274800
1278500
1282000
1302600
1306700
1319600
1322500
1332800
1336200
1343700
1347400
1366700
1370000
1383000
1396000
1407800
1422000
1430000
1450200
1463900
1473800
1477100
1495400
1498100
1510900
1514600
1517700
1557000
1574300
1577200
1580000
1583500
1595400
1598100
1611000
1624200
1644800
1647400
1651600
1668200
1675100
1684600
1696100
1699000
1742700
1746500
1752600
1756200
1766200
1769200
1787600
1794100
1797400
1805300
1808400
1827100
1829900
1856700
1859800
1889600
1897900
1900500
1908600
1911500
1921700
1950300
1958500
1961900
1975600
1979400
1998200
2001000
2009700
2021300
2025200
2032900
2038600
2061400
2064100
2072900
2088000
2095000
2098100
2111400
2114500
2118000
2128900
2131700
2141000
2149700
2172800
2184000
2186900
2208800
2216200
2219700
2240300
2253700
2268800
2272000
2279000
2290400
2293300
2299300
2308100
2310700
2313400
2321900
2325500
2341700
2344700
2363000
2366300
2391100
2394300
2404700
2417400
2430000
2438000
2440900
2443800
2466000
2470000
2484900
2498200
2514700
2525000
2528100
2540800
2553500
2556900
2581200
2587700
2601200
2605200
2625400
2628500
2631700
2640600
2648000
2657600
2660500
2663500
2671800
2680900
2683900
2697700
2713000
2716300
2733900
2744700
2747600
2750800
2754000
2757700
2761400
2774300
2793100
2813900
2816800
2839600
2843200
2855200
2858600
2896300
2899100
2909300
2912400
2923200
2946300
2950900
2962200
2964800
2968500
2978100
2980800
2983400
2990900
2995700
3004400
3012500
3015600
3023900
3030900
3034800
3044300
3081300
3095500
3098700
3113800
3124400
3127400
3168900
3173800
3183000
3185800
3189500
3196400
3207500
3210300
3222300
3233800
3247100
3250400
3281400
3284300
3311000
3336800
3339900
3342900
3353400
3358500
3377900
3399700
3412600
3418800
3442000
3445100
3463900
3485900
3489700
3492700
3496100
3505200
3511400
3514400
3547000
3550300
3553000
3564700
3567700
3577400
3580500
3588200
3614700
3646200
3658900
3672900
3679100
3692700
3696300
3708700
3711600
3725100
3727800
3732400
3736600
3749400
3760800
3764100
3767600
3775300
3787200
3799400
3811300
3830400
3833200
3840700
3853300
3864000
3875700
3878900
3892800
3896200
3910500
3913600
3926100
3929000
3939700
3965200
3968400
3976300
3979000
3981600
4000900
4007000
4019000
4021800
4031100
4044600
4054900
4057600
4062800
4067900
4079800
4087900
4090900
4140300
4143000
4145700
4149800
4182500
4203300
4221300
4224000
4233200
4236400
4244200
4247400
4258000
4261800
4265500
4286700
4289500
4293200
4305800
4309800
4341100
4352200
4357200
4360500
4373000
4380900
4400200
4403600
4416200
4430600
4434900
4444000
4449300
4456600
4480400
4484200
4489300
4492200
4494900
4515400
4518300
4531800
4535600
4538600
4542000
4565300
4568100
4571500
4579400
4602600
4612600
4615400
4635300
4638200
4642700
4672900
4676100
4688800
4691700
4702200
4706600
4711200
4718800
4731100
4740200
4743100
4752600
4763000
4798100
4809900
4819100
4824400
4832000
4835600
4840300
4873900
4876700
4884400
4903800
4916200
4924600
4927100
4932800
4961200
4989500
4998300
5001300
5030600
5033300
5036100
5042900
5046800
5060200
5072400
5080600
5099000
5102000
5105100
5126200
5129500
5132000
5135200
5144800
5157500
5165000
5193800
5196800
5203200
5220700
5223600
5227100
5233900
5236800
5247000
5250400
5266500
5279200
5282400
5294900
5298300
5307800
5316200
5321500
5324800
5338000
5341000
5344900
5351000
5370900
5395100
5398300
5400900
5412400
5425300
5429600
5445300
5448600
5457500
5467400
5470600
5477600
5480800
5514100
5517500
5525500
5537700
5560500
5570900
5582100
5588300
5591900
5594700
5597400
5600800
5613700
5625400
5641500
5645500
5648800
5652000
5675900
5680700
5687000
5697700
5707000
5710800
5738700
5751100
5754400
5779100
5783500
5787300
5790400
5803200
5824600
5827500
5849000
5851800
5876200
5890600
5904000
5915100
5922700
5925300
5928200
5937500
5949100
5957400
5986800
5989700
6012600
6016200
6019500
6028700
6031800
6034700
6042400
6046000
6049500
6053100
6056000
6063000
6079200
6082300
6090400
6118100
6130900
6140500
6170100
6172900
6175800
6189100
6192100
6195000
6236700
6247300
6250100
6260400
6263200
6266500
6276000
6278900
6283100
6292200
6301900
6304900
6309000
6346000
6359000
6377500
6381200
6392400
6395400
6414600
6427100
6450300
6453500
6467000
6471500
6475500
6483400
6486300
6500300
6510500
6516300
6543100
6545900
6555600
6559000
6576100
6624800
6627900
6631200
6659300
6662500
6683900
6688000
6693400
6705700
6708600
6728700
6731700
6748500
6752100
6764900
6775600
6778700
6782900
6810500
6813700
6822800
6833900
6849300
6853000
6865800
6876100
6879000
6899200
6904900
6916000
6918900
6922000
6950800
6954400
6964900
6967800
6988900
6992700
7007300
7010300
7017800
7020700
7023900
7032100
7035400
7044400
7053800
7063800
7068000
7094700
7097700
7105900
7123600
7126900
7130000
7135800
7158200
7180400
7208600
7211500
7221300
7224300
7244900
7257500
7266400
7269300
7273200
7295800
7298800
7321300
7325100
7334400
7337100
7340400
7347800
7360200
7366800
7380600
7432700
7440000
7455900
7458700
7468200
7471300
7494000
7498000
7501000
7504000
7508700
7542500
7574500
7591300
7593800
7596900
7605200
7612200
7615600
7625600
7628700
7645900
7648900
7651600
7662200
7667300
7687100
7692700
7695700
7699200
7712800
7716000
7718900
7722800
7728300
7740200
7749300
7762400
7775900
7792600
7806300
7809900
7820300
7823200
7836100
7840800
7864900
7875400
7878100
7881100
7896000
7918800
7921500
7933100
7957800
7970000
7973000
7975700
7979500
7982700
7987000
7991300
8012600
8024600
8038900
8042100
8044900
8048200
8052900
8056500
8079500
8082300
8085400
8124900
8128000
8140600
8167500
8170400
8183700
8186900
8198200
8207000
8210000
8228800
8232300
8235600
8239600
8259600
8269500
8274700
8283000
8287500
8295000
8325200
8328100
8359000
8361900
8369400
8372800
8377600
8383500
8395700
8407400
8415900
8427600
8430300
8440100
8451900
8464100
8473500
8476500
8489600
8493200
8516800
8521000
8524500
8536000
8539200
8547600
8567300
8570400
8580300
8583900
8598700
8608500
8611300
8621100
8638800
8643200
8650300
8653200
8661900
8674400
8685000
8688500
8702000
8714300
8728700
8736300
8744900
8761800
8766900
8769700
8772800
8784500
8800500
8803600
8825300
8828200
8831500
8862200
8867700
8870800
8890600
8894200
8912300
8915000
8923200
8934200
8939200
8946900
8962900
8965900
8969400
8973000
8976700
8989500
8998400
9022400
9025200
9028600
9048100
9068800
9080000
9083400
9086200
9089900
9110100
9113400
9123100
9128000
9133800
9140400
9151800
9155100
9163700
9183200
9186000
9190300
9200800
9204000
9213500
9228200
9230900
9234000
9248100
9253000
9261500
9265500
9273900
9283400
9287100
9301400
9313500
9318300
9326900
9355400
9363300
9373900
9388200
9391200
9394000
9399600
9418100
9421200
9424200
9432900
9444700
9463900
9467000
9495600
9512500
9515400
9527300
9543300
9547000
9557500
9588000
9600100
9617600
9639700
9643100
9646000
9649100
9657700
9660700
9686100
9699400
9706200
9709000
9717300
9739200
9742100
9765900
9768800
9779600
9783300
9790400
9794500
9811800
9824600
9835300
9848700
9852800
9862200
9864900
9869700
9890800
9915700
9943700
9948400
9953900
9962200
9975700
9988200
9995100


