# repro call number: 0
# mode: 1
# signal: 2
# stimulus file: /extra/setup/oel/stimuli/receptorInfo/lmd_co200.dat
# carrier freq (kHz): 3.5
# stimulus length (msec): 1000
# pause between stimuli (msec): 700
# length of ramp (usec): 1000
# desired firing rate (Hz): 100
# standard deviation (dB): -1
# cut-off frequency (Hz): 200
# repetition number: 0
# duration (msec): 1000
# intensity (dB): 78.3333
6700
9400
12200
15600
18800
21800
26600
33900
36700
40300
47800
52500
63000
66500
78800
83800
88400
92500
95900
119100
124500
130200
136000
143400
146900
160900
171500
175200
180000
194100
207800
217800
231500
246000
252500
258700
271100
281100
292400
308300
314100
318400
323700
328300
335800
345700
351700
358700
364400
372900
379600
385600
390900
395900
404600
417100
425600
431500
445500
456400
462100
466200
473200
476700
493800
499300
506800
512400
522800
528600
536900
543500
550100
566000
582500
590000
603100
610600
614600
621100
628200
634200
644200
654000
669900
682200
689500
694000
699600
709500
715700
728500
739700
744800
749600
757300
772200
776200
785300
790400
795700
802000
817700
827300
837800
848700
872400
876500
883300
897300
907400
916200
928300
938400
946400
955600
961800
967800
981200
1000100
1009100
1016800
1036000
1039900
1043800
1050500
1061200
1069200
1081500
1092500
1110000
1115700
1119500
1138200
1143800
1153600
1160200
1165700
1176500
1196800
1209900
1213800
1218000
1244500
1260700
1273500
1294700
1308600
1317000
1322400
1333400
1340600
1347300
1357900
1369100
1386000
1399900
1426500
1435300
1444400
1457700
1461600
1471500
1478900
1486900
1497900
1507500
1513400
1525900
1532600
1537400
1542900
1549300
1553200
1564800
1580100
1591400
1599800
1617100
1624200
1633700
1641000
1656600
1662000
1674000
1685400
1696800
1705400
1709700
1721800
1735900
1741700
1749000
1759400
1768400
1790500
1801800
1807000
1826400
1838000
1845200
1858000
1862700
1889700
1895700
1901800
1922500
1935300
1940700
1948700
1955100
1968400
1974300
1982500
2013100
2017900
2029700
2034400
2043400
2049900
2055500
2061300
2080600
2095700
2110700
2116000
2121600
2129400
2139100
2146700
2154100
2174800
2178900
2191300
2196800
2201100
2209000
2216500
2226600
2232200
2250600
2271800
2281500
2292900
2302200
2306500
2311600
2322000
2329800
2339700
2344800
2358500
2362000
2374100
2384300
2401000
2407500
2420900
2427200
2441200
2452300
2464500
2475500
2483600
2492700
2498500
2504200
2522300
2528500
2534000
2549100
2554500
2565800
2572300
2593600
2603100
2609300
2623500
2640700
2647100
2651300
2673200
2684600
2689400
2696600
2723200
2737600
2767700
2774000
2782200
2793900
2809800
2814500
2829300
2848700
2864700
2879600
2886600
2897400
2909800
2922600
2933700
2940700
2955400
2962300
2971500
2980400
2989100
2994300
2998700
3012500
3018300
3035000
3047100
3054200
3067200
3074500
3083800
3089900
3100700
3112600
3118300
3123500
3140500
3153200
3168200
3174100
3179000
3192800
3210500
3233600
3237700
3258000
3267700
3276400
3281600
3290100
3298300
3310800
3328400
3338200
3344100
3352900
3378200
3388200
3394400
3404200
3422000
3425600
3430000
3444000
3464400
3468700
3486800
3498600
3507100
3514000
3525700
3535700
3547000
3554600
3563300
3575100
3593500
3603900
3611200
3615900
3621900
3631000
3642700
3652200
3659300
3676000
3689100
3694700
3711400
3727200
3742900
3751100
3754900
3764900
3777100
3782100
3789900
3793800
3814400
3819300
3825300
3835800
3850000
3855300
3881900
3886900
3890900
3904700
3920600
3933900
3937600
3946900
3963100
3970500
3980800
3989700
4003400
4009200
4028400
4035200
4043700
4052500
4062000
4076000
4081100
4099000
4107100
4122400
4134100
4151900
4159500
4165700
4184100
4204700
4213700
4219200
4236400
4253400
4263200
4278600
4288000
4313900
4331700
4335800
4341000
4348500
4371400
4388300
4394600
4401600
4408200
4429200
4434700
4442400
4468300
4478400
4495600
4501900
4514200
4526600
4535900
4541500
4548700
4556500
4579500
4590000
4599000
4612500
4619000
4634000
4640300
4652700
4661000
4674900
4691500
4698000
4725600
4734600
4745400
4762400
4768900
4781200
4788300
4804800
4821500
4825600
4842600
4866300
4873600
4879400
4888100
4901600
4912000
4920400
4931400
4942600
4947500
4953100
4962600
4973200
4985600
4994900
5000200
5010000
5018100
5031600
5057000
5063300
5073900
5078700
5096200
5103900
5111800
5120300
5127400
5139800
5152700
5160800
5167300
5175500
5202900
5208900
5229400
5239700
5249800
5255100
5267100
5275400
5288600
5300200
5307100
5316900
5323900
5332000
5345700
5363200
5369300
5376200
5385700
5401900
5407700
5417900
5427000
5444900
5451000
5462900
5469500
5479100
5506700
5514200
5524900
5531200
5535300
5546100
5553100
5570000
5587900
5594500
5609000
5626200
5631100
5642200
5660300
5667000
5691200
5702000
5710200
5715600
5721600
5731500
5749400
5759500
5783500
5790400
5801200
5814200
5826700
5834900
5844600
5852500
5861300
5875300
5882700
5893600
5899600
5907800
5940000
5948800
5954300
5964300
5971100
5991900
6006800
6017500
6028400
6039700
6047700
6064700
6070200
6097000
6109700
6113700
6121500
6127300
6159100
6170100
6177700
6193800
6198400
6210400
6225500
6234300
6244400
6251000
6256700
6276100
6290400
6297300
6308400
6315800
6330600
6337800
6357500
6362800
6372000
6377000
6381500
6396800
6422500
6429100
6454400
6475300
6482200
6490500
6504100
6513000
6528100
6539800
6558000
6576600
6584500
6589500
6601400
6610800
6616700
6625600
6643300
6654900
6663000
6679200
6684900
6696000
6708500
6720800
6727600
6739300
6758100
6767800
6780300
6799800
6806000
6812700
6824100
6840200
6849200
6863700
6869800
6879900
6899200
6908500
6920600
6930200
6936500
6944000
6955200
6966400
6973600
6979800
7000500
7012100
7029800
7036400
7044000
7050200
7062600
7072900
7080900
7106500
7116500
7127100
7144700
7157100
7161600
7175700
7185700
7201500
7212100
7223400
7236400
7264300
7275000
7280900
7286300
7302100
7311900
7321600
7346200
7355900
7363400
7386800
7398000
7405200
7418400
7425000
7439100
7454000
7460800
7475600
7485600
7498900
7505600
7510500
7517000
7528300
7543100
7560900
7568600
7576000
7598500
7604100
7627500
7635800
7644700
7665200
7675700
7687700
7693400
7704400
7716000
7724700
7736100
7740000
7757900
7765800
7784300
7790500
7802000
7808200
7817000
7834800
7843800
7869900
7877600
7885600
7890800
7899700
7910700
7918300
7940500
7945600
7951200
7967500
7972900
7986400
8005600
8017000
8024300
8033900
8058400
8078500
8085100
8095300
8101000
8106300
8117000
8121900
8142600
8156000
8174400
8200800
8209100
8219700
8226200
8233300
8239800
8252800
8257000
8270200
8279300
8299600
8306100
8312700
8325000
8331200
8343400
8360400
8366600
8373000
8381100
8395100
8421700
8432300
8458100
8468900
8476700
8497500
8509200
8522300
8539300
8545000
8550500
8561200
8569000
8593100
8604600
8611200
8617500
8626700
8650700
8657400
8664000
8669300
8687400
8691000
8706400
8712000
8717800
8740100
8749500
8761900
8773000
8785600
8789400
8797300
8816200
8836300
8850100
8864300
8870600
8877100
8889700
8899700
8917700
8924400
8932400
8948900
8962700
8983900
8989400
9008000
9014100
9030600
9038800
9051500
9056100
9071700
9085300
9106200
9126300
9132900
9145700
9179300
9183900
9189900
9194400
9201500
9206800
9220300
9231000
9237700
9256700
9264200
9278300
9285500
9303800
9311800
9344900
9362400
9368000
9383700
9390500
9396500
9408800
9426400
9431000
9446400
9455200
9460100
9465900
9491500
9499400
9506700
9524900
9531100
9552900
9561600
9566100
9582000
9593200
9601700
9612200
9630800
9641400
9650800
9682200
9704200
9712900
9720600
9742000
9749900
9768300
9774500
9781800
9786700
9797000
9803200
9820800
9832500
9837000
9853400
9858800
9866700
9877400
9885100
9907000
9913600
9923600
9935900
9943700
9967600
9974500
9986400
10001400


