# OFFOEL
# duration (msec): 1000
# repetition number: 1
7300
9900
12700
14600
22000
26000
37300
47100
50700
65900
84800
100200
107500
113300
124600
127700
134900
150600
153900
173100
180400
185500
197800
204200
211500
217500
233100
235900
243900
247000
251900
255600
271700
275700
277400
289800
293700
304400
316800
321400
328400
354800
358400
360800
375300
378100
387000
422100
425100
430800
437100
442000
443700
450300
454400
484700
502200
506700
513000
517300
523700
530700
534700
537300
540400
546900
558700
570400
573900
602400
604900
608400
622400
628800
632900
648200
652600
657400
660800
681600
685700
704600
708300
714100
726300
731400
734300
742800
758700
761400
765200
776600
791200
796100
800300
814400
824300
837800
845600
850400
853300
863200
870300
876100
879600
900500
916300
919400
924300
932200
948200
967900
974300
979600
1025600
1041500
1057500
1067400
1077500
1087700
1110000
1139100
1152400
1160400
1174800
1178700
1182400
1186100
1200200
1206700
1218000
1223800
1239000
1272300
1298300
1303600
1326400
1329100
1331000
1334500
1353000
1364100
1383600
1398900
1402300
1410800
1444400
1451700
1455100
1458800
1471000
1474200
1478300
1490800
1497200
1507900
1513400
1524400
1530800
1549000
1558300
1590400
1600700
1606900
1625300
1629600
1644900
1649200
1663200
1666600
1671800
1682600
1692000
1710600
1730200
1732900
1735700
1762400
1766800
1774600
1780100
1794700
1801200
1806200
1821100
1828800
1841300
1861100
1870400
1873200
1896300
1899200
1906100
1909700
1925100
1928500
1937400
1949000
1973600
1983700
2004100
2016800
2022500
2034800
2058400
2064900
2070400
2075700
2088500
2123900
2135200
2140300
2162700
2172000
2174500
2203200
2208500
2211700
2214600
2227000
2234400
2242000
2253200
2280300
2296400
2301700
2309000
2314300
2320200
2341900
2351800
2369600
2388000
2404600
2410200
2424600
2430500
2442800
2452500
2455900
2464700
2469300
2480300
2491800
2497400
2500700
2505900
2509600
2515600
2540900
2554000
2564200
2576100
2591500
2599200
2615300
2632800
2655800
2662700
2674700
2678200
2713300
2725600
2728400
2735700
2748500
2775300
2786000
2796500
2805800
2826900
2834100
2839800
2844600
2854900
2862600
2891600
2901500
2909600
2921100
2929400
2936500
2946900
2959200
2964000
2967700
3001400
3016800
3039300
3043100
3049400
3055900
3094400
3096900
3104300
3134800
3138700
3150000
3171200
3189600
3195000
3214700
3228200
3264200
3275100
3279100
3303800
3313900
3319300
3335000
3341700
3344900
3350700
3361000
3380700
3401000
3406800
3411200
3422400
3435700
3441400
3450700
3461000
3484900
3500500
3532400
3540600
3552700
3556100
3561300
3564200
3595300
3610100
3617100
3626900
3638600
3649700
3654900
3662100
3678200
3686600
3700200
3705200
3714500
3723500
3743300
3750200
3763100
3781900
3787600
3792600
3798800
3805600
3811500
3824100
3828200
3848000
3856800
3872300
3875100
3882300
3885300
3897000
3908400
3914900
3933900
3954300
3968200
3971700
3977400
3987800
3992900
3997900
4009800
4027800
4034000
4070600
4080900
4098900
4105700
4112400
4118400
4124900
4138000
4144300
4147100
4151500
4169300
4172500
4175700
4194300
4198700
4203000
4215700
4225000
4230700
4248600
4266600
4276000
4286300
4291100
4302400
4319000
4331200
4344200
4349800
4354500
4361600
4375500
4423200
4440900
4453400
4456500
4476400
4493200
4509900
4517100
4521100
4526100
4529400
4541200
4546500
4553000
4570500
4587300
4599700
4608400
4646000
4651600
4665900
4673200
4682100
4695400
4698300
4701700
4731500
4742200
4759800
4762800
4778200
4815500
4821000
4865900
4871100
4882800
4888200
4891600
4901800
4928800
4937700
4957400
4980500
5002300
5019500
5044900
5068600
5078400
5084400
5091200
5096600
5101600
5115000
5118600
5133100
5146000
5163300
5190400
5198200
5216100
5220000
5224500
5231500
5239400
5244100
5258600
5274800
5282400
5302600
5334900
5338300
5342400
5347600
5362100
5367700
5381700
5386500
5394900
5403000
5438200
5452500
5486900
5490200
5508100
5522100
5532400
5558500
5567700
5576800
5593600
5601700
5607400
5619900
5632600
5649500
5653500
5656900
5666200
5680200
5683300
5690300
5695900
5710800
5715800
5732200
5741400
5765100
5777400
5810200
5829000
5837700
5864700
5880000
5887400
5921000
5926600
5936000
5940200
5952300
5963500
5972000
5985300
6007900
6011100
6014400
6016200
6024500
6037800
6067200
6091200
6094400
6099300
6106000
6109200
6114700
6130000
6147200
6162200
6165100
6184700
6207500
6215600
6226000
6240600
6262200
6274200
6302000
6307800
6319800
6323700
6328700
6334600
6338600
6385900
6389000
6394700
6398800
6437000
6445200
6460700
6466900
6471100
6486100
6509000
6526000
6529100
6532200
6542100
6560300
6596100
6615500
6623400
6628700
6637400
6656500
6659600
6671500
6680300
6709800
6716000
6738900
6768700
6772000
6785300
6797600
6800400
6815400
6821600
6837400
6847200
6853500
6861100
6867000
6877100
6880400
6892300
6901600
6909800
6920700
6932100
6955500
6959400
6963400
6974500
6978800
7000200
7003000
7011300
7022700
7038000
7044200
7055700
7070300
7082400
7104800
7119500
7123100
7126200
7134500
7160300
7163500
7166300
7191700
7211500
7224800
7228200
7234700
7238900
7252400
7262200
7267900
7271600
7278400
7306700
7313800
7329500
7333800
7337400
7349300
7353700
7367600
7376900
7388800
7391500
7400500
7415100
7424600
7433300
7436900
7447300
7453700
7464700
7488400
7501400
7509400
7517100
7521200
7544700
7552200
7556300
7588400
7593700
7606000
7609200
7612000
7621800
7630800
7639400
7643900
7660000
7663700
7668600
7677200
7684500
7706500
7709200
7712200
7713900
7733200
7749800
7752600
7755800
7764000
7785300
7806500
7815700
7823500
7827200
7835600
7838500
7852700
7856600
7860000
7869700
7888400
7893900
7903100
7931600
7935700
7946900
7972200
7977900
7980300
7984400
8013900
8016800
8026100
8063800
8083800
8097100
8104000
8121800
8125900
8131500
8148100
8174800
8185900
8207900
8212700
8224900
8240100
8255400
8281000
8288300
8291900
8298500
8318200
8320900
8337000
8347300
8351700
8361900
8368200
8383300
8403600
8414800
8424600
8437100
8441600
8445200
8453500
8483600
8486400
8489800
8491500
8507500
8511300
8517200
8533400
8572300
8576200
8585000
8596300
8605800
8615500
8626000
8630800
8652700
8677700
8681700
8690200
8696700
8713700
8723100
8751900
8756600
8772400
8788600
8794700
8809400
8822400
8836200
8839100
8856200
8860500
8868700
8873200
8881500
8886900
8892800
8919200
8933600
8937500
8949400
8962100
8998100
9019500
9022600
9029700
9051300
9069300
9074100
9077500
9086300
9105600
9113200
9117000
9136700
9139700
9146000
9163000
9176000
9194500
9207500
9210800
9222700
9230300
9235200
9242500
9258700
9270600
9273700
9280100
9296100
9299100
9306600
9313000
9322300
9347700
9358700
9364400
9369800
9379900
9395400
9405900
9417800
9432800
9448400
9457000
9461100
9464900
9467800
9484000
9509200
9518600
9528800
9541000
9563400
9568700
9575900
9592600
9602700
9612500
9618300
9624200
9644200
9652800
9657500
9667700
9686700
9692100
9696400
9704100
9726200
9741900
9758500
9766400
9785400
9799100
9804800
9829200
9837400
9842900
9852600
9872200
9878000
9882000
9898600
9904900
9912200
9915700
9926900
9930800
9936100
9950200
9974000
9984000
9990000
9993700
9997900
10237700
