# OFFOEL
# duration (msec): 1000
# repetition number: 1
7000
9500
13800
15200
16600
25800
29000
37200
41400
47400
52800
55900
60700
65800
69600
79900
82900
86900
93400
104700
129300
131500
135400
146100
148700
157700
160700
184400
187200
193400
200700
203800
210600
214100
217700
220300
228200
243300
246900
257300
263500
269600
286100
289400
300500
303800
306400
308900
315400
337900
343400
353900
362100
364800
369000
372000
386200
388700
397800
400500
405200
418400
421500
428200
430900
441900
445700
457300
461700
464300
467500
472200
480600
483100
489100
497400
503500
514900
517800
531100
539000
554900
557400
559700
564100
566800
585400
588900
590900
611500
615200
617900
628800
633700
636600
660700
663800
673100
676200
678900
683300
690100
705400
708100
715400
718200
723600
730300
741000
743800
745900
748700
759400
770400
791500
794000
797100
802200
805400
814700
824000
836100
849600
853600
858200
865500
868900
893800
897200
904400
907200
929400
932300
938600
941100
958600
962800
969200
974900
980900
1003800
1009700
1024600
1030500
1033300
1055700
1068300
1073200
1080900
1083500
1087900
1090800
1095600
1140200
1153400
1156200
1159200
1192600
1198700
1206800
1213300
1234700
1240000
1244800
1247500
1251900
1256400
1286900
1291000
1294100
1296500
1299100
1303300
1312300
1315000
1318200
1339900
1385200
1393200
1395700
1400300
1412100
1414800
1419700
1432000
1453800
1468800
1478800
1481400
1487700
1490400
1500500
1512300
1517400
1532300
1545200
1549600
1556500
1587400
1594000
1596700
1611000
1628500
1636400
1640600
1643400
1657700
1660700
1664500
1672600
1680000
1692400
1695500
1705900
1708600
1716200
1734000
1739100
1743200
1746100
1757500
1771400
1780700
1805800
1816200
1827300
1833700
1836500
1843400
1856200
1864500
1869700
1886700
1899700
1902400
1915500
1935200
1938900
1951200
1962300
1968400
1972200
2002100
2016800
2019700
2031300
2035500
2042100
2053200
2058000
2070900
2081100
2085000
2100300
2104300
2110300
2115200
2117900
2135300
2138000
2141500
2162600
2172500
2177700
2183100
2193500
2199500
2213400
2237200
2242200
2257600
2266900
2269600
2278200
2281500
2284200
2296200
2305400
2319100
2327300
2346900
2357400
2372300
2377100
2383400
2402200
2412700
2425300
2434600
2442000
2453400
2460800
2481700
2493100
2496500
2499800
2502700
2513000
2519400
2527500
2546100
2562900
2580500
2589100
2592600
2596000
2600500
2603300
2613600
2617000
2627200
2630100
2639300
2649900
2658700
2663600
2675000
2678000
2698700
2701500
2715300
2740200
2743200
2751800
2757300
2769400
2772000
2776200
2779800
2802100
2809700
2812400
2824800
2833900
2838500
2843000
2848700
2851500
2860900
2879200
2891800
2897900
2915100
2931700
2938800
2941600
2947500
2958200
2961700
2968700
2983000
2985900
3004200
3015200
3027100
3044300
3056900
3062200
3090300
3092900
3097100
3134400
3137300
3152900
3164100
3166800
3169500
3188600
3191800
3201200
3212400
3215300
3218100
3231600
3236200
3238900
3249000
3270700
3285300
3291500
3297800
3322800
3339400
3352300
3370000
3379900
3385600
3392000
3399800
3403000
3409700
3424400
3431400
3451700
3455600
3458500
3471500
3477100
3482700
3488900
3495200
3498400
3508000
3518400
3538600
3541300
3544900
3547900
3554700
3557600
3571800
3580700
3589500
3610900
3623000
3642600
3650400
3661100
3664600
3674100
3687500
3690300
3714500
3747600
3751800
3756200
3768600
3772600
3796200
3803700
3809200
3812000
3820700
3836100
3838800
3844700
3861000
3880300
3892100
3900000
3903400
3916400
3922200
3925100
3932300
3956600
3959700
3965400
3971000
3992000
4001900
4006400
4012400
4015700
4064800
4067500
4073700
4078200
4085900
4089100
4099500
4121700
4132200
4135200
4145300
4170000
4176800
4191800
4203800
4224500
4228000
4230500
4234700
4239900
4251200
4263900
4282300
4298600
4302200
4305300
4315300
4322400
4326500
4351500
4370400
4393700
4396500
4402200
4408400
4428600
4432500
4442600
4447900
4454800
4470100
4475500
4485800
4491200
4502100
4509000
4512000
4525700
4539400
4542300
4557700
4564600
4588600
4595600
4600800
4606400
4626400
4641300
4651600
4664100
4673000
4690000
4709800
4715000
4717700
4729700
4741000
4743900
4746500
4755200
4762900
4791500
4796600
4803700
4809400
4813100
4824900
4851400
4877800
4883300
4887300
4896600
4901700
4925900
4933400
4981200
4984300
4989400
4996600
5002400
5005100
5020000
5032600
5035500
5059100
5061900
5074400
5083600
5088900
5093700
5096400
5114100
5138900
5146300
5157500
5160900
5175100
5180500
5194700
5206700
5213800
5220000
5225600
5244500
5257400
5278400
5286300
5289400
5295700
5302200
5326700
5329600
5335200
5349100
5365100
5367800
5372500
5387400
5397200
5421900
5424900
5434100
5438800
5442100
5454000
5460100
5470200
5477400
5482200
5497000
5500300
5519000
5530100
5532800
5545300
5561600
5568800
5571200
5576100
5579200
5645000
5650900
5655500
5662600
5689500
5705400
5708200
5712300
5715200
5732400
5752200
5756500
5759600
5764200
5767200
5771900
5784600
5800100
5804600
5812000
5834000
5843600
5850000
5854000
5863000
5866700
5872000
5885400
5907800
5917600
5922800
5927500
5930400
5939000
5962200
5965700
6008800
6015700
6031100
6037300
6051900
6056300
6066300
6073500
6095500
6098600
6103000
6110200
6122900
6148800
6162400
6173600
6189700
6192800
6200800
6206900
6209900
6221200
6224100
6249600
6266400
6270400
6274800
6277900
6297500
6305600
6314200
6335900
6338800
6345000
6349800
6372000
6402000
6414700
6419500
6425800
6438100
6444100
6456100
6467300
6472400
6478600
6481300
6505700
6510100
6539200
6544400
6550900
6555400
6559200
6562100
6572300
6578800
6584100
6599100
6615100
6618800
6635700
6639200
6644200
6657700
6660900
6689500
6699400
6712500
6721000
6765400
6770500
6783800
6789000
6795600
6798500
6804100
6814100
6840000
6842800
6852300
6855000
6864100
6873600
6879000
6895700
6899000
6909300
6915200
6932000
6934800
6939400
6943300
6982500
6991600
7002900
7008300
7011800
7023700
7026700
7051200
7064600
7069800
7077000
7109500
7142800
7155200
7172900
7176600
7193500
7205700
7216100
7231100
7234300
7244300
7246900
7251500
7256100
7260400
7282300
7302800
7315400
7325200
7341900
7348300
7352300
7355400
7364100
7372600
7375400
7378600
7404900
7421000
7466800
7481500
7488000
7499600
7505100
7516500
7520100
7526500
7535600
7541800
7547000
7553600
7559700
7564900
7573700
7578400
7593400
7596300
7600900
7622300
7641800
7644700
7661600
7682600
7688500
7692900
7701800
7708200
7715000
7718400
7723500
7729100
7747000
7754900
7786900
7792400
7803000
7819400
7823700
7830400
7834100
7856700
7860900
7863700
7866400
7872300
7914700
7918900
7921900
7924600
7930900
7935200
7944900
7947800
7955200
7968600
7983900
7986800
7991600
8015200
8017900
8025400
8028100
8033600
8048200
8056000
8084500
8091000
8093700
8110200
8120500
8123900
8137900
8141200
8146300
8155000
8162400
8171800
8177400
8198500
8206800
8209500
8230300
8243400
8247700
8251700
8262600
8275300
8295000
8297900
8304700
8309800
8312800
8326900
8348600
8359200
8362700
8370200
8387100
8392000
8395900
8419200
8423300
8439900
8479400
8485200
8497600
8500500
8503600
8506600
8557100
8559800
8571000
8591400
8594000
8625100
8638500
8660200
8667300
8680500
8692900
8703100
8714200
8725900
8733700
8744800
8752300
8755100
8761800
8767500
8782500
8785200
8807700
8824600
8827400
8842400
8847700
8863500
8873700
8893700
8919200
8924800
8931100
8936500
8946500
8964300
8971800
8990200
8998300
9001100
9006400
9009000
9018900
9049300
9051900
9056400
9067500
9071000
9074200
9083200
9087900
9117800
9121200
9125300
9148200
9181000
9183700
9197200
9200800
9208300
9211300
9215500
9236700
9239700
9242500
9250900
9258700
9270300
9277900
9288200
9294200
9299700
9309100
9311800
9348000
9351000
9354900
9370400
9373700
9378500
9398700
9408700
9411500
9422500
9425600
9430100
9438500
9451700
9463900
9467200
9478100
9481000
9493500
9518100
9533400
9566300
9589400
9598700
9601900
9613000
9619100
9629800
9635200
9645300
9666300
9685900
9688900
9695800
9713200
9729900
9732700
9741600
9748800
9768700
9781200
9795500
9823300
9834200
9860700
9863900
9875900
9900000
9913600
9916700
9924400
9929200
9939300
9945700
9948800
9957500
9965400
9978100
9980800
9987800
9999800
12084700
