# OFFOEL
# duration (msec): 1000
# repetition number: 1
4600
6400
8100
12600
18800
22900
24700
26900
37000
45500
50400
58000
59800
66900
78700
80600
85500
90800
102700
127100
134700
143600
145500
147300
155900
181000
197400
206600
210300
212900
216600
218500
226600
242000
253500
258300
267200
283500
285500
298500
303200
306400
310600
335000
341500
343800
350700
352600
360100
362000
367500
369500
385000
395500
397400
402400
416200
418100
425900
428000
438700
454400
459600
461500
466800
473200
478600
480400
486600
494900
497100
527300
546500
553100
554900
556800
561900
564500
582400
584600
594000
604600
610000
613000
625000
627600
631100
633400
657800
670000
672800
675100
680900
683100
687900
689900
703000
714500
716300
728600
738700
740600
757400
788700
790600
792400
799500
802000
811700
820700
827500
834000
847500
850000
855700
857800
864200
880900
891000
902400
904400
927400
936100
938100
956300
958300
967100
971100
977500
1000300
1002300
# OFFOEL
# duration (msec): 1000
# repetition number: 2
4700
6500
8100
12300
22600
24400
26100
35700
44900
50300
58500
61300
66000
78800
80900
84900
91100
103500
117400
127200
134000
143900
145800
156200
170800
180400
196400
199200
207700
210500
216200
218100
243100
255100
259000
267000
283600
286100
297900
300000
303400
305500
310800
334900
342000
343900
351000
352800
360000
362000
367200
369300
372100
384100
395300
397100
398900
402200
410700
416400
419000
426200
428200
439700
454600
459600
461400
467400
472500
478500
480400
486900
494900
502200
527300
536200
546900
552800
554800
556600
562600
582100
584000
589700
609400
612700
614700
624300
626900
630900
633000
658000
669700
672000
674600
680600
682800
688600
703100
714400
716400
727500
738900
740800
742600
757300
764400
788800
791000
799600
802100
811700
822400
827500
834000
847500
850200
856200
863300
865100
891700
902000
903900
924300
927600
936400
938400
956900
958900
965200
972000
977400
1000400
1002500
2127800
# OFFOEL
# duration (msec): 1000
# repetition number: 3
4600
6400
8000
11800
22700
24500
28600
36000
44900
48900
51500
58900
65700
78600
80500
85200
91000
93500
104500
127200
133800
143200
145100
147000
156200
181700
185500
197200
199400
208900
211700
216200
218300
242400
254800
266700
268800
283400
285800
298000
300600
303300
306000
311100
334800
341800
344100
350700
352800
360100
362000
367300
369200
372000
384500
395300
397200
402700
411400
416300
418300
425800
427800
454500
459800
461700
466700
473100
478200
480000
486600
488500
495000
501700
527200
542800
547200
552700
554700
556500
562200
564400
582000
583800
588300
609200
612400
614700
625000
631000
633300
658000
660200
666300
671400
674000
676200
681200
689400
702700
714400
716300
727700
738800
740600
742400
752800
757400
775500
789500
791300
799200
801400
811200
820600
833100
835500
847500
849400
855800
858400
863500
865500
881600
891800
902100
904500
927500
934500
937000
939200
956100
958200
960700
970300
976700
978800
1000600
# OFFOEL
# duration (msec): 1000
# repetition number: 4
4600
6400
8100
12200
14400
23200
25000
28600
36000
45500
50900
58500
66300
78000
79900
84500
91500
102900
104800
127400
135100
143600
145400
147600
156000
181000
197200
207600
210800
213500
216200
218100
227700
242900
259800
267500
283900
297400
299300
303100
305200
310200
334400
341700
343700
351100
353500
360100
362000
367300
369200
384300
386700
395100
396900
399100
402400
410600
416500
418500
426000
428100
434400
438800
454300
459800
461700
473300
478200
480100
486800
494700
496700
502300
527700
546700
553100
555000
556800
562100
564400
582300
584200
589000
609000
612500
614700
624600
627000
630800
658300
670000
673100
675300
681100
688500
702300
714500
716600
722000
728000
738800
740700
742600
757600
768600
788600
790700
792700
800000
811200
833200
847400
849600
855500
857400
863800
865900
882900
891700
901900
903900
927400
935800
937800
956200
958600
965700
971100
977200
1000500
1003000
# OFFOEL
# duration (msec): 1000
# repetition number: 5
4900
6700
9100
12100
22800
24700
27200
35800
37600
45000
50100
58700
66400
78600
80500
85500
90800
92800
103600
127200
134200
143600
145400
147300
156300
168900
181600
188000
197700
208100
210600
215700
217700
242000
254200
258200
267300
283600
285600
297300
299300
303200
305300
326100
335000
341300
344200
351000
359500
361300
367300
369600
372600
384800
395400
397200
399200
402600
416300
418200
426100
428000
439600
454400
456400
460000
461900
473100
478300
480200
487000
495000
501700
527200
535600
546700
553500
555300
557100
562300
582200
584700
594800
609400
612100
614500
624800
626800
630600
633600
651700
658600
670000
673000
675200
680900
688000
702700
714200
716200
718500
722300
738700
740600
742600
757400
769400
788900
790800
792600
800200
811900
826700
833500
847500
849500
856100
858300
863500
865700
882500
891300
902100
904000
927400
929400
935100
937200
939100
956800
958600
965000
977200
980100
1000600
1002600
# OFFOEL
# duration (msec): 1000
# repetition number: 6
4500
6300
11700
14600
23000
24800
26900
35800
45000
50100
58200
60200
65800
78200
80100
82100
85900
91100
93200
103300
126800
133600
143800
145600
147400
181000
186300
196900
207700
212200
215600
217500
242200
255200
267100
283700
297000
299400
302900
304800
310600
334400
341900
344300
351300
359900
361700
367000
368900
370800
384200
395400
397300
401900
411000
416500
418300
426000
427900
454500
459500
461400
472500
478200
480200
487100
495000
497000
501800
527900
535800
546600
548900
553100
554900
556700
561900
563900
582500
584600
594200
609500
612600
614800
624900
631200
635800
657900
669600
673600
675800
680900
687800
702900
714400
716400
738900
740800
742600
757600
768900
788900
790800
792700
799900
802800
811900
827700
833900
847400
849300
855700
857700
864000
866900
892000
902300
904200
927200
929400
936600
938600
956300
958400
966600
977300
1000600
1002500
# OFFOEL
# duration (msec): 1000
# repetition number: 7
4500
6200
7900
12200
22900
24800
36100
45800
50000
58600
61200
72700
78500
80300
85800
90900
103600
127300
133800
143700
145600
147300
157100
180200
188200
197200
208600
211900
215700
217500
242000
253800
258900
267600
283700
285600
298200
302900
304900
310600
333600
336600
342000
344700
351100
353100
360000
362000
367400
369300
384600
395500
397400
403200
416300
418200
426100
428100
454900
459300
461300
472700
478000
479900
481700
486800
495200
527100
535500
546600
553100
554900
556700
562300
582300
588800
609100
611300
613500
624800
631300
657900
669600
672500
675200
680700
682900
687900
703500
714600
716500
728000
739000
740800
742800
756900
768800
789000
791100
793400
799900
811600
833300
847500
849700
856000
858100
864000
866000
891400
893300
902400
904300
927200
929100
936200
938300
956600
958400
965400
977700
990400
1000600
1002600
# OFFOEL
# duration (msec): 1000
# repetition number: 8
4700
6400
8100
12200
17700
22700
24600
26600
35700
44800
46900
58100
60700
66300
78300
80300
85300
90800
92900
102800
116800
127200
134300
143700
145500
147300
155900
179500
197200
207800
211700
215900
217900
225300
243200
258700
267300
283800
286300
297500
299700
303300
311300
334800
341300
343800
351000
352900
360100
361900
367100
369000
371900
385200
395200
397100
402600
410600
416500
418400
425900
427800
438600
454700
459300
461100
462900
478200
480200
482000
486900
494400
496400
502200
528100
535200
546600
548900
553400
555400
557600
562200
564000
582200
584000
595600
609500
612300
614600
625200
630600
632900
652000
659100
668900
672000
674400
676800
681600
688900
702700
704700
714600
716600
727100
738200
740000
741800
757200
775800
789200
791500
794900
800000
803100
811800
814000
826600
833500
847700
849900
856100
858600
863800
865700
891000
893200
902100
904400
927600
929600
936300
938100
940500
956000
958200
966000
976400
991000
1000500
# OFFOEL
# duration (msec): 1000
# repetition number: 9
4300
6100
7700
12100
22900
24600
28300
35600
38200
45100
50100
58200
60100
66700
78400
80700
85600
91100
93100
103100
126700
134600
143800
145600
147700
156400
181700
197000
199600
207500
213700
216200
218000
242100
253300
267100
279400
284100
297600
300000
303600
305500
334800
341500
344300
351000
352900
360200
362100
366900
368800
385200
395300
397100
398900
403500
411600
416200
418300
426200
428000
447700
454500
459500
461300
467100
473000
478200
480000
482000
487200
494800
497200
502400
527800
535900
546900
552900
554900
557000
562200
564600
582200
584100
594300
608900
611400
613800
625300
629000
631900
657600
670300
673400
676200
680900
687900
702000
704000
714700
716700
738800
740700
757000
777100
789200
791100
793000
799200
801300
811700
821400
833300
836800
847700
855700
857600
863900
866000
881300
891800
902400
927100
936100
937900
957100
959400
972800
977000
1000500
1002900
# OFFOEL
# duration (msec): 1000
# repetition number: 10
4600
6400
8100
11800
23100
24900
28300
36200
45400
48100
58400
60800
65800
78300
80100
85100
90700
102800
127200
134400
143600
145300
147100
156500
180700
197400
199800
208100
210900
215500
217400
219500
241900
253600
267600
283500
285300
297500
300000
303100
305100
311000
325600
335500
341700
344000
351200
353100
360300
362500
367500
370200
384800
395300
397200
402300
416600
418700
426100
428000
454400
456400
459800
461600
472500
478300
480100
482000
486900
495100
501500
527500
535600
546700
552900
554800
556900
562300
581800
583900
588900
594300
609000
612500
614800
624900
630800
633400
657800
660200
670200
673700
681200
689300
702900
714200
716100
721800
728300
738800
740600
742400
757200
769400
788900
790700
793000
799500
801900
812300
821700
833700
836200
847500
849400
856000
863600
865800
891800
902400
904400
923400
928000
935300
937300
939200
956700
958700
965400
970900
977200
1000500
1002300
# OFFOEL
# duration (msec): 1000
# repetition number: 11
4900
6700
11500
13400
22900
24700
26900
36900
44500
46500
51300
58900
67000
73700
78400
81200
85300
91100
93200
103100
116000
127000
134100
143600
145400
147200
156800
179700
197400
207900
211600
214100
216300
218200
241900
253000
266700
268800
283900
285800
297400
299900
303300
305200
310500
335500
341400
344200
350900
353700
359900
362000
367400
369600
386000
395300
397200
401900
411200
416500
418700
426100
428100
454600
459700
461600
473300
478400
480200
486800
495100
501800
527200
536000
547000
552900
554900
556700
562500
582500
605500
610500
613400
625200
631400
658100
670900
674100
681100
688300
703400
714400
716400
738600
740400
742100
757700
768300
788900
790900
799700
811600
826700
833400
847900
856000
863900
866100
891400
901800
904000
927500
936400
938400
956900
958900
966300
977300
1000600
1003200
# OFFOEL
# duration (msec): 1000
# repetition number: 12
4300
6000
7900
12800
22700
24400
28000
35500
45100
49900
58300
60300
65900
78000
79700
81600
85000
90900
102300
104300
126700
133800
143500
145200
147100
155900
180900
187400
197200
208600
210900
216100
218000
226900
242500
253600
259400
267500
283600
285500
297300
299300
303300
305100
310600
326600
334700
341400
343400
351100
360000
361900
367100
369000
371600
385300
388400
395200
397000
399300
402300
416300
418300
426000
428000
439200
454400
456700
459900
462200
472400
478000
479900
482100
487100
494900
501700
527500
535700
546400
548400
553000
554800
556600
562000
564000
582300
584200
593600
609300
611400
613600
615800
624900
630800
633000
657800
659800
670300
673300
675500
680600
687900
689900
703100
714200
716000
722700
727800
738800
740600
742600
757200
768400
789000
790900
792700
799900
811500
822700
833300
835400
847600
849700
855800
863800
865800
891300
893200
902200
904100
927300
929500
935500
937600
955600
957600
965500
972600
977100
1000800
1002800
# OFFOEL
# duration (msec): 1000
# repetition number: 13
4500
6200
7900
12400
14200
23000
24700
28200
35800
44700
46700
50200
58400
60400
65800
78000
80000
85600
91000
102900
115700
126600
134600
143500
145300
147000
155300
181600
197700
207500
211000
214500
216600
218500
242000
252900
266800
283500
285500
298000
299900
303600
305600
310200
334700
341300
343900
351200
353400
359700
361600
367300
369200
372100
384700
395100
396900
398800
402600
416000
417900
425900
427900
454400
459300
461300
472600
477900
479800
487000
494900
496900
501900
527200
535800
547100
553100
555000
556800
561900
564000
581900
583900
588900
594400
604900
610900
613400
615600
625500
631300
633400
657500
659800
670100
672700
675100
680600
689000
702700
704900
714700
716800
728000
738900
740800
757100
769000
789000
790900
792800
800100
802400
811600
826900
833400
842700
847400
849400
856100
863300
865300
880800
891500
902200
904300
927200
935700
937500
956200
958400
967300
970900
977300
1000700
1002800
# OFFOEL
# duration (msec): 1000
# repetition number: 14
4600
6400
8100
12800
22700
24500
27100
40400
45200
47600
51500
58400
60400
67200
78200
80500
85200
87000
91400
102700
127100
134700
143900
145700
148000
156400
170400
181800
197600
207500
210900
215400
217200
219600
241700
258700
267300
274600
283500
285400
298000
300000
303200
306200
310600
334600
342000
344000
351100
359800
361800
367400
369600
372900
385100
395400
397200
401900
410900
416500
418600
426100
428000
449200
454700
459800
461900
467900
478000
479800
482100
487200
494900
496900
502400
527100
547000
552900
554800
556600
561900
563900
582400
584500
594400
609500
612500
614600
624900
627400
630800
633800
657800
660000
671200
674200
676600
680700
682600
688500
702600
714700
716800
722600
727700
738800
740800
742600
757400
769400
789000
790900
793000
800100
812200
827000
833900
847300
849200
855800
857900
864200
866200
891500
902400
904300
926700
928600
936600
938700
956800
958700
966500
971400
977200
1000400
1002400
# OFFOEL
# duration (msec): 1000
# repetition number: 15
4500
6300
8000
12200
22900
24600
27800
35900
39700
45000
49500
58400
60500
66000
78200
80000
85400
91100
103400
126900
134500
136800
143600
145500
156600
179600
183800
198000
207700
210800
212600
216300
218700
237400
242600
254500
259400
267200
283800
285700
297600
299500
303200
305300
334600
341600
344200
350800
352900
359900
361800
367100
368900
371900
385100
395200
397000
398800
402700
411500
416400
418400
425900
427800
454800
459600
461400
472700
478300
480200
486400
488400
495100
501400
527300
546900
552700
554600
556400
562000
581800
584200
593700
609100
612900
615200
625500
630900
658000
670600
674700
680600
682700
688500
703200
714700
716500
729000
738500
740500
742400
757200
768800
789000
790900
792700
799600
811500
821300
827900
833400
847400
855800
858600
864500
867100
891800
902200
904200
927900
934400
937500
939800
956400
958400
965700
971400
977100
1000500
1002700
# OFFOEL
# duration (msec): 1000
# repetition number: 16
4500
6200
7800
12600
22400
24300
26200
28600
35500
44800
47200
49800
58800
78100
79800
82200
85800
91500
103200
105300
126900
134600
144000
145800
155600
179800
184100
197500
199400
207500
211000
215700
217500
226700
242300
253400
258700
267200
283400
285200
297500
299800
302900
305000
311000
334100
341900
344800
351300
360000
361800
367100
369000
384900
395300
397100
399100
403000
411300
416400
418300
425900
427900
438600
454300
456000
459600
461500
472300
478400
480200
486900
494600
497100
501900
527300
536500
546800
548700
553500
555400
557200
562000
564000
582400
584600
604400
609700
611700
613800
624900
627800
631100
657800
669700
671900
674000
681000
688100
703300
714600
716900
738700
740600
742600
757200
768400
789000
790800
792500
799700
801600
811500
822200
827700
833600
835500
847900
850100
856000
863600
865600
867400
882300
891600
902400
904400
927500
935200
937500
939700
956500
958400
966100
971100
977600
1000700
# OFFOEL
# duration (msec): 1000
# repetition number: 17
4500
6200
8300
11600
13300
23100
25000
27900
35500
44700
47200
50900
59300
66000
78300
80100
85000
91500
103600
126800
134100
143600
145300
147000
156800
170600
181100
186900
198400
207900
211300
214400
217400
225700
242200
257200
267000
283400
285500
297800
299600
303400
311000
335200
341600
343800
350900
352900
360000
361900
366900
370000
373700
385900
395500
397300
399200
402400
416000
417900
425900
427900
448400
454500
459700
461600
473200
478200
480000
481800
486900
495000
502300
527800
535900
546500
549100
553300
555200
557100
562100
564200
582300
584300
609500
612800
615000
624800
627200
630900
633800
658700
667500
670500
673600
676200
681100
688100
702600
714200
716200
723700
738900
740800
742800
757400
768600
789000
790900
792800
799500
811700
826900
833600
835400
847900
855600
857500
863600
866000
891100
893700
902700
922600
927700
935500
937600
956700
958900
965800
977400
1001100
1003000
# OFFOEL
# duration (msec): 1000
# repetition number: 18
4600
6400
8000
11700
13800
22600
24300
25900
35400
37900
45000
47200
50800
58900
66000
73600
78500
80200
85200
91400
102300
104400
127300
134600
143400
145000
146800
156400
181200
186900
197400
207200
211600
215000
217300
219300
242000
254300
258600
267500
283500
297700
299500
303300
310600
326100
341800
343600
350900
353100
359900
361700
367300
369200
372000
384700
395300
397300
402200
410800
416200
418100
425800
427800
438300
448500
454400
456900
460000
462000
467700
472800
478100
479900
482200
486800
495000
502000
527400
536300
546600
548600
553000
554900
556900
562200
582400
585200
589200
609200
611600
614300
624600
627200
631200
633300
658000
669200
672100
675200
680800
688400
702600
714500
716300
727500
738700
740600
743100
757600
768600
788800
790700
793400
799300
811400
826500
833400
847600
849600
855700
857800
863800
866000
882000
891400
902500
927400
934300
936800
938700
956800
958800
966200
971600
977000
1000500
1002600
# OFFOEL
# duration (msec): 1000
# repetition number: 19
4500
6200
8000
12700
22600
24400
27300
36300
39000
45000
50800
58500
66100
78200
80600
85300
90800
92800
103500
127800
134800
143600
145500
147600
156500
170600
180400
188400
197800
207400
215100
217200
225900
236400
243700
267200
283400
285400
297900
300900
303600
305500
311600
332600
335800
341900
344000
351200
360100
362000
366900
369100
372500
384900
395500
397300
402400
416000
417900
426000
428000
454200
459600
461500
473900
478200
480300
486600
494900
497400
502100
527800
535400
547100
553300
555100
556800
562100
565100
582400
584600
604000
610100
612600
614800
624700
627900
631200
657800
669800
673100
675100
680400
682700
688600
702800
714600
716500
721900
728700
738800
740600
742600
757600
788600
790500
792500
799300
811800
827400
833200
847500
849200
856100
864200
866100
882600
891600
901900
903900
927700
936300
938100
956600
958600
970800
976900
979500
1001400
# OFFOEL
# duration (msec): 1000
# repetition number: 20
4500
6200
7900
12100
22800
24600
26900
35500
45200
50000
58400
60500
65900
77900
80000
85200
90900
92700
104800
127200
134900
143400
145200
147000
156100
180200
197800
208000
211700
215700
217400
226900
242200
253500
267100
283500
285700
297200
299400
303100
305000
310600
326900
334700
342200
344600
350800
353700
360200
362500
367100
369000
384900
395000
396900
398800
402200
416400
418300
425900
427800
438800
454200
456200
459900
461700
472500
478000
480000
486700
494700
496700
501700
527100
536500
546900
553500
555400
557600
562100
563900
582400
585200
590300
609000
611200
613600
624700
627900
631100
634200
658600
669700
672600
675200
680700
687900
703000
714700
716600
722300
728300
738700
740500
742300
757500
770600
789200
791100
799700
811200
826600
833600
847500
856100
858300
863500
865300
891500
902200
922500
927600
929900
934500
937000
956600
958600
965500
971100
977200
1000500
1002400
# OFFOEL
# duration (msec): 1000
# repetition number: 21
4500
6200
7800
12200
20300
23200
24900
28500
35500
39100
45200
50000
58300
66300
78300
80200
82000
85400
91100
103000
105700
126700
133500
143500
145300
156000
170300
179700
182200
197900
207200
210500
213600
216400
218500
227300
242600
252900
266800
283600
297100
299300
303500
310000
334500
341800
344700
350900
360000
362500
367400
371100
384300
395600
397500
402700
411300
416800
425800
427900
454500
459700
461600
473600
478200
480000
481700
487500
495000
501700
518800
527600
547000
552900
554600
556400
562200
582000
585000
594000
604300
609900
612700
625200
630100
632100
651000
658300
670900
674500
680500
682600
687800
703200
714200
716000
727800
738700
740600
742500
757800
768800
789300
791200
793300
799600
801800
811900
820600
833600
847500
855400
857500
863600
865800
891300
902100
903900
927100
929000
936000
938000
956800
958800
965100
971200
977500
1000900
1002900
# OFFOEL
# duration (msec): 1000
# repetition number: 22
4500
6300
11400
13500
22800
24500
26300
28500
35900
45200
49900
58800
61000
66300
73300
78400
80200
85600
91100
93100
104000
127200
134100
143600
145400
147100
156000
180500
186900
197400
207200
211000
215400
217400
242100
258700
267100
283700
285600
297700
300300
303500
311100
332100
335600
342000
345000
351100
353300
359800
361500
366800
368900
372200
384800
395400
397100
403300
411600
416300
418400
425800
427700
454300
459700
461500
473200
478200
480100
486800
494400
496400
501700
527400
536200
546900
552700
554700
556500
561900
564000
582200
588800
608900
611300
613900
615800
625000
630800
632800
657600
660100
669700
672800
675300
680900
687800
702700
714700
716900
722700
738600
740400
742300
757500
768100
789000
790900
793000
799900
801800
811500
813500
827900
833900
847600
849900
856000
858100
863600
865700
881600
891500
902400
911700
926800
929500
936800
939000
956900
959100
971500
976800
979400
1000500
1003000
# OFFOEL
# duration (msec): 1000
# repetition number: 23
4700
6700
10400
13400
22700
24500
28200
35400
40400
45300
50000
58400
60500
66200
73500
78700
80400
85000
90900
103700
116400
126600
129100
143300
145200
147100
156200
179900
188200
196900
198800
207800
210700
215300
217200
219200
236700
257700
267300
283400
285300
297100
299800
303200
305300
310800
334700
341800
344800
351100
359800
361600
366900
368800
371500
384100
387200
395200
397100
401800
410800
416400
425700
427600
434200
439500
454400
456300
459700
461600
473000
478000
479900
481900
486900
495200
501800
528400
534900
546900
553100
555000
556800
562300
582100
588400
594400
609100
612600
615100
624300
626300
631600
657900
670000
672400
674400
680600
688000
702900
714300
716200
722500
728000
739000
740900
746900
757700
768000
774500
788800
790700
792800
799800
811500
827100
833700
847200
849500
855900
863800
865700
891400
893400
898600
902600
923400
927900
934900
937300
939400
956600
958900
965700
972000
977900
1000500
1002300
# OFFOEL
# duration (msec): 1000
# repetition number: 24
4800
6600
8500
11800
13600
22900
24700
27300
35400
39100
45700
49700
58500
78500
80500
85600
90900
92700
103000
127200
133900
143700
145500
147200
156200
180400
196600
199100
208200
211500
216300
218400
242500
253200
258300
267300
283500
297600
300100
303700
305600
311700
325600
335600
341600
351000
353000
359800
361900
367100
369500
384200
395300
397000
402600
411000
416400
426100
428000
454600
459500
461400
472600
478200
480200
486500
494500
496400
502100
527500
546800
549300
553300
555100
562200
564500
582300
584400
609000
612800
614900
625000
630800
632800
658100
670400
672800
675000
681000
688200
703200
714800
717100
738600
740500
742500
756800
769000
788900
790800
793900
799700
811200
813300
826700
833600
847600
849600
855900
857800
863300
865300
891500
893500
902000
904000
922800
927400
929700
936400
938500
956200
958000
965400
970800
977200
1000700
1003100
# OFFOEL
# duration (msec): 1000
# repetition number: 25
4700
6500
11800
22600
24400
28000
36100
44800
47300
50000
58400
65800
78300
80500
85300
90900
93100
103200
126700
133900
143300
145100
146800
156000
171700
180100
184100
197200
207100
212300
216300
218300
225600
242200
253200
267200
283400
285300
297300
299500
303300
305400
334800
341900
345000
351200
360200
362000
367400
369400
384200
395200
397000
399000
402400
410900
416300
418300
425700
427600
454200
459200
461000
462900
467800
472300
478200
480000
486800
495000
501500
527600
535500
546700
553100
554900
556800
562300
564400
582500
588400
604100
609500
612800
614800
624600
630700
632700
657400
661300
669300
672300
674900
680800
682800
688500
702500
714700
716600
722300
738600
740600
743300
757200
769100
775400
789200
791100
799500
801800
811600
833200
842200
847400
855500
857400
864000
866600
891300
893300
902400
904400
926900
929100
936100
938100
956500
958400
965600
971800
977500
1000600
1002700
# OFFOEL
# duration (msec): 1000
# repetition number: 26
4700
6400
8200
13100
22800
24600
26900
35500
44700
50000
58400
65500
78600
80700
85400
91200
103100
116100
126900
135100
143700
145500
147300
156400
170500
180500
187600
197300
199200
207900
211700
215800
217600
230300
237000
242600
253300
267100
283500
285400
297900
301700
303900
326100
335800
342600
350700
352800
360100
367100
370700
385000
395400
397200
402000
411000
416200
418000
425800
428000
454400
459600
461600
472800
478200
480000
487300
495000
496900
502000
527000
546500
552900
554700
556500
561900
582500
584700
604300
609500
612200
614300
625900
631300
658000
670400
674400
680700
687300
703400
714700
716700
738800
740500
742800
757300
788200
790100
791800
799800
811500
821900
833000
835000
847500
850000
855800
864600
891500
893500
902300
927300
929600
936000
937900
956800
958800
965800
971800
977100
1000700
1002800
# OFFOEL
# duration (msec): 1000
# repetition number: 27
4400
6200
8500
12200
22900
24700
27700
35600
45200
50200
58200
60700
73500
78500
80300
85600
91300
102600
117200
127200
135200
143300
145100
146800
156700
171000
181600
197500
207500
211500
215700
217800
241800
252000
258300
266800
283400
285500
297400
299500
303200
305400
310200
334600
342000
344700
350700
353000
360200
362100
367300
369100
373200
384700
394800
396700
398600
402600
416400
418300
425700
427500
448300
454500
457100
459800
461700
467700
473000
478100
480000
486900
494600
501700
527300
535400
546500
552900
554800
556600
561800
563700
582000
584100
588000
593800
608800
610800
613200
615400
624000
626300
631000
633200
657900
659800
670500
673900
676000
681100
683200
688300
702800
714600
716500
728300
738600
740400
742500
758100
768500
782500
789200
791000
799500
811300
813500
828100
833500
847300
849100
855700
858200
863600
865700
881700
891200
893300
902000
904500
927200
934200
937400
940100
956400
958700
966200
970800
977200
1000200
1002200
# OFFOEL
# duration (msec): 1000
# repetition number: 28
4600
6300
9100
13200
23000
24900
27500
35800
44600
46500
50900
58500
72300
78500
80400
85700
91000
103500
126700
134200
143700
145400
147400
155900
180400
183900
197900
207500
211200
215300
217200
219100
225800
242500
258600
267500
283600
297400
299600
303000
311500
333900
341100
343600
350800
359800
361700
367700
370000
385400
395300
397200
402700
416100
418300
426000
427900
438900
454700
459600
461400
472800
478100
479900
486500
495100
501600
527600
538100
546600
548500
553200
555100
557400
561800
563900
582300
584400
593700
603600
609400
611800
614300
624900
627500
631400
633600
657500
669400
671900
674700
680800
682900
688400
702600
714200
716200
722400
727900
738800
740800
742800
757100
768500
789200
791100
799400
811500
833400
847500
849400
855800
858100
863800
865900
891400
893400
902200
904100
927100
929300
935900
937700
956200
958200
965100
970500
977200
1000400
1002300
# OFFOEL
# duration (msec): 1000
# repetition number: 29
4400
6100
8000
12600
22700
24400
27800
35600
39700
44900
50200
58300
60500
65800
78500
80600
85500
90900
92600
103000
127200
134500
143300
145200
157100
169200
180400
197200
208800
212300
216200
218100
227000
242300
253700
257900
267700
283300
285100
297600
302600
304500
310800
335900
341500
343500
351100
353200
360000
362100
366900
368700
371900
383900
395300
397100
399100
402600
410700
416400
418400
426000
427900
439300
454500
459300
461300
467200
472500
478400
480200
487100
494800
501500
528000
535900
546500
553200
555200
557000
561900
564300
582300
584400
593100
608900
611700
614100
624400
626900
631000
657400
659600
669700
672000
674300
676700
680700
682800
687900
702700
714500
718600
721800
738500
740300
742200
746900
757300
769700
788700
790500
792400
799100
801300
811600
826400
833300
847600
849700
855900
858000
863000
865100
890800
893400
902400
918400
927200
934500
937200
939300
956000
958000
965200
971200
976500
978500
1000500
1002900
# OFFOEL
# duration (msec): 1000
# repetition number: 30
4500
6400
8200
12300
22800
24700
35900
44900
47000
50300
58300
65800
77900
79800
81800
85800
90900
103300
126800
133600
143400
145200
147000
156100
170800
181000
197200
200900
207600
211800
215700
217500
242100
258300
267000
283500
285400
296800
298800
303200
305100
311200
334800
340900
343600
351100
353000
360000
361800
367200
369400
383900
395300
397200
402200
411000
416300
418200
426200
428300
439500
454500
459700
461600
472000
477900
479800
486400
488400
494800
496600
501600
527000
546400
552500
554400
556200
561700
582300
584800
593100
610000
613000
614800
624600
630800
633100
657700
660100
669900
672800
675300
680700
682800
688600
702700
714300
716300
722800
728000
738700
740600
742800
757100
768600
789200
791100
793600
799000
802000
811500
827100
833700
847400
849500
855700
858100
863600
866300
882700
891700
901700
903800
927300
930300
934700
937100
956300
958300
965900
971700
977400
1000600
1002400
# OFFOEL
# duration (msec): 1000
# repetition number: 31
4600
6400
10700
13000
22700
24600
36600
44800
50400
58800
65300
78400
80500
85400
90800
103600
126900
134500
143400
145100
146800
180300
196200
198400
207800
210500
216400
218200
226400
241400
252800
258400
267100
283600
297900
303000
305000
310600
335200
341500
344500
350600
352400
359800
362300
367000
369000
371800
384200
395200
397100
402900
410700
416100
418200
426000
427800
439800
453900
455900
459700
461600
466800
472400
478100
479900
486200
494600
502000
518600
527100
536600
546400
552800
554700
556900
561900
563700
582000
584300
593100
604200
609300
613200
615500
624900
631400
657900
670200
672800
675000
680800
687700
702800
713900
716000
738600
740400
742100
757400
769100
788500
790300
792300
799500
810900
833200
847400
849200
855700
857700
864200
866400
891200
893500
902000
904300
927000
929000
934900
937200
939400
955900
957900
964800
976800
979000
1000200
1002400
2035400
# OFFOEL
# duration (msec): 1000
# repetition number: 32
4400
6300
8100
12400
15800
22800
24600
35500
44600
49400
58600
73500
78500
80600
85500
90600
103400
127000
134200
143400
145300
147800
156200
181200
197100
208200
211300
216000
217800
253000
257900
267100
283700
297700
302500
304700
309700
333800
341900
344400
351100
359700
361500
366800
368900
372700
384800
395500
397300
402300
411500
416400
418800
425900
427800
433500
454700
459600
461500
472500
478000
479900
486600
494700
498000
501700
527300
535200
546600
548600
553200
555000
557100
562100
582300
590300
608700
611200
613600
615600
625300
630800
632800
657800
669800
672800
674700
680400
682200
688200
702600
714200
716000
726500
738800
740600
747200
753200
757300
768600
788800
790700
792600
799400
801300
812100
821300
827900
833300
847000
848900
855800
857700
863600
866600
891400
902300
904200
923200
927600
935000
937200
939200
956700
959000
965500
970300
977600
1000200
1002100
# OFFOEL
# duration (msec): 1000
# repetition number: 33
4400
6200
7900
11700
14200
22500
24400
28500
36000
39000
44800
47000
50100
58200
60900
67100
78500
80900
85400
90800
103000
116300
127300
134000
143400
145100
146900
156300
180600
197200
207700
212000
215700
217700
225700
241800
253100
258300
267100
283400
285200
297100
299800
303100
305100
311000
334200
341200
345300
350700
352500
360400
362600
367500
369800
385100
395200
397000
402200
411700
416300
418400
426000
427800
438500
454400
459400
461200
473100
478100
479900
486000
494800
502400
527900
536300
546600
553200
555100
556900
562100
564000
582200
588900
593800
609700
612400
614600
624700
630800
632700
657600
670000
672800
675000
680900
683000
688000
702500
714400
716300
727400
738800
740600
742400
757600
768900
788700
790700
792400
799700
802300
811300
833400
847300
849200
856000
863700
865600
891700
901700
903900
922700
927700
935100
937300
939200
956600
958700
965200
972700
977600
1000800
1003300
# OFFOEL
# duration (msec): 1000
# repetition number: 34
4400
6200
7800
12400
14800
22700
24600
26400
35400
44900
49500
58400
60900
66600
78300
80000
82300
85500
91000
93100
103400
127000
133600
143600
145400
147300
156700
170800
180100
197100
199500
210100
213400
216500
218400
228100
236700
243300
253200
267200
273800
283800
285700
298100
300100
303200
305200
310700
326400
333000
335900
342200
351000
359700
361500
367000
369000
371300
385000
395300
397200
402500
416200
418000
425800
427700
437800
454300
456300
459800
461700
473200
478300
480300
486700
495000
501800
527600
535700
546800
553000
554900
561800
582100
588400
594300
604800
610500
613300
615400
625200
631100
657200
659100
670500
673500
675800
680700
683300
688300
703100
714500
716400
723500
738700
740800
742600
757600
789000
790800
792700
799700
811800
821800
833900
847500
850800
855900
863700
866100
891400
902200
926900
929000
936300
938100
956700
959100
965100
977100
979300
1000400
1002700
# OFFOEL
# duration (msec): 1000
# repetition number: 35
4500
6500
8400
12100
14300
22700
24400
26600
36000
38100
44900
50000
58700
65900
78400
80400
85000
90900
102900
126800
133600
143700
145500
155700
169300
180800
188400
197200
200100
208000
211400
216100
218300
227200
253100
266600
268400
283500
285300
297100
299400
303200
305500
325500
334900
341700
344100
351000
352900
359600
361500
366800
368600
371200
384900
395300
397100
402200
411500
416500
419000
426000
428400
440100
454400
459500
461500
466700
473100
478100
479900
486700
494700
496700
512100
528200
535500
546900
553100
554900
557100
562000
563900
581600
583500
593900
609000
613000
615400
624800
627000
631100
652100
658300
670900
673400
675900
680400
687800
702400
714300
716300
727600
738700
740500
742300
757300
768400
788400
790400
792000
799500
811500
826700
833300
847700
849700
855900
858600
864100
866200
882500
891400
893500
902200
904500
927800
936400
938200
956000
958100
965500
972100
978200
1000200
1002100
# OFFOEL
# duration (msec): 1000
# repetition number: 36
4400
6100
7900
12300
22600
24400
26200
35500
38400
45500
49800
58400
66000
78400
80200
85100
90800
102800
127100
134700
143700
145400
155900
179700
186900
197600
207500
210700
213500
216900
218700
225900
242400
252700
258600
267200
283200
285000
297500
299500
303500
305400
310400
334300
341700
344000
351000
359800
361600
367200
369000
384200
395400
397300
402900
416000
417900
425600
427800
438200
454100
459500
461400
472700
478100
479900
486300
494800
501500
527300
535800
546500
553000
554900
556600
562000
582200
584200
587700
594000
604100
609200
611200
613700
625300
631400
658300
670800
673700
677400
680800
682700
688300
702600
713900
715900
721500
727700
738700
740600
757100
768400
789200
791000
799300
801900
811600
827300
833800
847300
855900
858000
863200
865600
890900
893300
901800
903800
927200
936100
938000
956000
957900
965800
971500
977700
1000500
1002900
# OFFOEL
# duration (msec): 1000
# repetition number: 37
4500
6300
8100
12600
22900
24800
36000
44700
49800
58100
65900
78400
80200
85100
91000
103000
126700
133700
143600
145300
147100
156200
180000
183600
197400
207300
210100
216000
217800
227300
242200
257900
267200
283600
285700
297600
301300
303800
310200
333400
341300
343400
351000
353000
359800
361900
367100
368900
372400
384800
395400
397200
402300
411300
416400
418600
426200
434300
454600
457000
460000
461900
467400
472600
478400
480200
486600
494300
496300
502500
517900
527400
536100
546100
548300
553200
555200
557300
562200
564100
582300
584300
589400
609200
611500
613500
615900
625100
631300
657600
660000
670600
672700
675000
680800
688000
703100
714500
717700
738700
740500
742300
757300
768600
789000
790800
792500
800000
811500
826500
833400
847200
849300
855700
857700
863900
866100
891100
893100
902000
903900
927100
929200
936500
938600
956600
958500
966200
976800
1000200
1002300
# OFFOEL
# duration (msec): 1000
# repetition number: 38
4500
6200
8400
11800
14000
23300
25700
28500
35000
44900
49700
58800
66000
78300
80100
85500
90800
103700
127400
134900
143300
145200
156200
169700
180200
197100
207600
212100
215900
218700
242600
257900
267500
283500
285300
297700
300100
303400
305400
325900
335100
341900
345700
351100
353100
359900
366800
368900
384900
395400
397300
402100
410700
416500
418500
425900
427800
454400
456500
459900
461800
472800
478100
480100
481900
487100
494800
497200
501900
527600
535900
547200
553200
555000
557100
562000
581800
584000
593900
609800
613000
615000
625000
627700
630500
657800
660800
669900
672300
675100
680600
688100
703000
714100
716100
728500
738500
740300
742200
757100
769600
789100
791200
798600
800600
811300
826700
833500
847600
849600
855500
857600
863300
865400
891500
901600
903500
926800
928900
935300
937500
956300
958300
965900
970600
977500
1000100
1002000
# OFFOEL
# duration (msec): 1000
# repetition number: 39
4300
6000
8000
12800
22700
24600
28900
35400
45100
49900
58700
60900
66100
78000
79900
85500
91000
103300
116000
127200
133400
143400
145400
147200
156800
180000
184700
197900
207900
209900
212500
216200
218500
227200
242600
253300
258400
267300
283100
285000
297900
300200
303900
310500
334800
341400
350700
352900
359900
361900
366900
369400
384800
395400
397200
402300
410800
416300
418600
425900
427700
454400
460000
461800
467400
478000
479800
481900
486900
495200
502500
513000
528200
535500
546600
553300
555200
557300
561900
563900
582500
585100
589300
595300
609600
612800
615100
625000
631000
657900
669000
671500
674400
680700
682700
688300
702900
714400
716300
721500
727700
738900
740700
743400
757300
768600
789000
790800
792700
799700
802000
811400
821300
833400
848000
850000
855800
857900
863300
865700
891600
902100
927400
934800
937400
956400
958500
965400
971400
977500
1000900
1003100
# OFFOEL
# duration (msec): 1000
# repetition number: 40
4700
6600
11700
13800
22800
24400
28100
35600
39900
44700
50300
58600
60700
66300
78000
80000
85000
91100
102700
127000
134000
143600
145400
147100
156100
170200
180100
183700
197400
208000
211600
215600
217800
230400
242700
254000
267300
283700
285500
298600
303000
304900
310600
332500
336400
341900
351200
353300
360100
362600
366700
368700
372400
385300
395300
397100
402700
411000
416400
418200
425900
427800
454100
459300
461200
467600
472600
478100
480100
486900
494600
496500
501700
526900
546300
553100
554900
556800
562200
582300
588600
593900
604500
609300
611900
614400
624700
631000
633500
657800
670100
674100
681100
687500
691400
702800
714500
716800
722200
728300
738600
740400
742200
757200
789500
791300
799100
801100
811800
833100
835700
847800
855900
858600
863200
865800
891700
902100
904400
927300
935000
937400
939600
955700
958100
966100
971300
977600
1000600
1003000
# OFFOEL
# duration (msec): 1000
# repetition number: 41
4400
6200
7800
11800
22600
24400
27600
35300
37600
44700
47600
50800
58500
66100
72500
78300
80400
85000
90800
92800
103400
126700
134000
143500
145200
147000
155900
171000
181100
197000
207500
211300
215400
217300
227400
242700
257200
266500
268600
283600
285400
297600
300000
303000
306000
310900
334900
341600
344400
351000
359800
361600
367100
368900
371500
385700
395100
396900
401900
416000
418000
425700
427600
454100
459400
461300
472500
478200
480100
481900
487200
494500
496700
501600
527400
536100
546400
552900
554700
556600
562100
564900
582200
584100
589000
595100
608600
610900
613400
615300
624800
627000
631100
657400
659700
668900
671400
674000
680800
688100
702700
714400
716200
722300
728000
738800
740700
757200
768400
789300
791100
793100
798900
801300
811500
827600
834200
847400
855400
857300
864000
866300
891600
902200
927100
934500
936700
938700
956100
958100
959900
977000
1000400
1002400
# OFFOEL
# duration (msec): 1000
# repetition number: 42
4500
6200
8000
12200
22700
24700
28400
35200
37600
45500
50100
58200
60100
66500
72700
78600
81100
85500
91100
103400
126900
134300
143500
145300
147800
156000
179400
196700
199500
208000
211200
215900
217800
225400
242400
254300
259300
267300
283500
285400
297100
302700
310700
333500
340900
343800
350600
352600
360000
361900
367100
369300
384600
387200
395300
397200
402600
416500
418900
425900
427800
454300
459600
461500
472400
478100
480000
486500
495100
501900
527400
536100
546900
553000
554900
556700
562000
582500
584900
594200
605400
609400
611800
614000
625300
631000
633100
657800
669800
673100
675400
680900
688500
703200
714400
716300
727400
738300
740000
742700
757400
788700
790400
792200
799900
811400
827100
833400
847400
849300
855700
863600
865600
891200
901800
904000
927100
934300
937100
939500
955700
957600
965200
970700
977400
1001000
1003000
# OFFOEL
# duration (msec): 1000
# repetition number: 43
4600
6300
8200
11800
14300
22700
24900
28300
35900
38300
45400
49400
58200
60000
66400
73100
78700
80500
85000
91100
104600
126600
134400
143400
145200
146900
156400
169700
180900
197500
207600
211200
215500
217300
226000
241800
257500
267400
283600
285600
297800
301100
303500
310500
327600
334500
341100
343200
351400
360200
362400
366900
368800
371600
384800
395300
397100
399100
402500
411100
416200
418000
425800
428200
434800
454500
456400
459800
461700
472700
478300
480100
487100
494900
496800
502400
526900
546300
549200
552900
554700
556600
562100
581300
583200
588400
593400
605000
609400
612500
615000
624800
628000
631100
633600
657700
660000
669300
672100
674300
676500
680800
688600
691100
702800
714600
721700
726900
738800
740600
742700
757200
768200
788900
790700
799600
802400
811700
821200
826300
833400
847600
850100
855900
858300
863600
865800
891300
893600
902200
904300
927200
929100
936100
938000
955900
957700
959700
965800
971600
977600
1000400
1002300
# OFFOEL
# duration (msec): 1000
# repetition number: 44
4400
6200
8200
12200
22800
27200
37800
45000
50500
58400
66900
78500
80900
85900
90900
104300
126600
135000
143400
145200
147100
156600
180100
186900
197900
207500
210800
216100
218000
243500
257800
267100
283000
284800
297900
299800
302700
304900
331700
335400
341400
344100
350800
359800
361600
367200
369900
385100
395000
396700
402400
411200
416300
418100
426000
427900
454300
459200
461200
467700
477900
479800
486500
488800
494900
501500
512700
527400
534900
547100
553100
554900
556700
562000
563800
582300
587600
595100
609500
613100
615700
625300
631000
633200
657900
669800
672900
675200
680900
688700
703100
713800
715800
722200
728100
738700
740600
742400
757400
769100
788700
790600
792800
799700
803400
811300
833400
847500
856000
863700
865600
891500
902200
905300
922600
927300
936400
938200
956700
958500
966200
971300
977500
1000700
# OFFOEL
# duration (msec): 1000
# repetition number: 45
4400
6200
12300
21900
23800
25500
28800
36000
44600
49600
59000
66500
78100
79900
85900
90600
93000
104000
126700
134400
143900
145700
155900
170800
180300
188000
197700
207700
211600
215100
217100
219400
242200
257700
266900
283500
285400
298400
303400
311000
326100
334500
341400
343500
350700
359600
361400
367400
369600
385000
395300
397000
402400
410800
416300
418300
425900
427900
434500
438800
454600
459500
461400
466900
472600
478200
480000
486600
494700
497100
502300
527500
536700
546600
548700
553400
555200
557200
562100
564300
582200
584500
589500
599000
609700
613500
616200
624600
626600
632000
658400
669800
672900
675000
681000
688500
702800
714100
716000
721800
727800
738700
740600
742800
757300
768300
788800
790700
792600
799800
811500
826700
833200
835900
847500
850700
856100
858800
863900
865900
881300
891400
901900
903900
912000
927300
936400
938300
955200
957300
959200
966200
977700
1000900
1002800
# OFFOEL
# duration (msec): 1000
# repetition number: 46
4400
6100
8200
13100
22600
24300
28400
36100
45400
50500
58500
66300
72700
78400
80300
85300
90800
102800
116300
127400
134000
143500
145300
147100
156000
181200
197100
208700
212900
216200
218400
229900
242000
257800
267200
269100
283400
297600
300000
303500
310100
326700
335500
342600
344900
351100
360300
366800
368700
384500
395400
397200
402100
416300
425900
427900
454600
459700
461700
472900
478100
479900
486500
495200
501400
527700
545900
553100
555100
556900
562100
582600
603900
609400
612300
614300
625100
631200
633200
658200
669800
673800
680600
682700
689500
702500
714300
716100
722100
738600
740400
742400
756900
768300
788800
790600
793000
800000
811400
826800
833600
847600
855400
863400
865700
890900
893100
901900
904200
927300
929900
935700
937900
956600
958500
966400
977200
980800
1000800
1002800
1620400
# OFFOEL
# duration (msec): 1000
# repetition number: 47
4600
6400
8000
12800
22800
24600
27400
35700
38700
45600
50000
58700
61100
65800
78100
80000
85200
91200
102600
116200
126800
134400
143500
145400
156000
181100
188200
197700
207900
215500
217300
219100
241500
253000
266900
283700
285800
297300
299700
303300
305300
310500
334500
341400
350900
359900
361800
367500
371100
385300
395500
397400
402400
416500
425800
427600
438900
454100
456200
459800
461700
472900
478200
480000
487100
495000
501800
527000
546400
553400
555300
557400
561900
582200
583900
588600
609600
613200
615600
624800
627200
631300
634100
658400
669400
672300
674700
680900
683100
688400
702900
714500
716600
723300
728000
738700
740900
757200
768300
789500
791400
799900
811600
820900
826700
833700
848100
855800
863300
865400
891300
893500
902300
904300
922600
927800
936400
938600
956600
958600
966300
977000
1000600
# OFFOEL
# duration (msec): 1000
# repetition number: 48
4600
6300
11700
22100
24100
26600
35900
40200
45000
50600
58700
65900
78300
80100
85100
91300
104100
126800
134800
143300
145100
146900
155600
180200
197000
199200
207800
211400
215500
217500
226100
253800
258800
267400
283300
285500
297500
300000
304000
310500
333700
341400
344600
351000
359700
361700
367300
369200
372400
385200
395300
397300
402800
416200
418200
426100
454700
459600
461500
467600
473300
478000
479900
486500
494800
501600
527500
535600
546600
553000
554800
556600
562000
582400
594000
605000
609900
612500
615200
624900
626800
631300
633900
657700
660700
670000
673800
676100
680700
683800
688400
703400
714200
716300
722700
738600
740500
757400
768500
788700
790400
792700
800100
811300
813800
827600
833500
847700
849900
856000
863200
865600
891100
902400
927200
935900
938100
957000
958900
965300
971800
977300
1000400
1002400
# OFFOEL
# duration (msec): 1000
# repetition number: 49
4500
6300
8100
12300
14600
22400
24100
27900
36100
38300
44800
49100
58300
65600
78300
80600
85000
90900
102800
126900
133900
143400
145200
147600
156500
180900
186500
197400
207500
210500
213500
216600
218700
242100
254100
267000
283900
297400
301600
304000
306300
333200
336000
341900
345600
351100
359800
362100
367300
369700
381200
385800
395500
397300
402400
416500
418500
425900
427900
454200
456300
460000
462100
472900
478300
480200
486700
494900
501400
527400
535200
546900
552700
554500
556600
562100
582300
588500
593300
604900
609900
612900
624500
627100
631200
633800
657600
671800
674500
680500
682700
688100
702400
714200
716300
728600
738700
740700
757100
768500
788500
790500
792700
799700
811000
813600
827100
834100
842400
847600
855400
857300
863400
865700
881100
891700
902100
904900
923000
927700
934400
937700
956500
958900
965500
976400
979000
1001000
1003200
# OFFOEL
# duration (msec): 1000
# repetition number: 50
4700
6600
9900
12300
22600
24600
28100
36000
45300
47300
50600
58600
60700
78100
80300
85200
90800
103500
115600
126500
134800
143600
145400
147200
155800
169700
181400
196900
199800
207600
211000
215500
217600
227900
241800
267200
283500
285400
297400
299600
303500
310500
335100
341300
344900
350900
360000
361800
367400
370100
384500
395500
397400
402100
416200
418400
425600
427600
439100
455000
459700
461500
466900
472500
478500
480300
487100
494800
501700
527500
546500
549100
553200
555100
556800
562100
563900
582400
604700
609500
612900
614900
625300
631200
657700
669300
673200
675300
680700
682700
688300
702900
714300
716200
728200
738800
740600
742600
757400
768600
788900
790700
793500
799900
811700
833400
847400
849600
855500
857300
864100
866400
892100
901800
904000
927500
929600
936800
939100
956700
958700
965400
970500
977100
1000500
1002700
# OFFOEL
# duration (msec): 1000
# repetition number: 51
4500
6300
7900
12100
19000
23100
24900
28300
35900
39700
45100
47500
58300
60200
66800
78600
80900
85500
90800
92900
103900
127100
133600
143500
145600
156700
170400
180200
197300
209300
216000
217900
241700
254000
259200
267400
283500
285500
297800
300400
303500
311300
334600
341800
344200
351100
359800
362600
367600
369600
386600
395100
396900
416200
418200
426100
439100
454500
459700
461500
467000
477900
479700
486400
495000
501600
527500
534800
546700
553200
555100
557200
562200
582200
604000
610000
612800
616000
624400
627200
631800
634000
657900
670200
674000
680300
682100
688100
703100
714600
716600
728800
738700
740600
757200
768400
788900
790900
799200
801200
811500
821500
833500
847000
848900
855300
863400
865700
891400
902200
927200
934700
937000
938900
956600
958500
965600
977200
1000700
1522900
# OFFOEL
# duration (msec): 1000
# repetition number: 52
4800
6600
12700
18900
23000
24900
34800
37700
44800
50200
58500
66200
78500
80300
85100
91000
102600
116200
126700
133700
143600
145300
147000
155700
180400
187300
197600
207700
211600
215900
217600
228000
253100
258600
267000
283700
285700
297500
302600
304400
310400
335200
341800
345100
351000
360000
362500
367000
368900
384700
395200
397100
402300
415800
417700
425900
428000
454500
459300
461100
472600
478000
479900
486400
494900
502200
527100
536100
546800
553100
554900
556700
561900
563900
582500
584700
609500
613500
625100
627400
630700
658100
669700
672900
675400
680700
687900
691000
702800
714400
716300
723100
738600
740500
742300
757100
768900
789400
791100
800200
811600
813700
820400
833500
847500
855400
857400
863500
865700
882400
891600
902200
904400
927200
934100
937000
939200
956300
958400
971100
977000
1000200
1002300
# OFFOEL
# duration (msec): 1000
# repetition number: 53
4500
6300
8000
12700
22800
24700
27400
35500
45200
49900
58300
78400
80300
84800
91000
103100
126900
134000
143600
145400
147100
156000
169800
181000
196700
199200
207800
211500
215600
217600
230000
242200
258000
267200
283500
285500
297700
300100
303300
305600
311000
335700
342000
344500
350800
359900
361900
367000
369100
373200
385500
395300
397300
402100
416400
418500
425900
439300
454300
456700
459900
461700
472800
478200
480200
486900
494900
501700
513200
527600
535500
546800
552900
555100
556800
561800
563700
582400
609600
611600
613800
624800
626900
630800
633100
657700
670100
672500
675100
680700
688200
702700
714300
716400
722600
727600
738700
740600
742700
757000
768800
788900
790800
798900
811300
827000
833800
847300
849500
855800
863900
866700
891600
898500
902400
927400
929600
935100
937600
956400
958400
965000
967500
977200
1000500
1002600
# OFFOEL
# duration (msec): 1000
# repetition number: 54
4400
6300
11800
18500
22900
24800
27300
35900
39800
44800
49700
58300
66600
77800
79700
85100
91000
102800
126800
135200
143300
145300
147100
156900
179600
183200
187400
197700
207800
210700
215700
217500
225900
242200
253900
258000
267200
283600
297000
299300
303300
305500
310600
325900
335500
341700
344000
350900
359900
361700
367100
369700
384600
395300
397400
402400
416000
418300
425900
428200
454400
459300
461300
472500
478100
479900
486900
494300
496400
502000
527500
535500
547200
552700
554600
556600
562700
582000
583900
595400
609400
612600
614900
624700
629000
632500
657400
669800
673500
675900
680700
687500
702100
704100
713900
715800
723300
738700
740500
742300
757400
768500
788300
790200
792000
799100
801800
810900
827700
833500
847800
849700
855800
858000
863300
865600
891200
902200
904500
922400
927500
935600
937500
939800
957000
959100
966700
977200
979300
1000600
# OFFOEL
# duration (msec): 1000
# repetition number: 55
4400
6100
8100
12300
22900
24600
27400
35800
44800
49600
58100
65900
78200
80400
84300
91200
102400
126600
134100
143700
145500
156200
170600
181100
188400
197100
199200
207200
211700
215300
217000
219500
225700
242400
253700
259000
266900
274300
284000
297400
300000
303400
310300
333700
341100
344000
350900
359800
362100
367300
369100
384500
395300
397100
402100
410700
416200
426100
439300
454000
459300
461300
467200
472100
478100
480200
486700
494700
501600
518700
526800
546500
553400
555100
557700
562100
564200
578800
582100
583900
588800
609200
612500
614600
625000
630500
633300
652300
658800
670000
672800
676000
680800
682700
687800
702500
714200
716000
721700
728100
738800
740600
742400
757400
774200
788800
790600
792600
799600
801700
811100
813200
826700
833700
847300
849100
855700
857900
863600
865800
880600
891800
902100
927000
936500
938500
956200
958100
969600
977300
1000300
1002600
# OFFOEL
# duration (msec): 1000
# repetition number: 56
4500
6300
8400
11800
13700
23000
24800
34900
38400
44900
49900
57800
59900
65600
78200
79900
85000
91000
93200
102700
116500
127100
134500
143700
145400
156000
170100
179700
187300
197900
207400
211000
215200
217300
219400
226000
243200
253500
258800
267400
283600
286100
297300
299600
303400
311700
334900
341600
344900
350900
359800
361900
367100
369500
372800
384400
395300
397000
403200
411300
416300
418100
425900
427900
454300
459500
461400
472500
478000
479900
486900
494700
501700
527600
535700
546700
553200
555100
558200
562000
582100
588400
593700
609600
612700
616100
625000
631200
633700
657700
669900
673400
675800
681000
688200
691000
702900
714900
717200
722400
738700
740600
742900
757100
788900
790900
799800
811300
813300
827800
833600
847400
849600
856000
857800
864300
866500
891600
902000
904300
922400
927600
935900
938000
955700
958000
965200
976800
979000
1000700
# OFFOEL
# duration (msec): 1000
# repetition number: 57
4600
6400
9700
12700
15100
22800
24600
29000
35200
44900
47000
50400
57900
60200
66100
78300
80100
85200
90700
92700
103000
126500
134200
143500
145300
155700
169800
180900
189100
197500
206900
210200
213500
216400
218300
225300
242300
257600
267500
283400
297700
299500
303300
310900
334700
341300
343400
350600
352500
359900
361900
367200
369100
371700
384600
394900
396900
399000
402500
416100
418400
425800
427600
439000
454600
457200
459900
461800
467000
472400
478400
480200
486800
494800
501400
523300
528600
546300
553300
555100
557000
561900
564300
582400
584700
589400
593700
604300
609400
613700
624700
627100
631500
657400
669300
671700
674900
681000
688200
703000
714300
716200
722900
728100
738800
740700
743100
757000
768900
788900
790700
799800
811700
820700
827300
833500
835500
847500
855500
858600
863700
865900
880800
891700
902500
927300
936300
938500
956900
958800
965100
977300
1000700
1003200
# OFFOEL
# duration (msec): 1000
# repetition number: 58
4500
6300
8000
12400
22800
24500
27200
35700
44200
46600
49700
58300
60300
65100
72800
78300
80200
84900
90700
102900
115400
127400
134100
143600
145400
147600
155900
170800
180500
183400
187800
197800
207400
212000
215300
217800
225800
236500
242900
253200
266800
283400
285100
297700
300100
303500
305500
310800
325700
332400
335500
341900
344200
351000
360000
361800
367200
369100
371400
384700
394900
396700
398700
402100
411200
416300
418400
425800
427700
434300
454500
459400
461300
466700
472600
477800
479700
481500
486600
495000
497000
502200
527400
535500
541700
546700
553200
555000
557400
561900
563800
578500
582500
594200
609100
612400
614800
624500
626400
631600
657900
670000
672400
674500
681200
688000
702600
714400
716500
722600
738700
740700
757100
768100
775300
788500
790400
792200
799400
811400
813600
832800
847100
848900
855800
863400
865800
881800
891700
902000
903900
911800
927300
935300
937800
956100
958600
965200
970800
977500
1000600
1003300
1746900
# OFFOEL
# duration (msec): 1000
# repetition number: 59
4500
6300
11500
22900
24700
35500
38100
44800
47100
51400
58000
60000
66000
73900
78800
80900
85400
90700
92900
103400
126500
133600
143300
145100
146800
156300
169300
181000
187900
196700
199900
208700
212200
216300
218400
230600
242000
257700
266500
268500
283400
296000
298600
302900
305000
310800
326000
334500
341800
344900
350900
352900
359800
361900
367100
369700
384800
394900
396700
402700
411400
416500
425600
427600
454100
456000
459900
461800
472700
477800
479700
481500
487300
494900
497300
502200
527600
534900
546400
548900
553400
555200
557000
561900
564000
582300
584400
591100
609600
612800
625200
630500
632900
657800
668800
672600
675500
680600
687400
689700
702300
714300
716400
727900
738800
740900
757300
768200
775000
788600
790600
792500
799800
802100
811500
829000
833800
836200
847900
856100
859000
863100
865200
891900
902400
927200
929400
936300
938600
956500
958500
970900
977300
1000700
1003000
# OFFOEL
# duration (msec): 1000
# repetition number: 60
4600
6300
8100
12600
22500
24400
28400
35600
39000
44600
47400
51300
58100
66100
78000
80100
85200
90800
103100
116900
127600
134400
143400
145200
147000
155800
171700
180100
187300
197300
201500
208300
212000
215700
217600
227400
235900
243300
253600
259200
267500
283800
297100
299500
303000
305300
309900
334700
341500
344300
351100
353200
360000
362100
367200
369800
384100
387200
395300
397500
402000
416100
418500
426000
427800
454900
459500
461600
472800
478100
480100
486700
494600
501300
527600
536800
546700
552800
554800
556800
562000
582900
585100
592800
604300
609500
612000
614100
624900
631100
633500
657700
670300
673000
675100
681000
688600
703200
714600
717000
727500
738600
740500
742400
757400
768800
788800
791000
799200
801300
811300
827200
833400
847700
855600
857500
863700
865900
891300
902000
903900
917900
927400
936400
938600
956900
959400
965700
971000
977000
1000600
# OFFOEL
# duration (msec): 1000
# repetition number: 61
4900
6600
12200
22600
24800
35100
40300
44700
50300
58600
67400
78000
79800
85200
91100
103500
127400
143300
145200
146900
156600
181200
197500
206900
212000
216400
218700
252900
267300
283700
296900
299500
303500
310600
334700
341600
344400
350900
360000
362000
367100
369400
384500
395400
397300
402000
416200
418200
425900
427800
447900
454700
459700
461700
472600
478100
480000
486900
495100
502000
527300
535200
546700
553400
555300
561700
582300
585000
604000
610100
612900
615200
624700
631000
633100
658100
669800
673500
675400
681200
688500
703100
714500
716600
722400
728100
738700
740600
757100
768600
788900
790800
792600
799700
811500
820500
833600
847200
849600
855700
863100
865400
891800
902000
904000
927200
936100
938200
956700
958600
965500
970700
976600
978900
1000600
1002500
# OFFOEL
# duration (msec): 1000
# repetition number: 62
4600
6300
8300
12400
15500
22800
24900
28100
36400
45100
49700
58300
65600
78600
80600
85100
91100
103000
126800
134000
143700
145500
156000
170000
181300
186800
197900
208200
212000
215900
218000
225900
235400
253000
267100
283700
297600
300000
303500
310700
325800
335000
341300
344300
350800
352900
359800
367100
369400
384800
395600
397600
402600
410700
416300
418200
426000
427800
438300
454200
459100
461100
478100
480300
486600
494900
497100
501300
527500
542600
547200
553300
555500
561500
563400
581800
584200
604000
609400
613000
616500
624700
631300
657400
671000
675100
680700
688900
702700
714100
716500
722000
738900
741600
747800
757300
768500
788900
790800
793000
799600
811100
827000
833500
847400
849500
856200
863100
865300
891500
902500
904800
927200
929600
936800
938900
956500
958700
965600
970800
977800
1000600
1002700
# OFFOEL
# duration (msec): 1000
# repetition number: 63
4400
6300
11300
13200
22900
24700
27100
35400
45000
50400
57700
59900
65800
78400
80200
85200
91000
103700
116300
127200
134300
143600
145300
147100
156300
170400
181100
184100
196500
199000
209000
212100
215800
218000
226100
242200
253600
258400
267600
283700
297600
300600
303200
305200
310900
335300
342000
345200
351200
360000
366800
369000
372500
384200
395100
396900
398900
404200
411700
416500
426100
448100
454300
459900
461800
478100
480000
486300
488300
495000
502000
526800
535400
546500
552700
554600
556500
562100
581600
583800
588400
593800
604300
609900
613700
624800
630400
632600
657500
669800
673800
675900
680900
688300
702700
714500
716500
727900
738800
740700
742500
756900
769200
788900
790900
799300
801800
811000
833000
836400
847800
855200
858500
864200
866300
891400
902100
906400
927200
935900
938100
956300
959100
965300
971700
977300
1000400
1002500
# OFFOEL
# duration (msec): 1000
# repetition number: 64
4400
6300
11800
14000
22700
24600
28300
35000
38700
44700
46900
50600
59100
65800
78100
80000
85200
90900
103300
116800
127000
135200
143400
145200
147100
156200
172100
180000
197800
207500
210600
213400
216300
218700
225500
236700
242400
253300
258400
267600
283700
297900
299900
303400
305900
310500
334700
341800
344200
351000
352900
359900
361900
367000
369400
372400
384700
395100
397000
402200
410500
416600
418800
426000
428000
447900
454500
459800
462000
466800
472500
478300
480200
486800
494900
501100
516200
527400
535800
546000
548700
553500
555500
561800
563900
578000
582500
593100
604300
609800
613400
624700
627900
631300
653800
658400
669900
673400
675800
680900
687800
690100
702700
714200
716400
722600
727000
738600
740500
757300
768500
789200
791100
799000
802200
811300
820800
827100
833600
847800
850200
855800
863600
866000
873000
881700
891600
894400
902500
904400
911400
927300
935000
937400
956000
958500
965700
971900
977800
990900
1000700
# OFFOEL
# duration (msec): 1000
# repetition number: 65
4300
6100
7900
12300
23000
24800
28000
35300
44300
48500
58400
66500
78000
79800
85000
91300
103000
126900
133900
143800
145700
156200
180600
187400
197100
206600
211900
216000
217800
226700
242700
253100
259300
267300
283500
297200
302800
305500
310800
325900
334100
337300
341800
345900
350900
359900
362300
367200
369100
371800
384300
395300
397200
402300
410300
416400
418600
425800
427900
448300
454600
459600
461500
472600
478000
479900
486800
494400
496300
501700
526800
535600
546800
552600
554800
556700
561900
582300
588000
604700
609700
612600
614600
624900
628000
632500
657900
661500
671000
673700
675700
680700
687700
690300
702600
714500
717100
721600
727700
738600
740500
742600
757200
768200
789200
791100
799400
801400
811800
821700
828100
833300
841300
847300
849700
855500
857500
863600
866200
881300
891500
902400
910900
917900
927200
936000
938000
956000
958400
965600
970700
977500
1000200
1002300
# OFFOEL
# duration (msec): 1000
# repetition number: 66
4400
6200
8100
12000
14400
22900
24900
28500
35400
44800
47200
51300
57900
59900
66400
78500
80400
85300
90900
103100
115900
127300
133700
143600
145700
155800
170000
180700
185900
198000
206500
211100
215600
217800
226100
236600
241900
257500
267000
283500
285300
297500
299800
303600
310000
325700
335300
341800
344200
351100
359600
361700
367000
369000
373300
384800
395200
397000
401700
410900
416200
418400
425800
427900
439100
454200
456700
459900
461800
467500
472500
477900
479900
486500
494700
496900
502200
527500
535600
546500
552600
554600
556600
562200
582000
588900
596800
609000
612400
614600
624800
630000
632700
656300
659400
670600
673600
680900
687800
703100
714300
716400
722000
727400
738600
740500
742600
747000
757000
768600
788900
790800
793100
799600
802000
811500
826000
833400
847500
849600
855500
862300
864800
867100
882900
891500
893600
902300
925100
927900
934800
937400
939800
955800
958000
965300
971300
977200
1000600
1003500
# OFFOEL
# duration (msec): 1000
# repetition number: 67
4500
6400
11800
22600
24600
28900
35600
38900
44700
50100
58900
66800
78100
80400
84600
90800
102800
126600
134200
143400
145200
147100
155200
178600
186300
197600
207500
211500
215600
217600
226100
242100
253000
258400
267100
283700
297400
300800
303400
310500
326900
334900
341800
350600
352600
360200
366500
368600
371600
385100
395200
397100
402600
410700
416300
418200
426000
428300
448900
454700
459600
461600
468200
472600
478200
480200
486800
494600
502300
517300
527800
535200
546200
552900
555000
561700
564400
582700
588200
594000
604000
609000
612200
614500
624800
627400
631200
634100
652400
658100
669300
673100
680300
682200
688500
703000
714400
717900
722400
739000
740900
756800
767800
788500
790600
792800
799400
811000
821000
828000
833700
836300
847600
855700
863900
867200
881600
891200
902100
912600
923600
927500
934300
936900
955700
958200
964500
970700
977100
1000300
1003800
# OFFOEL
# duration (msec): 1000
# repetition number: 68
4600
6400
12300
22900
25100
35000
38500
45000
50100
58400
60500
66200
78600
81700
85800
91100
104000
127400
134500
143700
145600
180400
196700
208000
215400
217300
236400
242500
253300
258000
267900
283800
297400
299300
303700
310700
334600
341700
343600
351000
359900
362100
366900
368900
384200
395000
397000
402500
410600
416300
425900
428000
439200
454200
459900
461900
467600
472700
478200
480200
486700
494700
501700
527700
534800
546600
553100
555100
556900
561900
582500
588400
595100
604500
609400
612800
614700
625400
631400
651500
658300
668900
671500
674700
681000
687400
690000
703300
714500
716500
726900
738800
740800
746900
757500
767600
789000
791000
799300
801300
811400
827500
833400
846900
849200
855400
857400
863900
866700
884100
891600
898600
902300
917600
927100
929400
934800
937700
956000
958000
960200
965900
970700
977500
1000600
# OFFOEL
# duration (msec): 1000
# repetition number: 69
4300
6100
7900
12600
22700
24600
27100
35400
45000
47300
50500
58400
66300
73100
79000
80900
85100
91000
102000
105400
127100
133900
143800
145600
147900
156200
170300
180100
197000
207400
211400
215800
218000
241500
253000
258900
267400
283600
297500
300000
303500
305400
311000
336700
342100
345400
350900
359700
361800
366800
368600
371100
383900
395300
397300
402400
416400
425900
428200
438500
454300
459600
461500
473000
478200
480200
486800
494600
501700
522200
528000
536000
546300
548900
553100
555100
557000
562400
582100
593100
604200
609300
612900
615100
624600
630500
657300
663200
670600
674900
680600
687800
703000
714400
716800
723100
728800
738900
740900
746700
757100
775200
789000
791000
799300
801500
811500
820700
833200
847200
855400
863300
865500
891200
893300
902000
911800
926900
934100
936800
939000
956100
958100
965200
970800
977100
990900
1000600
1002500
# OFFOEL
# duration (msec): 1000
# repetition number: 70
4700
6500
11400
13300
23000
24900
28100
35400
38200
45200
49000
58400
61300
66600
78200
80200
84600
91100
104300
116400
126700
135200
143900
145800
155900
172800
180700
197300
199800
208900
212800
216500
218500
227400
237400
243900
253400
267400
283400
285400
297600
300600
303700
305900
310400
332400
336300
341500
350600
359900
361800
367200
369500
384500
395200
397100
401700
403800
416200
418500
426000
428500
447400
454700
459600
461600
467300
473000
478100
480100
486500
495200
502000
511900
527500
535600
546400
552800
555000
557200
562000
579200
583000
588500
593400
605600
610400
613800
625200
630700
632900
657600
665500
669200
672000
674700
681000
683600
688500
703300
714200
716300
721900
729000
738900
740900
757600
768500
789000
790900
793200
799800
811500
820600
833000
847600
855700
862500
864900
880500
891500
902300
904800
917500
925600
928200
936000
938100
956600
958800
965600
971600
977200
1000500
1003100
