# OFFOEL
# duration (msec): 1000
# repetition number: 1
4000
5700
7400
12000
22500
24200
26100
35100
38100
45000
50000
57600
59600
65800
78900
80700
85000
90800
102500
126600
133900
143300
145000
146700
155900
170200
180900
197200
200600
207700
210800
215700
217400
219200
226500
237000
242400
254100
266800
268900
283600
285600
296700
299100
303200
305400
310700
327200
334700
341600
343600
350800
359900
361800
366700
368500
371900
384100
395300
397100
402400
411000
416200
418000
425600
427500
453900
455900
459600
461600
471900
478100
479800
486500
488500
494900
501300
526800
536400
546400
552700
554500
556300
562200
564100
582500
584400
608600
612300
614600
624600
626800
630900
633000
658100
666600
671000
674000
680500
682900
687700
702500
714400
716100
722700
727500
738600
740400
742500
747300
757500
768600
789000
790700
793000
798600
800700
811300
832800
835100
846800
849200
855300
857200
863500
865500
890400
892600
902000
903900
927100
929000
936000
937800
956000
958100
965300
971500
976700
979200
994900
1000400
1002300
1022800
1028000
1029800
1053900
1064200
1066600
1071800
1078200
1080000
1085800
1087700
1093600
1111900
1125100
1134400
1142100
1150000
1152000
1154200
1156700
1174200
1185000
1189400
1196900
1209700
1211800
1222100
1233000
1238700
1242800
1249900
1254100
1256000
1272100
1283300
1288900
1291300
1294500
1296400
1301900
1310000
1311900
1314100
1336900
1343500
1362600
1391000
1392800
1397800
1402600
1410400
1412200
1414200
1418600
1428800
1431800
1449500
1465300
1476000
1477900
1485600
1487500
1498000
1514900
1530500
1541700
1551300
1578600
1591400
1593200
1608200
1614900
1625900
1637000
1638800
1640500
1655700
1659600
1661500
1669700
1678200
1690600
1703000
1704800
1713200
1720100
1732300
1740800
1742700
1754700
1756600
1767900
1778700
1785600
1812400
1814400
1824800
1832200
1841200
1853700
1867400
1875500
1877600
1888600
1898100
1912700
1914500
1932900
1935300
1948300
1959100
1964800
1969200
1999300
2013900
2015800
2029300
2032100
2034000
2051300
2057700
2066100
2072100
2077500
2082100
2084100
2097900
2103000
2108000
2113000
2114900
2133100
2135000
2137600
2169500
2180000
2182000
2194500
2210000
2211900
2228700
2234300
2254700
2256500
2264200
2266500
2276100
2278500
2280400
2292600
2301400
2316900
2330900
2339700
2344600
2369500
2371800
2375500
2381600
2399800
2401500
2411200
2432400
2434500
2440300
2452300
2458900
2479300
2491500
2495800
2497800
2509700
2525100
2527000
2544200
2561000
2577000
2586900
2588900
2592600
2598200
2600000
2611900
2614000
2624000
2626200
2628500
2637800
2648600
2655700
2660900
2696000
2697900
2724200
2737800
2739700
2748600
2754400
2767000
2769100
2774200
2795100
2807300
2821600
2823500
2835500
2840200
2842300
2846600
2848700
2858300
2876900
2895200
2913200
2924500
2935100
2937000
2938700
2945800
2955100
2957400
2967000
2981600
3013100
3024100
3026300
3041900
3053700
3062600
3087700
3089500
3095300
3100900
3111500
3119600
3132500
3150500
3162200
3164100
3166200
3185600
3187500
3198200
3210600
3212500
3227400
3233600
3236500
3246300
3260700
3268800
3277800
3283900
3288100
3294000
3319700
3337300
3339600
3349600
3353500
3366400
3375000
3382800
3385100
3396300
3399500
3421500
3428900
3448700
3453700
3455500
3468500
3470800
3474600
3481100
3491900
3493900
3496000
3505200
3511800
3536200
3538100
3543300
3552100
3553900
3568600
3570900
3577800
3586300
3594400
3608000
3618600
3641200
3647900
3659800
3671300
3685400
3687200
3710500
3722100
3743300
3747500
3753700
3755800
3766100
3770000
3772000
3782600
3801000
3806500
3808500
3810400
3818800
3833300
3835400
3837600
3841800
3859100
3876400
3883700
3890400
3897700
3899700
3914000
3919500
3930000
3954200
3956400
3972600
3984300
3999500
4003700
4005600
4010200
4042200
4044400
4056000
4062700
4064500
4071000
4075000
4083200
4086200
4088000
4102600
4114500
4130700
4168400
4174700
4185100
4189400
4191400
4201700
4210400
4215700
4222600
4225800
4227700
4232700
4237300
4239600
4248500
4250500
4263500
4280100
4291800
4296000
4297900
4303200
4313200
4315300
4321000
4324100
4330100
4347000
4370700
4387800
4391000
4392900
4399800
4404900
4424500
4429000
4431500
4444900
4447400
4452200
4462900
4467900
4488500
4500900
4505800
4507700
4521900
4524000
4533600
4537500
4540000
4555800
4557800
4562700
4585700
4591300
4598200
4609500
4638700
4649500
4652600
4661600
4670500
4672700
4685000
4696000
4712200
4714500
4726900
4728900
4738200
4740200
4742400
4752600
4769800
4789900
4793900
4800200
4807000
4808900
4821800
4832500
4847600
4850900
4870800
4880700
4882800
4893200
4898900
4900900
4908800
4923500
4925500
4931000
4933000
4962900
4979300
4986700
4994500
4999800
5001800
5017000
5022600
5030800
5033100
5056200
5058100
5060100
5072100
5083000
5085900
5088000
5091500
5093500
5110400
5112300
5131500
5136700
5144200
5154700
5158900
5165300
5171900
5181100
5204100
5210000
5216200
5222900
5242700
5245500
5275000
5277000
5284100
5286200
5293200
5299700
5324100
5332500
5343000
5347100
5362400
5364300
5370600
5385100
5394700
5401000
5419500
5431300
5436300
5438300
5447000
5452100
5458000
5460000
5468600
5474400
5476400
5480400
5495000
5497100
5511000
5517100
5527400
5529300
5531400
5538300
5558600
5560800
5566300
5574500
5576600
5622200
5632900
5642500
5644500
5652300
5654700
5659900
5677700
5686900
5689100
5702800
5704700
5706500
5727600
5753900
5755900
5762200
5764100
5769200
5771600
5783200
5792200
5801200
5807500
5827000
5831600
5833900
5841500
5847800
5849700
5860300
5870600
5882800
5897800
5914600
5920100
5925600
5937400
5959200
5961100
6006400
6027900
6034500
6050000
6055100
6064000
6071600
6086600
6093000
6094900
6107200
6120000
6147300
6160200
6180700
6187000
6189300
6191500
6197900
6204800
6207100
6218500
6220500
6246200
6253200
6267200
6271600
6273500
6275700
6295000
6297000
6304200
6311100
6313000
6328700
6333900
6336000
6346600
6348600
6370200
6399300
6404800
6415100
6423900
6435300
6441900
6452300
6464900
6470300
6472200
6476400
6478600
6502700
6505000
6522100
6532900
6541700
6548200
6555600
6557600
6562400
6569100
6576100
6581800
6595700
6612100
6614500
6632400
6634300
6641100
6655400
6658100
6678400
6686800
6692400
6709300
6718300
6733700
6749300
6763200
6765500
6780800
6786500
6788500
6793800
6796200
6808800
6813200
6831500
6837600
6839500
6849700
6851600
6869600
6871500
6876500
6878700
6893400
6895400
6907000
6909700
6918700
6929600
6931500
6937300
6941300
6959100
6979300
6981300
7000700
7007400
7010700
7015200
7021200
7026700
7062300
7067700
7074300
7076400
7089700
7107100
7117300
7125900
7140000
7151300
7157000
7170600
7172700
7191500
7193600
7202200
7207500
7228600
7234300
7236900
7242500
7244700
7249100
7256700
7258900
7278900
7299200
7312200
7322200
7324800
7340400
7346100
7350000
7361100
7363000
7370100
7372300
7388400
7404100
7407300
7418400
7449000
7464300
7478900
7481000
7486100
7497800
7502000
7513200
7518600
7524100
7526300
7532200
7539400
7544900
7552000
7557600
7562600
7564700
7575800
7586700
7590600
7592800
7598400
7619000
7626700
7638800
7640900
7664300
7670700
7680700
7685800
7699600
7705800
7708100
7712700
7714500
7720100
7725800
7743800
7746100
7753300
7780300
7785300
7790300
7816300
7821600
7827800
7830000
7854800
7858600
7860700
7863400
7865600
7870200
7900500
7913000
7916300
7918600
7922900
7931700
7937500
7942500
7948200
7958700
7965400
7972400
7978200
7982800
7985000
8012600
8014700
8023100
8025300
8051800
8074500
8082200
8087700
8090000
8101000
8119000
8137300
8150600
8153300
8158800
8161600
8170500
8174500
8195100
8204500
8206600
8226800
8240100
8245000
8247100
8260900
8272300
8292400
8294400
8296900
8303200
8307500
8309500
8345700
8352800
8357100
8359100
8367500
8384400
8394400
8396600
8411700
8416000
8419700
8437900
8457600
8478100
8482800
8484800
8495900
8497900
8499700
8502200
8522300
8543600
8555900
8567600
8588900
8591100
8611800
8623200
8625100
8636600
8657100
8659100
8665300
8678600
8680500
8691200
8699900
8722500
8730900
8734000
8743200
8749200
8751400
8764200
8771200
8780200
8782100
8794700
8815100
8822200
8824000
8831200
8840000
8859300
8870900
8892900
8916200
8922200
8928100
8934400
8943600
8945900
8961800
8969400
8995400
8997300
9003500
9006100
9017200
9047400
9049200
9060000
9064700
9067800
9069900
9080300
9082300
9115300
9117200
9119300
9147600
9175600
9180000
9181900
9196800
9199000
9205700
9207900
9213400
9234200
9236800
9247500
9249600
9257300
9264500
9274200
9284900
9287200
9297000
9305800
9307600
9337500
9347200
9349400
9368200
9375500
9391000
9395800
9406900
9419200
9421200
9434800
9448900
9451100
9461500
9463600
9475300
9477300
9491100
9497500
9516000
9531900
9555400
9562600
9576400
9586200
9596400
9599100
9611300
9617000
9627800
9632300
9643100
9645200
9663400
9665600
9683800
9691500
9710600
9727300
9729300
9739700
9765400
9767800
9777400
9792600
9794800
9821200
9847500
9858000
9860100
9873900
9876300
9896500
9910800
9912900
9921600
9926900
9932700
9943700
9954200
9956300
9962200
9975700
9977600
9979900
9996900
9999000
