# OFFOEL
# duration (msec): 1000
# repetition number: 1
5100
7300
32600
37100
39400
44600
46800
49900
54000
61100
132500
136500
138600
140400
142200
144200
146000
148500
150900
182800
187500
193200
198200
219100
221900
224500
226600
228700
232800
235900
241800
298100
301100
303400
305200
307100
309000
311300
313500
315400
317900
345500
347800
350000
352100
353900
355900
358000
361200
363500
367200
374300
385300
426700
430500
433300
435700
437600
439600
441900
444100
480200
493200
498000
504900
507300
509600
512000
514800
518100
520300
559100
562900
599300
603100
605800
607800
609900
612100
614200
616100
618400
621000
624700
663000
665600
667400
669200
670900
672700
674500
677700
679700
681800
683800
687700
690600
720900
725400
728600
734400
778500
793600
796500
799700
803400
806400
811400
886500
890300
893000
895300
899200
983200
989900
# OFFOEL
# duration (msec): 1000
# repetition number: 2
5200
8500
19900
38400
42300
46600
52800
56000
133500
138500
140600
143000
145600
148000
151500
156600
182700
187900
190900
218100
223200
226300
229900
233600
237100
295100
299700
302000
303900
305900
308300
310500
312600
315400
319100
346100
349100
351300
353300
355800
358000
360400
364200
367300
386600
393200
427600
431000
433200
436000
438100
441500
447000
449500
482500
499800
504200
508500
513700
517400
520500
561100
599600
603400
606400
608900
611000
613100
615200
617800
622100
662300
664300
666100
668100
670000
671900
674300
676600
679100
681300
683600
685700
691000
719700
725200
729100
790200
796600
799500
803800
809300
822100
886600
890200
892700
895200
939500
984000
987600
# OFFOEL
# duration (msec): 1000
# repetition number: 3
4900
7000
21800
31400
36200
45000
48600
51100
55400
66600
132700
136600
139100
141500
144100
146700
150500
157000
186100
189600
215700
223000
225900
228500
231400
234200
237900
242000
298500
300700
302900
305300
307400
310100
312400
314600
317300
344600
347600
349900
353000
354900
357200
359500
362500
369100
376700
385700
393300
427400
431900
435000
437600
441000
444100
493800
505200
508200
510400
512500
515300
517300
522700
560600
565500
600400
603100
605800
607600
609900
612500
614900
621300
662000
665500
667600
669500
671200
673100
675000
676800
679300
681800
683900
686400
688300
722000
725600
786800
795100
799100
802500
805500
808200
811300
817000
885000
888100
890400
893100
899800
942300
985600
997100
# OFFOEL
# duration (msec): 1000
# repetition number: 4
5300
7300
10000
24400
36700
44700
48800
53600
62000
131600
135500
138800
140700
142500
145000
147200
152100
183800
188900
195800
217700
223000
226000
230100
235200
297200
300300
302700
305000
307100
310100
312200
314400
317100
341300
345600
349300
351900
354200
356300
359000
361400
364800
367700
388400
425400
429400
432400
434300
436300
438700
441100
445100
450100
492400
502200
506100
510000
512900
515100
517700
526100
560500
566200
601400
603700
606100
608100
609900
611800
614500
617500
620400
660600
664100
666500
668300
670100
672000
674100
676300
679500
681800
684800
687400
691000
720500
724500
729400
779900
794100
796900
801100
804800
807800
811000
886700
889700
892400
895700
939300
984100
988400
992800
# OFFOEL
# duration (msec): 1000
# repetition number: 5
5000
8900
34200
39200
44900
50000
53700
57700
133900
137500
140100
142100
143900
146700
149200
186900
193700
219900
224600
227000
229600
232600
237000
242000
297800
300200
302400
305100
307200
309300
311700
314200
316600
345200
348000
351200
353500
355800
358400
361600
364300
367700
380700
395600
427200
431500
434300
436800
439600
442600
445700
490400
503000
507200
511000
515300
519000
557900
566600
598700
603700
607000
609200
611400
613700
616200
618700
622100
662900
665000
667000
668700
670900
673100
675000
677200
679300
681600
684100
686900
691300
723000
728100
733000
781500
793800
799000
801200
804100
808800
813000
886200
888800
891700
894600
898300
936000
986400
990800
1549400
# OFFOEL
# duration (msec): 1000
# repetition number: 6
5300
8100
11200
32800
41600
47000
50400
55000
60400
125700
135200
137800
140600
142900
145100
149800
185000
189500
198600
219400
223700
226700
229700
233800
239900
299200
301600
303800
305600
307800
310500
313900
316000
342800
345800
348700
351300
354200
357800
360100
363100
365200
368100
380300
390000
426100
431000
433800
436100
438500
441900
444500
446500
481000
495300
503800
507100
509700
512000
516700
522000
561300
601000
603300
606200
608500
610400
612600
614500
618900
624200
660800
664100
666200
668400
670200
672300
674500
676400
678600
681400
683900
686300
691300
722200
727700
730900
794700
797300
801000
804400
808900
814300
884500
889000
892000
895200
940100
983700
993200
# OFFOEL
# duration (msec): 1000
# repetition number: 7
5800
8800
30200
41100
45300
54500
61100
131500
136900
139600
142000
144100
148200
150300
187700
194400
219000
223600
229900
232400
237800
298800
302100
304400
307100
309300
311900
314900
317900
344800
347800
350400
352600
354800
358000
361200
364000
367500
390600
427600
432100
434400
437500
440300
443100
445200
475800
486600
501400
506500
510000
513500
516400
520600
556700
564900
600300
604100
606400
608300
610500
613000
615400
618500
625100
662300
664700
666600
668600
670500
672500
674300
677400
679900
682400
684600
687300
690500
722200
726800
788500
794700
798000
801700
803900
808800
812000
887700
890600
892800
895700
944600
985300
988400
996500
# OFFOEL
# duration (msec): 1000
# repetition number: 8
5300
7300
29400
36400
42200
45300
50400
54800
58500
131700
136600
139100
141800
144400
147400
150700
154400
185200
190400
193100
216600
224500
227900
230400
233400
235700
297100
300500
303300
305700
307700
310300
312400
314700
317000
345100
347600
350500
352500
354600
356900
360600
363000
367500
374500
389000
425900
431100
434200
436500
438400
440600
442700
492200
496800
504800
509400
513500
516700
520200
561100
600600
604000
605900
608100
610500
612700
615000
617500
621800
627400
662700
666000
668100
670100
672100
674000
676200
678500
681200
683600
686000
688200
691600
719100
726000
729100
737400
780300
790800
797100
802900
807500
810200
886200
889700
893300
896300
941100
983200
987100
995400
# OFFOEL
# duration (msec): 1000
# repetition number: 9
5100
9100
22300
38100
44900
49300
54200
134100
137300
139600
142600
145000
147900
152400
182500
190700
194400
215700
222100
226300
229000
232800
241000
297000
300700
302900
305300
307400
309900
313100
316700
345200
348000
351000
353100
355000
357700
360100
363100
365800
376400
388900
426200
430300
433300
436100
438200
440400
448800
490400
501200
504500
507700
511800
514400
516700
520600
563300
601100
605100
607600
609500
611500
613600
615900
618800
662000
664900
667300
669100
670800
672600
674400
676600
679000
681200
683200
685400
690700
723000
726500
733700
785200
795800
799900
803400
805600
809800
884000
887400
891400
894100
897600
939100
982000
989400
994700
# OFFOEL
# duration (msec): 1000
# repetition number: 10
4900
8500
28300
34900
42500
46900
53700
58300
60600
131200
135200
138800
141100
143000
145400
148300
152800
184600
188700
197700
219200
222800
225600
229300
231600
236000
240900
296700
299900
302700
304800
307000
309500
311600
313900
316600
344100
348100
350500
352600
354900
357100
359500
362600
365300
370000
392400
426900
430600
433000
435600
438500
441000
444300
448200
496100
502800
507100
509900
512200
516700
520200
523400
557200
566600
601300
604000
606600
608500
610300
612700
615100
617600
620300
661000
664200
666300
668000
670000
672000
673800
675600
677600
679700
682400
684600
686500
690500
722000
726500
730400
774100
796500
799000
801400
803900
807700
811200
814900
885800
889400
892500
894900
943100
948200
982400
986800
994200
# OFFOEL
# duration (msec): 1000
# repetition number: 11
4900
7000
8900
33500
38900
42300
45800
49200
52500
57700
133700
136600
139000
141000
144000
146200
150100
185400
189100
196900
219100
222300
227600
229600
232200
235000
238900
297100
300100
302300
304700
306700
308700
311000
313100
316100
342800
346900
349200
351200
353200
355600
357600
359600
361800
367600
384800
393000
426600
431100
433300
436200
438800
441900
444100
446600
455700
491700
497300
502000
507100
511100
514200
518100
520700
558000
566800
600300
604200
606600
609900
612100
614800
617300
620800
662600
665300
667300
669200
671200
673300
675400
677700
680300
682800
685000
687100
689000
717500
722300
726700
730300
773500
791900
795600
800300
803400
806500
812300
883000
888700
891000
893200
896200
941000
985800
990300
# OFFOEL
# duration (msec): 1000
# repetition number: 12
5200
7000
9200
32600
38400
42600
46400
50400
57300
133600
136500
139300
141800
143900
146200
148900
155300
180700
185800
190200
200600
216500
221600
224400
226600
230800
234400
237500
297100
300600
303300
305900
307800
309900
312500
315600
318800
343400
346100
349000
351400
353500
356000
358800
360800
363300
367200
380300
386200
391600
398000
427400
431000
433900
436900
439300
442200
448200
480000
490200
502400
505800
509300
511800
513900
516800
521700
557700
562600
601800
604600
607100
608900
610700
612800
614900
616900
619200
623900
661800
664700
666600
668600
670500
672600
674400
676700
679000
681300
684000
686700
688800
722500
726900
730700
783800
789800
793200
798300
801700
804900
808100
814400
882500
888700
893300
896300
942800
982800
985400
990400
# OFFOEL
# duration (msec): 1000
# repetition number: 13
6000
11800
22500
31500
40100
45600
49000
53000
56300
132400
135800
139500
142300
145300
147400
149900
183100
189200
213300
223600
226700
230400
234500
238900
298400
300800
302900
304900
306800
309000
310700
312800
315000
319600
344900
348400
350900
353100
355100
357800
360200
363700
367100
382900
394800
426200
430400
433700
435800
438600
441200
445000
447800
499600
505000
507400
510000
513600
517400
520800
561700
568000
601000
604500
606600
608600
610500
612700
615200
618500
624100
662500
664900
666900
668800
670600
672400
674600
676800
678900
681000
683200
685400
687800
693600
721800
725100
776500
787100
795200
798700
801400
805800
809300
885900
890100
892800
895500
899000
945100
983200
986500
991500
# OFFOEL
# duration (msec): 1000
# repetition number: 14
5900
7700
27500
37800
41700
46400
50500
58700
132800
136200
140100
142400
145100
147300
149900
182500
188500
193500
215800
219900
225000
227500
230500
234300
237400
296100
300800
303000
305100
307100
309700
312200
314400
317800
320300
342900
347300
349400
351300
353500
355900
358300
360600
364000
367500
373800
388500
427000
430500
433100
435000
437500
440500
443100
445900
481700
493800
501300
505700
510000
512100
514100
516900
519700
552600
560900
599800
603600
605800
607800
609600
611700
614200
616500
619000
621700
662400
665000
666900
668700
670500
672400
674300
676300
678800
680700
682800
685800
688500
720700
724000
729800
788800
795700
799300
802000
806100
808700
812200
886100
889400
893500
896700
950500
983200
991400
1886900
# OFFOEL
# duration (msec): 1000
# repetition number: 15
4800
6600
27000
35500
42100
47000
52100
57500
133700
137100
139800
141500
144100
146500
149600
181300
188300
197900
219800
223500
225700
228100
230400
237700
296600
302000
303900
306000
307800
309900
312800
315600
318900
343500
346800
350300
353300
355100
357300
359800
363100
366600
371800
383100
394000
427900
430900
433700
436500
439200
441800
444400
478000
500700
504800
508600
510700
513200
517300
524100
561700
600500
604900
606900
608500
610600
612700
616000
619500
624400
661700
664900
666900
669100
671000
672900
675100
677700
680000
682200
684300
686700
689200
721300
725200
728000
784700
794300
798400
801000
803100
806800
812400
882500
889400
892300
898200
941300
984900
# OFFOEL
# duration (msec): 1000
# repetition number: 16
4700
7400
9700
34200
44000
49000
52200
57500
131300
134800
137700
139900
142800
145400
147300
149300
151400
181000
185900
191000
196200
216100
219700
224500
227500
230200
234000
237200
297600
301000
303500
305300
307100
309100
311300
313300
315500
319500
344300
346100
349200
351600
354400
356700
358900
361600
364100
366500
371100
377300
384000
400700
425900
429900
432900
435500
438000
440100
442500
446200
488000
501100
507000
509200
512400
516100
519300
528400
557100
562400
570100
602000
605000
607100
609500
611600
613800
616500
619100
623500
661900
664900
666800
668700
671500
673500
675400
677400
679700
682200
684300
686400
688400
720200
724300
729300
778600
794400
799300
801600
805100
808900
813300
885800
888400
891700
898100
941200
979300
984500
990200
# OFFOEL
# duration (msec): 1000
# repetition number: 17
5300
7200
19800
32400
38100
42900
47700
50600
56200
131500
136200
139600
141800
143700
146600
148800
181300
185500
189600
193200
201600
217500
223400
226200
228800
232200
235000
239300
297900
300800
303200
305500
307400
310200
312300
314600
317000
343900
346700
350300
352700
354900
356900
359300
364000
371800
384900
392000
426000
429300
432800
435600
437900
440200
444900
494700
502000
506600
510800
514200
518000
520100
553300
559800
567700
601800
604800
607000
608900
611000
613100
615500
618200
621200
662500
665100
667100
669000
670800
672800
674800
676900
679300
681900
684400
687200
689800
722400
725700
731200
792100
796700
801400
805500
809100
813800
885200
890000
892100
894600
942700
980500
985600
# OFFOEL
# duration (msec): 1000
# repetition number: 18
4800
7000
9300
26100
34300
39100
43900
50100
53700
65100
129700
136300
138900
141300
144300
146700
149200
182500
187200
194800
203800
217900
221400
226800
228700
231100
235500
241900
296200
299700
301900
304500
306700
308800
310800
312800
316700
319700
344200
346900
349400
351300
353400
356000
358200
360800
363200
368300
373200
384900
391300
397100
427700
430800
433700
435700
438000
440600
443600
446500
481800
495100
502700
505100
508100
511600
514900
518200
524300
558900
564000
601900
604700
606900
609000
610900
613200
615700
617800
620400
625200
661800
664200
666300
668500
670500
672300
674700
677000
679100
682100
684800
687200
689800
722700
725700
730900
769800
787000
793300
798300
801700
804500
807600
818600
884200
889100
891500
894700
898500
939800
985700
995400
# OFFOEL
# duration (msec): 1000
# repetition number: 19
4900
6900
12400
30600
38200
42700
49300
53000
56400
133900
137200
139500
142000
143900
147000
149700
153800
183300
188200
193400
221600
224800
228500
231600
234000
241000
297700
300500
302500
305000
307300
310300
313100
315400
317800
344500
347000
350100
352800
355400
357900
361500
364400
369100
377500
389100
395900
427500
430500
434000
437100
440400
442700
449500
500400
504900
508600
511400
514200
516400
520600
524100
556200
564500
601600
604900
607400
610500
612800
615600
617800
620700
661700
664700
666700
668500
670400
672200
674300
676200
678600
680700
683100
685500
689000
723100
728000
778800
793700
798100
802300
807000
811600
884500
887600
890700
893800
901300
942900
983400
986600
989800
# OFFOEL
# duration (msec): 1000
# repetition number: 20
5100
8300
14700
23000
34800
41500
46000
49400
53600
56700
132800
138600
141400
143100
144800
146600
148800
151800
183600
189100
193100
218900
224100
229100
232200
234900
238900
295600
300100
303200
305900
308400
311200
313400
315800
325100
341300
345900
348700
350900
352700
355000
357500
359700
362800
366100
379800
393500
429000
431700
433800
436200
438900
443000
448700
486100
493700
503000
506800
510400
513200
517100
520100
524400
552900
563400
600000
603400
605900
608000
609900
611900
614600
617200
619700
623000
661800
664300
666300
668200
670000
672000
674200
676200
678800
682000
684300
686800
689200
722000
728600
733000
777700
787500
794100
796400
802100
806400
809000
811200
887000
889700
892100
898200
945100
984100
987500
# OFFOEL
# duration (msec): 1000
# repetition number: 21
5100
8000
17700
30900
41200
45800
48100
50500
56500
132400
136400
139100
141300
144200
147000
149400
152400
184100
187700
191900
211600
218900
222700
227100
229900
232800
236300
294300
300100
302600
304900
306900
309100
311900
313900
317200
321100
342700
347600
349700
351800
354000
357100
359300
363300
365800
383000
390500
427500
430700
434100
436500
438400
441200
444200
448600
473700
495100
502800
507900
510700
513300
518200
521000
559700
563700
599500
602400
605100
607700
609700
611900
614200
616600
618700
622300
659900
662900
665600
667500
669500
671800
673600
675600
677600
679500
681900
683800
686000
689000
692600
718300
726100
729400
735300
780100
785600
796200
800400
803700
807900
813200
884500
889300
891600
893900
896600
938900
984800
988900
# OFFOEL
# duration (msec): 1000
# repetition number: 22
5200
7500
9800
27600
32200
35400
42300
47500
49500
52800
58900
130900
135100
137900
141600
143600
145600
148500
152300
183800
189800
194600
218100
222000
226000
229000
232600
236100
242200
297800
301200
303200
305400
307500
309700
311800
315200
320100
342200
346000
348600
350900
352900
355800
358100
360600
364000
377300
386000
399400
427700
431400
433800
435900
437900
441200
444000
448400
481900
498400
504800
507800
511700
514500
517200
523800
562400
569200
601700
605300
607800
609900
612300
615500
618000
621700
661800
664600
666700
668600
670400
672200
674500
676600
678800
680900
683100
685600
688700
691300
720000
726200
730600
776700
791200
797300
800300
803000
806400
809500
886700
890200
892500
895200
942000
982400
986800
991100
# OFFOEL
# duration (msec): 1000
# repetition number: 23
5200
10300
17700
26700
37900
42100
45200
49700
55000
60200
103300
131600
135700
139300
142900
145300
147400
150000
153700
185600
191000
203600
215700
222300
225000
227800
230500
232900
236400
298500
302200
304600
306700
308600
310900
313300
316100
319600
344600
348100
350100
352400
355600
358200
360800
364100
369100
381500
393400
425100
430000
432700
436000
440100
444000
489500
497400
500600
505700
509500
512600
516300
520000
561600
566800
600600
603300
605700
607700
610200
612100
614400
617800
621400
662400
664600
666500
668300
670500
672500
674700
676500
678800
681000
684300
686800
691100
721600
725100
731400
779500
787900
796800
799900
802600
806900
815900
886900
889800
892700
895600
940100
983000
988300
994900
# OFFOEL
# duration (msec): 1000
# repetition number: 24
4800
8200
26400
37400
44000
47900
52000
63200
134000
136500
139400
141600
143500
146800
149600
152400
187200
192400
220200
223100
226100
230000
232900
238100
300200
302800
304700
306900
309000
311400
313700
316700
344800
348700
351200
353300
355600
357800
360400
366300
373000
379800
389700
425900
431800
435100
438100
440700
443800
484500
496300
503800
507900
511300
514100
516500
526400
557300
562400
569800
600700
603200
606400
608700
610600
613100
615600
618800
622500
661300
664200
666200
668300
670300
672500
674300
676600
679000
681600
683600
685700
688500
718900
726100
731300
791400
797700
802400
805700
808800
812400
884900
888400
892100
895100
937600
949800
982200
989300
# OFFOEL
# duration (msec): 1000
# repetition number: 25
5000
8200
17000
33200
39300
43800
49200
53000
57100
131200
135400
138200
141100
143600
146300
149000
182800
189000
195600
216200
220800
225400
228900
234500
238600
297100
300200
304000
305800
307600
309400
312100
314200
317700
343800
348200
351300
354400
356700
359100
362500
365400
373900
388600
398300
426700
431300
434700
436800
439000
441600
444500
497300
503500
509000
512200
516800
523000
557900
570200
600800
605000
607500
609700
612200
614400
616900
620300
661500
665500
667800
669600
671700
674300
676400
679000
681400
683400
686000
688300
722400
729400
733100
785000
797400
801500
804900
809000
815200
884400
889700
892000
896000
936800
982900
989600
995700
# OFFOEL
# duration (msec): 1000
# repetition number: 26
5200
12800
32300
38300
43200
53000
57500
61400
134100
137400
139900
142700
145600
148400
153700
182900
190100
198500
221900
227100
231000
237000
242200
295900
300800
303700
305800
308100
310400
312800
315700
343200
347000
349700
353200
355700
358400
361100
364600
373800
384600
429100
431800
434800
438600
441400
445800
449900
486600
503900
508200
511400
514200
518200
523500
557600
564600
600900
605000
607000
609200
611600
613700
615900
618100
620700
623800
661600
664400
666400
668400
670200
672700
674700
676700
678700
680900
683300
685600
689900
719900
725800
734200
789600
794400
800000
802600
807200
811100
813800
887400
890500
894300
938600
944100
988000
991400
# OFFOEL
# duration (msec): 1000
# repetition number: 27
5300
7600
11600
21600
37700
40700
46800
50500
53900
60700
134000
137700
139700
141900
144400
147300
150100
173900
184700
189100
193900
216300
222800
226600
229600
234400
295900
299400
303800
305800
308300
310300
312400
314800
318800
344400
348800
351200
353900
356200
359100
361800
366700
371200
391000
423600
426700
431200
434600
436700
439900
442200
445300
495500
501600
505800
508400
511700
514400
518900
527800
558200
563000
600400
603400
606100
608900
610900
613900
616300
618700
622400
661600
664600
666700
669100
670900
672700
674600
676900
679400
681900
684000
687100
689900
721600
724600
729400
734600
790200
794000
797000
801900
804900
807400
811800
814700
880800
889200
891400
895100
939800
978800
986300
995200
# OFFOEL
# duration (msec): 1000
# repetition number: 28
5100
7100
12200
33200
40600
44400
49000
52600
131900
135400
138700
141600
144100
145900
149100
153300
181300
188100
192500
200900
217600
222300
225400
228600
231300
235000
239200
245500
296700
299600
303500
305800
307500
310200
312500
314700
318700
344700
347600
350500
353000
356200
358300
361600
364400
367300
374100
384300
393300
426000
430000
434200
437200
440700
443400
449100
477500
491200
501400
505500
509400
516100
519800
562400
599100
603400
605400
607500
609300
612100
614500
617900
623000
663000
665400
667400
669300
671200
673400
675600
677800
680000
682700
684800
687600
693300
719500
723200
729500
734600
783800
792400
798900
802200
804900
809500
814000
881900
887900
892000
894600
938500
984800
990300
# OFFOEL
# duration (msec): 1000
# repetition number: 29
5000
8000
21300
32200
37500
43100
47400
54200
58400
131100
136700
139300
141300
144500
147800
150200
180900
188400
194200
215600
218800
222500
227300
231900
296100
300200
303300
306800
309100
310900
313200
315200
320900
341700
345300
348500
351000
353300
356100
358800
361300
363700
371200
375000
382300
389400
426300
430000
432600
434700
437700
440100
443500
448300
472300
490200
501300
506900
510000
513300
517400
521400
527000
557800
567600
598800
602400
605300
607500
610100
612300
614800
617200
620600
661100
663600
666000
668100
670300
672300
674400
676400
678500
680600
683100
685200
687300
720600
724200
728200
782200
792600
798600
801000
803300
806900
809900
883700
886500
891100
893400
896700
942000
983000
987200
993100
# OFFOEL
# duration (msec): 1000
# repetition number: 30
5100
8300
21100
32000
40500
43400
47700
51900
55900
133900
137300
141300
143300
146300
149000
157100
184700
190000
195000
204200
217600
221700
225700
229900
232500
236000
297500
301300
303800
306000
308100
311900
314700
317700
342600
347100
349900
351800
353800
355900
358200
360900
363200
365300
367900
371700
382600
392700
425600
427700
432000
434800
437900
441900
444600
447500
488800
501000
504400
508200
510900
514100
517100
521300
558800
563300
600900
604400
606400
608700
610600
612500
614800
617500
620900
662300
665100
667300
669300
671200
673100
675500
678500
680700
682900
684900
686900
689700
719200
724400
728800
734400
789300
793500
797700
802700
805400
807500
811600
887500
890300
893000
898100
941700
984700
990300
# OFFOEL
# duration (msec): 1000
# repetition number: 31
5300
7900
12800
26400
37400
43700
48800
56000
61700
134400
137700
140300
143000
145500
147900
150400
183100
190200
194600
199100
218900
222500
225800
228800
232700
235900
241500
298500
301300
304100
306400
308400
310800
313100
315600
317900
344500
347500
350400
353100
355300
358500
360700
362900
367200
386500
390000
427400
430700
435500
437800
441700
444500
452200
476300
488900
502700
506300
509400
513500
516600
521000
558000
564600
598300
603300
605700
608100
610100
612500
614600
617600
620200
623200
662600
665100
667200
669100
670800
672700
674700
676700
679300
681900
684000
686100
688100
720300
723600
727400
731600
777200
787700
795500
800100
803500
805700
808100
815300
887700
890300
892900
899200
940200
983000
986300
992300
# OFFOEL
# duration (msec): 1000
# repetition number: 32
4700
7800
31700
38700
41300
45500
50800
55300
60100
134400
138100
141000
143100
145100
147500
150600
156500
180800
186800
190000
214000
219300
224000
227700
231100
235200
295900
300000
302900
305000
306800
309100
311100
313300
315600
318000
343400
347200
350000
352600
355400
357900
360700
364300
369800
382300
394500
427700
431300
434100
436900
439900
443900
448400
480600
497300
503000
506500
509800
514200
517500
521100
559900
599900
603200
605400
607500
609700
612400
615000
617300
620700
626200
661500
664600
666600
668400
670200
672500
674600
676500
679300
681600
684200
688500
694800
722400
729500
733800
786700
792900
796600
801800
805500
810000
885200
889300
894100
945600
980500
986600
# OFFOEL
# duration (msec): 1000
# repetition number: 33
4800
8500
11400
35000
40500
45600
50500
53000
58100
127700
135300
138100
140000
142600
145200
147600
151200
181000
187700
194400
209000
216800
223300
226200
229000
231500
235400
297800
300500
302600
304900
307200
309600
312000
315200
317800
320600
343400
346500
348800
351100
354100
356900
359200
361600
365900
369900
383500
393300
399000
425900
429400
432000
434400
437500
439900
443000
447200
486400
500200
504500
509400
512500
516400
520300
557300
561300
573500
599800
602400
605900
607900
610500
613100
617000
619400
621400
661800
664400
666500
668500
670500
672600
674700
676900
679000
681500
683700
685500
687800
719900
723800
727400
733600
773800
788100
796600
801300
803900
808300
813500
849800
885500
888600
892400
895500
940800
985200
990000
# OFFOEL
# duration (msec): 1000
# repetition number: 34
4900
10900
34100
40200
44600
49200
53900
60100
133800
136800
138800
141400
143500
145700
149400
151900
176600
184600
190300
194900
216600
219800
224700
228200
230800
234600
238400
295400
300100
302300
304900
307600
310000
312900
316100
319900
343200
346500
349500
352000
354100
356200
358300
360500
363100
370400
385300
393200
424100
430400
433000
435400
438900
442300
447000
451900
475600
486800
494000
502100
507400
509800
512700
515500
518400
524200
554600
562500
567300
598800
603400
605900
608100
611000
613500
616300
619000
623400
662700
665300
667300
669400
671600
673800
676100
678400
680800
683700
688000
691100
720600
727400
772300
790000
795100
800500
803400
806100
809800
813700
885500
888800
893300
896300
899200
943100
984100
989700
# OFFOEL
# duration (msec): 1000
# repetition number: 35
5300
7500
10600
28100
39900
42700
46800
53200
57700
131800
136100
140300
142700
144800
146800
150300
181700
188400
193000
206300
214300
220900
225400
228800
233100
236700
239100
297200
300900
302800
304700
306700
309500
312200
314700
318600
342400
347000
349400
351800
353800
356200
358800
361500
365900
374600
389000
397700
425300
429500
432500
435400
437600
441200
448400
479200
485600
499200
503500
507200
513100
517000
521000
557100
560200
568600
595100
601300
605000
608200
610200
612400
614600
617000
619900
661300
663900
666400
668500
670900
672700
674800
676800
679600
681900
683800
686300
689300
720900
726300
728900
738000
782800
795500
799300
803600
807100
811900
884400
889700
891700
894500
938700
945000
985800
989400
# OFFOEL
# duration (msec): 1000
# repetition number: 36
5500
9200
29100
35400
42300
47100
53100
59000
100500
133300
136400
138600
141200
144000
146900
149900
154800
183000
188400
193000
218300
222500
225000
229400
232000
235600
239900
297300
301400
303300
305000
306900
309300
311400
313600
315900
319700
343500
347000
350200
352800
355100
357900
360000
362600
365500
369800
387400
395300
426700
429900
432400
434900
437900
440800
443200
447900
477000
495500
500600
504500
507700
513100
516300
520500
526200
559700
569600
601500
604600
607000
608900
610900
612900
615200
617300
620900
661700
664800
666800
668500
670700
672900
675600
678200
680600
682400
685100
687900
722800
725500
791600
797500
800300
804400
808600
812300
886900
890700
893700
898300
940200
983300
990200
# OFFOEL
# duration (msec): 1000
# repetition number: 37
5200
12300
14800
36000
43700
50200
56100
132100
135700
138300
142300
144600
146500
148700
156900
184800
190500
204800
219400
223700
227100
231200
235000
242200
295400
300300
303000
305100
307400
309200
313300
316900
320800
343000
347000
349700
351900
354200
357400
361000
364700
371600
383000
392200
425400
430900
433200
436100
438600
442200
447000
482800
491200
499700
507400
512300
515700
518800
525600
555000
563900
600400
603400
605900
608500
610700
612800
614800
618000
621200
663000
665000
667100
669100
671100
673200
675400
677600
679900
682100
684600
687500
720400
724600
733800
781000
791500
799200
803600
807400
813800
849100
886100
889600
892900
896600
937300
982100
987400
990800
# OFFOEL
# duration (msec): 1000
# repetition number: 38
4700
9000
24700
36400
41600
49600
52200
134300
137800
140300
142600
145300
148800
152300
186500
195100
217100
221600
227700
230600
233400
236900
299300
301700
304400
306600
309100
311700
314600
317300
344100
347800
350800
353400
355500
358600
362100
365300
369200
388000
395600
427600
431300
433700
436500
439600
442700
447200
457200
498700
503300
506500
509100
511300
515100
521000
560000
569200
598600
602800
605100
607200
609900
612000
614200
617000
620300
626500
662000
664300
666400
668400
670300
672200
674400
676700
679200
681500
684000
686300
690300
720900
724000
727800
731700
775900
791900
797000
802900
805100
807600
816900
884100
888000
891500
893800
899000
941700
983700
986900
990500
# OFFOEL
# duration (msec): 1000
# repetition number: 39
5100
7500
21800
37100
41300
46400
51400
58000
99500
133400
137500
139900
142100
144500
147100
150600
153600
181900
186900
192800
199900
218000
223100
226100
228700
232200
297700
301400
304100
306000
308600
311500
313700
316000
320700
344000
348100
350600
352700
354600
356700
359200
361300
364100
368500
428500
432400
435400
437900
440100
443800
488500
502700
509000
512300
514900
519700
526500
561600
572100
601000
604300
607000
609100
611700
613700
616700
621500
626500
661600
664800
666800
669300
671200
673300
675400
678200
680500
683100
685300
688000
691100
721600
725800
730000
788200
793300
798300
801600
805300
808900
814200
886800
890600
893900
896600
941500
984000
991100
# OFFOEL
# duration (msec): 1000
# repetition number: 40
5800
8200
14800
35900
40600
45600
50100
54000
60000
135000
138900
142200
144200
146700
149800
181700
189000
194800
218400
223600
228700
231700
235800
243100
297500
301000
303400
306800
309000
311100
313700
318400
345600
349400
351500
354100
356100
358600
361600
370800
383800
398700
429400
432200
434900
437000
439200
441700
445500
493600
497700
503800
508500
511900
514200
518800
523100
559200
567300
601500
604300
607500
609600
611800
614600
616700
619300
623100
662800
665800
667600
669800
671700
674600
676900
679100
681300
683500
685800
687800
690900
720200
725300
731000
780300
791700
798500
802800
806500
810100
885500
889500
892900
897900
945800
982900
989100
994500
# OFFOEL
# duration (msec): 1000
# repetition number: 41
4900
7100
12100
30400
36500
43700
45700
50100
54300
68100
131200
136600
139600
142900
145900
148800
151200
183900
188600
192100
218300
224200
226500
229100
232200
235200
240200
297900
301200
303300
305600
307700
309900
312000
314500
317100
343200
346000
349300
351800
354100
356200
358700
361200
366100
370300
379400
386400
395900
425200
429500
431700
435500
438900
441000
445500
482400
499100
504100
507800
511500
514100
518500
524000
560200
566200
600900
604300
606600
609000
611100
613200
616100
618500
621300
662300
665200
667400
669500
671400
673300
675300
677300
679200
681100
683500
685600
690900
720000
726700
732400
788100
794600
799100
802300
806200
809200
813800
887100
890700
893000
898300
938000
987500
994100
# OFFOEL
# duration (msec): 1000
# repetition number: 42
5100
9100
17200
21400
31800
39700
43700
48000
51400
59400
132100
136700
139200
142000
143900
146500
149800
152200
183800
189200
192700
214700
218500
223700
226100
229200
232600
236000
241100
296300
300900
303000
305800
307800
310300
312300
314400
317500
341300
345500
348800
351100
354200
356400
358700
361700
365900
369800
385000
391300
427800
431500
433900
436200
439600
443900
447600
479000
492000
501600
507000
509800
513200
517400
519800
523300
556700
563700
601400
604700
607000
609200
611400
613500
616500
619200
625000
662200
664700
666700
668500
670400
672500
674400
677000
679300
681700
684000
687100
695700
720900
723600
728000
731500
735000
783400
791900
799100
803000
806100
810800
814800
887100
890000
892500
940300
981800
986800
992300
# OFFOEL
# duration (msec): 1000
# repetition number: 43
5100
6900
29000
37700
41600
44800
48400
51600
55900
113200
133000
135300
137600
140600
143300
147400
150100
153600
182200
188500
193900
214000
219700
223800
227600
230400
234700
238900
290300
299000
301100
303200
305500
307900
310400
313600
316000
345000
347700
350700
352900
354900
357100
359200
364000
368000
378200
391200
400300
428300
431400
434800
438000
440400
442800
445400
480300
491200
502600
506800
509600
512200
516400
521000
560200
571000
601100
603700
606200
608300
610400
613600
616100
619100
623200
661700
664100
666200
668800
670700
673100
675000
677400
679600
681500
683400
686100
690700
723000
726700
731000
784300
792300
799200
802300
806100
810000
883800
888500
891000
894200
897400
940100
984200
989700
# OFFOEL
# duration (msec): 1000
# repetition number: 44
5200
13500
23500
38200
42400
48600
52900
58600
94000
131300
136300
139500
142000
143900
146900
149900
154300
184700
188700
193000
199800
214500
224100
227000
230500
233500
235700
297700
301600
303500
305400
307900
310300
312500
314800
322600
343100
346900
349300
351600
355200
357600
361200
364800
372300
391800
423100
428500
432400
435100
439200
442300
447600
478800
491400
499400
504100
507000
511000
514700
519600
556100
562500
598700
603200
605900
608200
610300
613000
615000
618400
622500
662100
664600
667000
668900
670900
673300
675300
677500
679800
681700
683700
685900
688500
723900
727400
732900
775500
782600
789800
794300
798500
803200
808900
885900
888700
891900
895500
939300
983100
988200
# OFFOEL
# duration (msec): 1000
# repetition number: 45
5100
7000
35200
40600
43600
46900
53100
55800
60600
134100
138000
140500
143000
145700
147900
152200
186900
192400
213200
221100
225600
229100
233800
239300
296200
300300
303900
305900
307700
309500
312100
314800
318000
342800
346200
350100
353100
355500
357600
359900
362400
374900
389800
426800
430900
433000
436100
438900
441600
479700
497700
507500
510100
512600
517000
523200
528500
554900
564000
601700
604300
606900
609700
611500
614900
618400
621300
624700
662600
665100
667100
669800
672100
674500
676600
679000
681000
683200
685400
688000
692700
719900
723200
727100
730800
786500
794200
797900
801800
806000
810800
814600
885700
889000
891800
895100
939300
983500
987100
993000
# OFFOEL
# duration (msec): 1000
# repetition number: 46
5000
7800
17500
35300
42900
46200
50400
54600
65500
96300
133300
138300
140500
142800
145400
148200
150800
181800
188400
193800
211600
221200
224600
227700
232100
235100
238500
298600
301700
304300
306300
308300
310200
312800
316500
320700
343600
347800
350900
353200
355600
358600
361200
364400
376000
383800
386800
425800
431500
434900
437100
439500
442800
445200
489000
496100
501600
506400
510400
516600
519300
556500
567800
600900
604100
607100
609500
611500
614200
616500
618900
622500
662500
665100
667000
669100
671000
673200
675800
677900
680500
682600
684600
687200
723800
727200
788300
793200
798500
802500
806900
810200
886600
891500
894300
941800
979000
986500
# OFFOEL
# duration (msec): 1000
# repetition number: 47
5200
7500
21100
31700
36100
41900
47100
52200
56700
131700
136800
139400
141900
144900
147200
150000
186200
193700
220700
225100
228400
233300
239500
296700
300800
302800
305300
307500
310200
313000
315600
318300
344100
348100
351700
354600
356800
360000
362800
367600
387000
427700
430700
434400
437400
440200
444100
447900
485300
499900
505000
510600
513800
517900
521400
560100
565500
600400
603200
605800
608100
610300
613300
615300
618200
622000
663100
665400
667700
669900
672400
674300
676200
678200
680800
683400
685600
688200
721100
726600
729900
780600
792400
798500
801300
805900
809800
883900
888500
892600
895600
940800
987000
994000
# OFFOEL
# duration (msec): 1000
# repetition number: 48
5300
9500
12500
25400
33200
39800
44200
48800
52700
57300
132700
137300
139900
142000
144300
146600
149600
179200
184600
188900
194200
221200
224200
227000
228900
232300
235400
297300
301100
303600
306200
309200
311900
314000
317200
342900
347400
350200
352600
355100
358400
362200
367300
381800
388400
425200
429100
433000
436300
439000
442500
445100
488100
498100
503500
507100
511300
514300
517600
522800
561200
569000
602500
605000
607800
610400
613100
615900
619500
626700
663400
666300
668700
670800
672800
674800
677500
679800
682000
684100
686800
691100
722800
726100
735600
785900
793200
797400
803600
806000
812400
886400
890400
893600
985400
996100
# OFFOEL
# duration (msec): 1000
# repetition number: 49
5100
8700
27300
34800
40600
43800
49800
53600
57500
62000
130400
135700
137600
139700
143000
146100
149300
151500
182400
188500
193200
212900
222500
225900
229000
232100
236600
297700
301200
304100
306700
308800
311600
314500
316600
319100
341300
346100
350600
352600
355500
358800
361200
364100
370500
388600
426200
429700
432700
435400
438700
441700
445000
449900
495800
502100
505500
508600
513900
518700
551700
560400
567200
602200
605100
607600
610200
612800
614800
617500
621200
660800
664800
667100
669400
671500
673500
675700
678400
681200
684000
686300
690300
718200
724500
730300
775600
791300
798500
801400
807900
811700
887000
890100
893500
944800
985000
988200
# OFFOEL
# duration (msec): 1000
# repetition number: 50
5000
7500
22800
32600
40500
42800
47600
53600
57200
61300
95400
131600
136300
138700
141100
143500
146300
148700
151300
155500
184600
189500
192800
211100
217700
221700
226400
230400
234400
293400
298700
301400
303100
305000
307500
309700
312500
315400
341500
346300
348500
350900
353500
356700
360400
362900
365200
370900
379500
388800
425800
430100
433400
435900
439200
442200
450100
466000
484300
493200
501100
507100
510700
512800
515600
519300
562900
572200
598200
602400
605100
607400
609800
611900
614000
616500
619100
621400
662200
664500
666300
668100
670200
672300
674500
676300
678700
681000
683600
685800
687900
722500
727000
792700
797700
801100
804300
810600
814300
887200
890200
893500
896300
900600
940300
984900
989800
# OFFOEL
# duration (msec): 1000
# repetition number: 51
5300
7300
21700
33400
41000
44200
48200
52800
57000
133200
137300
139800
141600
144300
147300
151000
181300
187600
193400
216700
220500
226100
228600
232900
238800
297100
300300
303300
305900
308200
310700
314600
345500
349600
352100
354600
356700
359300
362600
365600
371800
386700
429900
432600
436000
440400
449600
493200
505500
509000
512100
515800
519000
522100
559200
568200
601300
605600
607900
610400
613600
616700
620100
662700
665600
667500
669600
671400
673300
676100
678200
680500
683000
685400
688700
725900
730100
781300
791100
799400
803600
807500
811900
886600
890100
894800
940400
985900
989700
# OFFOEL
# duration (msec): 1000
# repetition number: 52
5200
7000
20900
32700
39300
47200
52000
56900
133800
137500
140800
143300
145700
147900
150000
183100
188200
194200
210500
217000
222000
225600
229000
233100
238200
297800
301000
304200
306200
308400
310800
313300
316600
319800
345300
348700
350900
353700
356200
359600
362300
366200
372400
385800
398200
426000
429900
432900
435700
438800
441600
445500
448600
491900
502800
506800
510400
514100
517000
520000
559300
566600
601300
605800
608100
610300
612900
616000
619300
662000
664900
667300
669500
671300
673400
675800
678600
682100
684500
686900
690000
720300
724200
728800
783800
792400
797700
801900
805500
808500
823300
884800
889700
892300
897000
940100
982300
989600
# OFFOEL
# duration (msec): 1000
# repetition number: 53
5100
7200
16800
30600
38700
44200
51700
56300
60000
132500
138300
141100
143500
146000
149200
151500
179500
187600
192200
214700
218900
226100
229300
231900
236200
249000
296100
300100
302300
304300
306400
308500
311600
313900
318000
323600
343200
347100
350100
352100
354700
357400
359900
362400
367800
383500
387400
398500
426800
430200
432800
436500
439100
442600
446200
472000
485800
499300
503000
507000
510300
514000
517200
520300
524000
559000
567300
599300
603500
605700
608200
610600
612800
615100
617800
620000
661300
664600
666800
669200
671200
673600
675800
677800
679900
682300
684900
687300
693400
717400
723900
726900
733300
777300
794300
796900
801100
804700
807800
813000
886800
890600
892900
896000
937600
983000
986300
990300
2504300
# OFFOEL
# duration (msec): 1000
# repetition number: 54
5000
7800
26000
34400
39100
44600
47800
53000
55800
61000
95200
132400
135600
138600
140500
142900
144900
147000
150900
157800
175100
186100
189900
194300
212800
217800
223000
226800
230600
233500
238200
291000
297600
300400
303400
306200
309400
311700
314100
316500
319100
341700
345400
348100
350900
353000
355100
357700
359900
363800
372900
390600
395300
421300
428500
432400
434700
437100
439800
442500
447000
456200
480600
488400
495700
502300
505800
510800
513500
516100
518700
525200
555700
561200
600200
604200
606900
609000
611300
613500
616100
619300
623400
661900
664100
666800
668800
670700
672900
675000
677000
679100
681300
683400
685800
688300
691700
717000
724300
727200
733300
771600
788700
794600
799000
803500
806400
810600
813800
884500
888700
891000
893800
936200
943600
982300
986900
992000
2267900
# OFFOEL
# duration (msec): 1000
# repetition number: 55
5400
7400
14800
27400
40000
46400
49900
54800
130200
135800
139300
142200
145700
148200
150300
152600
181600
185900
192800
196900
216900
222400
224700
227200
229800
232100
236500
295200
299300
301700
305400
307800
310200
312300
314500
317300
320900
341300
344300
348000
351100
353000
355100
357200
359700
363400
367400
370300
385600
393000
426400
430300
433300
436300
439300
441600
445400
449600
481900
495600
502300
505400
508300
510700
514900
517800
523500
556900
562500
566000
599200
603300
606000
608400
610500
612600
614600
617500
620600
661700
665000
667000
669200
671600
673700
675600
677600
679600
681900
683900
686200
688400
692300
720300
726000
732300
783700
792900
798100
803800
809200
813400
885900
890000
893100
896200
940500
984100
989800
# OFFOEL
# duration (msec): 1000
# repetition number: 56
4700
9000
33600
41100
45400
49800
55300
131800
135100
138100
141100
144100
146800
148800
153200
184800
188500
192900
201800
217500
222500
226100
229400
232800
236100
296000
298300
302100
304400
306600
309100
311900
316300
321100
341800
346300
348600
351800
354800
357000
359300
362200
364900
367700
373100
385100
392700
425200
430100
432700
435100
437800
441100
444800
449300
485000
501800
506400
511500
515000
519200
524700
558000
565300
599400
603400
606000
609000
611500
615000
617500
621100
662200
664300
666200
668400
670400
672300
674500
676500
679100
681400
683700
686100
688600
721100
725200
730000
735000
784300
791500
797000
801100
803600
807300
810700
819600
857000
885900
890400
893400
895800
939300
984100
987500
992600
# OFFOEL
# duration (msec): 1000
# repetition number: 57
5200
7600
13600
19000
34300
41100
46900
50500
56100
59800
134300
137300
140700
143200
145300
147700
151900
155300
178800
184900
189900
211200
218600
223400
226100
230100
232600
236900
297600
300800
303500
305600
307700
309800
312300
314800
318500
343200
346600
349100
351700
354100
356200
359200
362300
365600
375900
389500
423600
428900
431400
433700
437700
440600
443500
450700
485100
495900
503200
505900
510100
513700
519600
524600
557300
565300
597800
602600
605500
607800
609800
611800
613900
616400
619200
624800
661100
664600
666700
668700
670900
673000
675000
677200
679500
681700
684200
686900
719100
723800
727600
736800
775100
785700
793000
797800
800300
804100
807300
811100
815100
882800
889300
891700
893600
940100
986600
992600
# OFFOEL
# duration (msec): 1000
# repetition number: 58
5300
11800
18400
27900
36600
40700
45200
49900
53700
61000
105000
133000
135800
138700
141000
142800
145000
147200
150200
178600
183300
186900
191800
194700
202800
217800
223000
226500
229900
233100
236900
245600
297000
300500
302700
305600
307900
310200
312800
316500
319100
344900
348400
350500
353300
356600
359200
362100
366600
372100
377500
388500
393600
428800
431800
435400
438100
441600
445100
449200
481700
499000
504200
510400
514200
518500
524100
557800
566100
598700
602800
605500
608200
610500
612900
615200
618300
621400
658300
664300
666900
668700
670700
672600
674600
677500
680000
682000
684100
686400
692700
718300
723900
727500
733100
790000
795300
798800
803300
807100
811100
887200
891300
893500
895900
938900
985600
989500
1542700
# OFFOEL
# duration (msec): 1000
# repetition number: 59
5300
7300
30800
37300
43600
49400
52900
56100
60500
131800
137300
140200
143700
145700
148800
151800
157200
185500
188900
194200
202100
214700
221600
224700
228200
232600
235400
240900
298000
300600
303600
305900
308200
311000
313700
317300
320800
342400
345200
348000
350500
353200
355600
358000
361500
365000
368300
374500
379400
386600
423800
428400
430700
433700
436900
440200
442900
446200
477900
485900
499200
504900
508700
512200
516100
519000
525500
559700
569700
599500
602900
606800
609300
611400
614100
616400
619900
661800
664300
666400
668400
670700
672600
674900
677300
679300
681300
683600
686000
688600
722000
727400
731300
779000
793300
799600
804700
809000
813500
886700
890100
894000
899600
944700
982400
988100
# OFFOEL
# duration (msec): 1000
# repetition number: 60
5100
7400
13100
31800
39400
43200
46100
51200
55500
120100
133900
137100
139100
141500
144200
147200
149600
153400
179600
184800
189900
197200
215900
221400
224600
228500
231800
236200
241500
296700
300500
303200
305300
307600
309900
312200
314600
317100
344000
348500
350500
353100
355200
357300
359700
362000
370600
381100
385600
396700
426300
430100
433100
436100
438100
441200
446100
479900
491900
497900
502000
506400
511100
513900
517200
519500
558200
564700
600400
604100
606900
609500
611900
614000
616400
619400
627000
661800
664600
667400
669300
671600
673800
676800
679300
681400
683800
686200
690700
721400
725200
732500
776100
783700
795100
797700
800300
804700
808000
811200
882900
888300
890900
896200
936600
945400
984000
988300
992100
# OFFOEL
# duration (msec): 1000
# repetition number: 61
5300
10200
26500
36200
40800
46000
52500
57500
63800
132700
137100
139600
141700
144000
147300
150100
156900
183900
191800
209400
221300
225300
228100
231100
235000
239800
296400
299700
302900
305800
308100
311000
313900
316300
344000
347800
351200
354600
357700
360400
364500
370200
380900
395500
426500
431600
434700
436900
439700
444100
449100
482700
497500
505500
510600
513700
517200
523000
558300
567200
598500
603300
606100
608800
611200
613400
616000
618800
621900
660400
664000
666700
668800
671100
673100
674900
677100
679200
681200
683500
685800
690500
721700
726200
730300
784200
793400
798100
801500
804800
808100
812000
817500
884700
889300
893800
899300
937500
980600
985800
989900
# OFFOEL
# duration (msec): 1000
# repetition number: 62
4900
7500
18200
27400
36400
42000
47500
53100
57600
132800
136500
140100
142500
145000
147200
150400
183500
187400
190600
197200
214600
221200
226000
228600
232000
239800
293900
299900
303600
306400
308500
311000
314500
317100
343200
347500
350400
352500
355800
359700
363100
367300
382700
387900
429300
432300
435100
438100
441300
444700
451000
479600
501300
506900
511500
515000
519500
523700
558100
567600
601300
604700
607700
609700
612600
615300
618800
623200
662400
665000
667600
669500
671600
673800
676100
679000
682000
684200
686500
719300
724500
729800
784000
791400
797900
802900
808000
814700
886900
891200
893900
898500
936700
944800
984600
989300
# OFFOEL
# duration (msec): 1000
# repetition number: 63
5000
7600
27000
38900
44400
50600
56000
62200
131200
134800
137300
140100
142200
144800
148800
152200
178600
187400
194400
201600
215500
221000
224400
227700
230100
232700
237900
245600
296900
300100
302800
305000
308000
310200
313100
315300
319200
324300
342400
346500
350300
353000
355300
357900
359800
362100
367000
374000
387500
395500
426100
430400
433100
435900
438100
442700
447100
474900
490500
498000
504900
508100
511500
515200
520200
524200
557200
562600
600000
603800
606300
609200
612100
615500
619000
622200
661200
665000
666900
668900
670900
672900
675300
677400
679600
681900
683900
686700
718700
722900
727800
777200
789200
795100
799200
802700
808500
811600
818000
846500
883900
888600
893100
898400
940500
983200
991200
# OFFOEL
# duration (msec): 1000
# repetition number: 64
5900
10100
16100
28000
36900
41600
46200
51700
59200
133400
137200
140100
143100
145600
149400
151800
180400
186400
191700
214700
219300
223200
225800
229500
233000
237400
244400
296300
299900
302300
304500
307100
310000
312600
315800
318600
324600
337100
343200
347600
351000
354000
356800
360000
362900
368300
379100
385800
426200
430100
433000
436000
439000
441400
443600
447400
478100
486300
499300
506600
509700
514700
518100
521000
555100
561200
564300
572700
598300
602200
606100
608500
611200
614700
617800
620800
662200
665100
666900
668800
670900
673100
675500
677700
679800
682200
684800
687900
718200
723400
727800
735500
773400
785900
791300
797600
801600
804500
809000
814600
883600
889400
892700
896300
936500
983300
987500
992600
# OFFOEL
# duration (msec): 1000
# repetition number: 65
5300
9600
27200
39000
43700
47500
51800
55500
61000
130800
134700
138400
140800
143600
146900
149400
152400
183900
188900
195000
217300
221100
226000
228900
231300
234900
241400
296300
300500
303200
306000
308900
311200
313600
316100
319900
336900
343300
348100
350400
352600
354600
357100
359300
362700
365500
369400
386100
395300
425000
430300
433400
436000
439200
443300
446300
450800
472500
484600
499900
504700
508600
512800
515900
519100
525200
558200
564500
569200
600600
604000
606200
608200
610500
613400
616200
618400
620600
657600
662800
665500
667800
669700
671600
673600
675700
678700
681100
683300
685500
688000
695500
720100
723900
726500
731600
736400
774100
789300
792600
796100
801100
804600
809300
814500
853200
883900
887700
891800
895400
900000
937900
943700
982300
986400
991000
2679000
# OFFOEL
# duration (msec): 1000
# repetition number: 66
5600
11500
19800
34000
43100
47500
51700
55000
131000
137100
140500
143400
146000
148800
152800
185100
191800
197700
217200
222500
227000
231100
235200
247300
297300
301100
304200
306900
309600
312200
317100
338800
343900
347100
350000
352000
355500
359700
362100
366200
371700
384900
393000
429400
432300
437100
439800
444000
448900
472600
481700
491700
500000
505000
510100
513900
517400
525100
558800
564800
570300
599900
603300
606600
609600
612100
616000
619700
622900
661900
665400
667400
669800
672000
674400
676300
678600
680800
683000
685400
687800
693200
721100
725300
730400
734800
777900
791800
796500
799800
802400
805400
810100
813700
886000
889900
893000
896900
900200
940100
944800
982800
987700
1619600
# OFFOEL
# duration (msec): 1000
# repetition number: 67
4900
8300
17300
34100
39800
44100
47900
52800
59800
93700
131800
135900
139500
142100
145600
147700
149800
156100
178200
186600
195600
216700
222600
226200
228800
232300
236600
243800
295000
300200
303800
306500
308900
311800
314100
316500
342800
347400
350600
354700
357000
359600
362500
365400
371000
377500
384700
392900
400500
426200
430500
433700
436600
439700
444000
447800
473500
484800
498000
501500
505500
507900
512200
514700
517600
523700
553900
561500
568900
599300
603000
606300
608700
612100
614500
617000
620800
658200
663600
665800
668400
670700
673100
675300
677400
679500
681900
684600
686700
691400
718100
724100
728500
733400
777000
787100
792100
798500
802300
807300
811500
815800
852600
883100
889100
892200
894600
898300
938100
943400
984800
990500
996300
# OFFOEL
# duration (msec): 1000
# repetition number: 68
5300
7200
12900
37900
43500
47100
49300
103900
133900
138700
142500
145900
149100
156200
185900
192700
199300
212700
224600
227400
230200
233600
244300
291800
296500
301100
303500
306500
308700
311900
314700
318400
342700
347500
349900
352900
355400
358100
360800
365700
370700
375700
389000
393600
423800
429300
432300
436200
439300
443000
448000
476600
485900
495600
501800
506800
509500
512500
515100
520400
527900
556000
561500
569800
581400
599500
603200
606100
608900
611000
614000
617500
620100
627200
659900
663700
666100
668400
670300
672400
674400
676600
679200
681400
683700
685900
688500
693100
719400
723200
726500
732600
769300
779900
788900
795200
798700
802900
808400
812200
817700
842500
885500
889200
893600
897300
935100
940100
980700
987600
993400
# OFFOEL
# duration (msec): 1000
# repetition number: 69
5800
9700
32700
36800
42500
48300
52100
57000
60100
100200
129000
134800
139100
141400
143500
145500
148900
153800
180700
186800
193700
201400
217200
223600
227000
229900
232800
236300
294800
300700
303900
306500
308800
311500
314800
318600
339600
344800
349300
352300
354700
357500
360500
365000
372000
379400
390000
398400
412700
425600
429300
432800
436900
440400
444600
448800
454300
476600
484600
494700
502500
507400
511400
514600
519200
521900
527800
558800
564900
600500
604100
607600
609900
612100
615500
618500
621800
624900
659600
664100
666800
668900
670800
673200
675600
678800
681200
683400
686500
691300
720700
724300
728700
738800
763300
770900
789400
796000
802000
805400
808400
816000
851100
883300
889400
892600
896300
940200
984900
990800
